-2.380952 6.000028 18.000000
-2.930235 6.778042 18.003353
-3.019115 7.525947 17.420457
-3.617154 7.674759 18.146566
-3.295321 8.304848 17.509038
-4.109687 8.170136 17.033969
-4.411391 8.805896 16.392241
-4.363690 9.747039 16.530096
-5.062472 9.254476 16.949753
-4.908193 9.971040 16.341672
-5.703807 9.869095 16.855127
-5.547125 10.587721 16.250100
-6.199372 9.953925 15.967426
-6.767314 10.497498 15.429837
-6.106469 11.182687 15.458626
-5.298610 10.779147 15.761197
-5.321095 10.074253 16.401235
-4.570985 9.709694 16.861084
-5.065850 8.947208 16.576917
-4.710815 8.620791 17.398154
-5.344047 9.054661 16.834413
-4.434653 9.320356 16.737261
-5.158071 8.701330 16.759692
-5.073595 9.630623 16.950245
-5.612174 10.207351 16.417004
-5.413232 9.298343 16.619869
-6.220616 9.729686 16.356992
-5.754146 9.002490 15.956216
-5.463102 9.570191 15.249082
-5.485354 8.967827 14.511728
-5.119220 9.799450 14.796995
-5.637679 9.296054 14.176655
-5.892087 8.714374 13.466757
-5.706975 8.996492 14.357360
-4.800511 8.728236 14.241642
-5.053524 8.138871 13.537609
-5.980361 8.279763 13.705393
-6.381030 7.920533 14.491172
-6.632451 8.559774 15.150860
-7.527416 8.884948 15.168994
-8.096866 9.312929 15.801125
-7.422155 8.826258 16.264749
-7.594822 8.032002 16.761108
-7.934122 7.703170 15.934200
-7.920249 7.255145 15.093897
-7.613223 7.898810 15.725133
-7.922320 7.047864 15.429536
-8.413969 7.706710 15.910402
-8.629382 8.408398 15.303556
-8.002195 7.761844 15.612805
-8.316604 7.133402 14.969970
-7.421356 7.435293 15.090066
-8.098720 7.553329 14.431070
-7.430431 7.603227 13.754365
-7.395345 7.567436 12.803304
-6.745690 7.279847 12.169056
-7.413225 6.834071 11.656503
-7.863736 7.620709 11.364490
-7.942158 8.271915 12.055004
-8.182013 8.978326 12.647021
-7.669721 8.242776 12.325223
-8.419707 7.657622 12.371554
-8.046508 6.985578 12.933790
-7.377991 6.522310 12.438313
-6.775161 6.823440 13.111327
-6.784194 6.149599 13.784294
-6.762481 5.216470 13.595010
-6.115850 5.614824 14.169650
-5.892660 5.745212 13.253018
-6.187873 5.616621 12.356724
-6.873761 6.257055 12.519301
-6.789521 5.477253 13.059524
-6.390379 4.782007 12.545376
-7.073311 5.438700 12.642261
-6.487175 5.849076 12.013719
-7.136861 5.238601 12.348768
-7.520555 4.675223 11.683627
-7.348980 5.603897 11.806734
-7.779788 4.757229 11.739006
-8.468670 4.111403 11.863026
-8.545681 4.459268 12.746252
-7.874804 5.056138 13.063583
-7.022171 5.428259 12.859687
-7.551142 5.432028 13.651650
-7.943665 4.747009 14.184289
-7.082686 4.880833 13.799794
-7.318777 4.845302 14.721764
-6.797559 5.390994 15.302782
-7.095170 4.727490 14.687786
-6.160802 4.894907 14.610611
-5.679987 4.181430 15.019021
-5.316732 3.985529 14.160710
-5.305549 4.065792 15.109636
-4.599239 3.703674 15.635970
-5.283719 4.224867 16.044473
-4.754623 3.608353 15.547484
-5.039898 2.758752 15.225264
-4.759087 3.503748 15.747909
-4.537108 4.011026 14.973038
-4.441410 4.185167 15.904459
-5.062090 4.873208 15.684491
-4.637260 5.444984 16.316647
-4.971190 4.967592 17.070050
-4.166127 4.624879 16.693953
-4.937961 4.466085 17.228824
-5.079688 4.583469 18.163256
-4.302139 4.045081 18.275444
-4.819317 4.843253 18.325220
-5.343477 5.585529 18.040067
-6.127470 6.047329 18.321362
-6.989162 5.850723 18.676133
-6.484601 5.076628 18.906834
-5.904389 4.770207 19.597116
-5.827926 5.674766 19.885134
-6.378050 5.229800 19.247641
-5.778565 5.548610 19.915479
-5.581130 6.374421 20.346855
-5.111926 5.548597 20.276915
-4.884180 6.111239 19.543025
-3.952129 6.029103 19.720684
-3.283568 6.555212 19.292590
-4.166764 6.907384 19.238095
-3.919745 6.328083 18.523658
-3.238195 5.664865 18.472072
-3.145508 5.625894 19.419131
-2.918600 5.887296 18.531882
-3.326021 6.725013 18.730041
-3.017136 7.495538 18.263231
-3.457315 7.141050 19.029789
-2.962415 6.596348 18.425303
-3.296318 5.798319 18.026946
-3.778225 5.205031 17.458787
-3.048550 4.822850 17.936848
-3.362776 4.555403 18.795197
-3.695082 4.304699 19.651790
-3.442793 5.212678 19.789468
-4.012008 4.504692 20.075443
-4.525523 3.703178 20.105541
-5.356362 3.777249 19.645921
-4.961220 4.206029 18.892901
-4.659658 4.763635 18.182150
-5.437292 4.736843 17.632972
-5.515350 5.306221 18.392410
-5.589510 5.129210 19.325253
-5.872179 5.817758 18.731092
-6.688455 5.626028 19.182713
-6.146285 6.355442 18.898047
-5.708258 6.540276 18.072821
-6.508037 7.054723 18.125046
-7.157032 6.381616 18.306044
-6.310220 6.168043 17.926144
-5.490913 5.698709 17.801682
-5.253083 4.776950 17.830453
-4.525493 5.279486 18.184149
-3.844265 4.851161 17.674743
-4.370018 4.084729 17.466910
-3.976197 3.337617 17.026729
-3.541305 3.999666 16.497967
-4.286445 4.436866 16.898780
-4.101390 4.399620 15.965293
-4.468939 3.786789 15.335710
-4.939310 3.930613 14.520177
-5.548851 4.523750 14.948754
-6.081537 5.074164 15.514723
-6.618039 4.482303 16.033274
-6.636691 3.842849 16.738810
-7.075005 3.515896 15.959057
-7.677840 4.017568 16.499377
-8.172503 4.023204 15.685555
-7.839723 3.368650 16.292059
-7.239851 3.767550 16.915005
-7.186430 3.034813 17.521034
-6.420351 3.281031 18.030473
-6.928199 4.044372 18.288214
-7.202110 3.762655 19.155760
-7.723004 4.467779 19.527916
-7.022884 3.828814 19.620570
-7.620175 4.143504 18.948825
-7.393810 4.831864 18.330804
-6.988088 3.977975 18.446100
-7.227744 3.331538 17.789051
-6.594942 3.110150 18.465496
-6.455683 3.795207 17.818710
-7.127535 3.705104 17.149736
-6.925814 4.324457 17.844530
-7.681890 4.042128 18.350168
-7.953376 3.162876 18.104727
-7.629741 2.457095 18.656237
-8.128633 3.197298 18.988254
-8.339303 3.592484 19.828776
-7.912425 3.451855 18.989116
-7.317168 4.171635 19.175169
-6.730606 4.697888 18.640348
-7.310357 5.263516 18.139367
-6.496511 4.777052 18.049714
-7.423354 4.674440 18.243269
-7.560340 3.842374 18.685910
-7.215322 3.262618 18.013694
-7.134790 2.527637 17.413405
-6.187142 2.457850 17.477591
-6.840865 2.150484 18.098238
-7.310242 2.351319 17.294262
-6.974137 2.482787 16.412910
-6.647927 1.684566 16.817211
-7.318226 1.687322 17.493762
-6.705132 2.415247 17.458106
-7.112429 1.820371 16.835802
-7.797014 2.254581 16.335968
-7.423460 1.595549 16.913171
-7.182563 1.704227 15.998191
-6.572958 1.733108 15.267044
-7.071798 1.164938 15.846157
-6.578955 1.169066 15.031223
-6.000295 1.409431 15.748445
-5.257145 1.927662 16.042031
-4.507975 1.963189 16.628984
-5.063913 2.585904 17.087447
-4.286284 2.210274 17.488974
-4.808436 1.787910 16.813700
-5.557708 2.083190 17.322063
-5.695654 1.795636 18.219455
-5.075479 2.406628 17.833319
-4.854207 2.786349 16.988405
-5.596445 2.288282 17.317102
-5.468689 3.025389 16.727711
-5.620033 2.129652 17.013687
-6.014658 2.759811 17.608834
-5.215488 2.329198 17.896808
-5.532171 3.223465 17.812968
-5.612564 2.828563 16.950054
-5.963801 2.115740 16.425129
-5.284742 1.692462 15.908657
-5.979400 2.316290 15.720728
-6.117606 3.148413 15.278575
-5.717640 3.329278 14.433386
-5.369503 4.173606 14.163310
-4.831695 4.909483 13.887126
-4.323258 4.489059 14.573978
-3.966707 3.666409 14.895141
-4.783443 3.489811 14.438211
-5.087230 3.039432 13.655970
-5.237195 3.370722 14.536190
-5.906441 3.800925 15.059702
-6.756153 3.528473 15.392551
-6.806485 2.668509 15.798699
-7.567144 3.089170 15.409505
-7.936870 2.724632 14.611103
-8.299188 1.916304 14.261303
-7.938007 1.542338 13.463350
-8.194453 0.660521 13.715668
-7.495029 1.299967 13.621095
-6.766179 1.912453 13.595241
-6.689464 1.578280 14.483764
-5.915103 1.768129 15.004679
-6.754993 2.189557 15.159634
-7.468387 2.819580 15.193848
-7.042454 3.665975 15.289901
-6.584188 4.352511 14.814832
-7.191198 4.757600 15.426772
-7.116678 4.115300 16.126005
-6.641010 3.597871 15.483325
-7.423500 3.511027 16.019233
-7.030909 4.035390 16.710569
-7.721940 3.384830 16.631339
-7.182149 2.915688 16.002403
-7.367443 2.255930 16.663777
-7.948970 1.899017 17.328208
-7.894985 2.666756 17.889182
-8.296173 2.860167 17.047357
-8.414604 2.244104 16.330789
-7.604535 2.744477 16.309700
-7.108187 3.539380 16.140000
-7.149507 4.164569 15.422740
-6.911223 4.028657 14.510722
-6.362487 4.288228 13.776869
-6.726299 5.142920 13.566700
-6.083390 5.428859 12.924876
-5.163803 5.182973 12.894416
-6.087187 5.095132 12.678371
-6.265436 5.304814 13.590122
-6.061262 6.234990 13.600829
-6.251232 7.026458 14.095318
-6.730347 7.791125 14.399890
-6.422346 8.204926 15.200474
-6.670085 9.063990 15.528591
-6.259141 9.092922 16.387264
-6.846666 9.065000 15.638221
-6.443298 9.853947 15.289098
-6.985401 10.198939 14.586151
-6.958865 10.965870 15.150192
-6.102423 11.379050 15.203286
-6.747958 10.709341 15.407743
-6.234870 11.463710 15.134435
-7.115561 11.699866 14.859404
-7.687331 11.241504 15.467691
-8.592878 11.394457 15.215462
-8.103115 10.999045 14.500752
-7.231900 10.898805 14.872188
-6.553326 10.360820 14.475780
-7.388303 10.742220 14.729503
-6.849768 9.962950 14.828224
-7.583720 9.908470 14.223762
-7.176799 10.549519 13.648869
-6.836912 9.795647 13.176446
-7.634674 10.059771 13.624602
-8.470670 9.748084 13.291450
-7.812905 10.380947 13.019680
-8.152831 9.915442 13.777826
-7.240533 10.045228 13.537207
-6.651434 10.676616 13.938879
-6.894099 10.034935 14.599476
-6.193589 9.498974 14.958725
-6.620935 8.647885 14.951561
-6.389078 8.055388 15.660235
-6.338851 7.184410 16.042210
-7.098970 6.910988 16.546680
-7.651699 6.474687 15.905462
-7.023648 6.054649 15.325679
-7.755207 5.907349 15.917417
-8.055329 6.585447 15.319807
-7.363935 6.081748 15.738485
-6.769558 5.350878 15.878394
-6.440841 5.803447 15.107579
-6.147685 5.224021 15.804253
-6.851114 5.784163 16.118032
-7.497214 5.360990 16.675267
-8.227190 4.831352 16.981286
-7.927322 4.699285 16.087046
-8.524261 5.318828 16.495530
-7.790329 5.269898 15.890568
-7.331903 5.294785 15.056148
-8.133218 5.067862 15.518132
-7.942075 5.783874 14.919951
-8.045874 6.455631 14.252870
-8.042427 6.649350 15.185334
-7.182923 6.309714 14.955267
-6.465713 6.099056 15.545404
-6.188789 6.766572 14.925110
-5.965812 6.376886 14.085196
-5.827176 5.562750 14.559530
-5.139239 6.101157 14.938861
-5.750109 5.658351 15.520060
-5.041522 6.276325 15.368258
-4.712724 6.636209 14.550087
-4.966528 6.624343 13.632224
-4.256247 6.048067 13.897620
-4.391224 6.861570 14.374087
-3.969197 6.253664 14.973563
-3.673368 5.351405 15.047340
-4.350068 6.021538 15.052620
-3.560350 5.866270 15.561803
-3.627549 6.089183 16.485288
-4.165454 6.602830 15.890431
-3.670544 6.036657 16.474848
-3.792052 6.375532 17.356567
-2.879190 6.115970 17.276948
-3.539794 5.710628 16.723479
-4.294335 6.062936 16.261336
-3.744184 6.838761 16.310912
-3.480679 6.309419 17.057498
-4.390311 6.291818 17.339079
-4.899908 7.071625 17.140979
-5.512861 6.989933 17.865303
-4.620290 7.075629 17.544359
-4.705459 7.667498 16.803099
-4.244969 7.169005 16.134907
-4.426961 6.267292 16.381530
-5.149441 5.969564 16.925966
-5.469507 5.149109 17.288512
-4.795947 5.748172 17.595872
-5.656870 5.497708 17.916975
-6.220669 5.970426 18.521706
-6.710170 5.245659 18.898708
-7.209421 4.653392 18.344633
-6.484721 4.214291 17.909857
-7.045092 3.906914 18.615926
-6.644562 3.467252 17.872082
-6.806997 4.113809 17.191928
-7.035559 4.860627 16.646904
-6.445571 4.623275 17.355852
-5.683423 4.248171 17.786498
-5.023858 4.097459 18.456789
-4.579915 4.126548 17.614710
-4.124989 4.953650 17.488330
-4.519145 4.408080 16.814518
-5.186979 4.449046 16.136766
-4.458631 4.645812 15.555540
-3.583075 4.275264 15.611440
-4.311511 3.666899 15.532048
-3.979004 3.214539 16.301357
-3.862161 3.942925 15.699003
-4.509141 3.256583 15.830835
-4.227854 4.161492 15.925938
-4.135535 3.279325 15.579116
-3.923290 4.190670 15.756407
-3.543388 4.782408 16.398707
-3.308334 5.534511 15.863805
-3.880848 6.162350 15.433601
-4.590930 5.625422 15.772011
-4.697377 5.061199 16.531848
-4.355773 5.695044 17.155207
-4.938424 5.111539 17.631726
-4.553555 4.688527 16.870170
-3.951811 5.361272 16.566283
-3.322324 5.875306 16.069751
-4.188600 5.614234 15.772370
-3.398651 5.615923 16.304354
-4.244940 5.710539 16.730820
-3.500612 5.801897 16.143742
-3.997659 5.042380 15.855455
-4.237189 5.682788 16.518429
-4.626008 4.832381 16.337715
-3.837649 5.358906 16.428770
-4.490279 5.289847 15.738601
-4.895073 4.428566 15.701642
-4.571130 4.990801 15.004518
-5.178830 5.334757 15.652149
-5.677638 6.116130 15.870497
-5.059424 6.751338 15.522143
-4.330149 7.034182 16.065454
-4.246927 6.303260 15.460593
-3.802060 5.634317 15.972099
-4.269966 5.051448 16.562317
-4.134506 5.583010 15.783779
-3.750595 5.042294 15.100209
-4.043240 4.219484 14.720245
-4.284084 4.862423 14.060205
-4.976952 4.573616 14.646339
-5.375228 3.756552 14.930615
-5.427513 3.788250 15.881031
-5.374134 3.470810 14.984699
-4.451352 3.273433 15.113325
-5.064346 4.001430 15.077412
-5.101737 4.633054 14.365596
-5.457189 4.568208 15.246776
-6.296567 4.759851 15.653896
-5.419387 4.715373 15.285648
-5.677297 4.021142 14.686853
-5.167458 3.477710 15.279959
-5.619250 2.644780 15.184345
-5.943074 3.516860 14.980275
-5.250244 3.120794 15.500032
-4.825672 2.363678 15.891879
-5.397055 2.520962 15.146350
-6.206228 2.501440 14.644465
-5.998847 3.413079 14.462981
-6.635705 3.892097 14.984501
-6.909204 3.022043 15.258790
-7.244982 3.792547 15.706680
-8.158829 3.720135 15.448473
-8.134419 4.447875 14.834610
-8.881131 3.967395 15.178978
-9.296397 3.111803 15.128528
-8.780072 3.773297 14.678124
-8.968311 3.586685 13.763371
-8.670733 4.251896 13.150207
-7.839224 4.691438 13.299953
-8.532473 5.073224 12.770168
-9.122834 5.377996 13.452529
-9.652683 6.152330 13.289130
-9.872222 6.983534 12.879337
-9.665140 6.266747 13.471251
-10.347270 6.343430 14.131440
-10.536149 7.145550 14.608890
-10.149721 6.525105 15.219424
-9.505520 5.848414 15.034696
-9.903460 6.137956 14.219319
-9.084265 6.504912 13.901056
-9.067605 7.200692 14.551166
-8.329775 7.203306 13.948977
-8.009157 6.532752 14.544452
-7.533084 6.004616 15.178058
-6.593637 6.150598 15.121864
-6.118285 6.508138 14.378067
-5.702469 6.458404 15.233433
-6.333398 6.166219 14.582599
-7.073091 5.890320 15.115293
-7.774710 6.386987 15.525272
-8.238530 5.934397 14.827373
-8.134537 6.208330 13.921186
-8.844709 5.724822 13.510205
-8.065616 5.639145 14.051226
-7.459027 6.352938 14.223207
-6.654050 6.833144 14.391857
-5.973592 6.223032 14.659762
-5.355448 5.584316 14.317756
-4.850238 6.332727 14.620535
-4.332057 6.887838 14.045759
-4.835941 7.287003 13.343050
-4.903170 6.685450 14.078336
-4.638229 5.783750 14.232513
-5.282843 6.439114 14.481512
-4.665814 6.964655 14.981625
-4.026254 6.569452 14.396981
-4.838147 6.256808 14.784427
-4.247010 5.602531 14.424551
-4.888890 6.303970 14.369738
-4.927497 7.240855 14.203057
-5.631656 7.347183 14.835420
-5.165133 6.892243 15.529982
-4.743469 7.504384 16.125391
-4.265965 7.391630 16.941667
-3.977874 6.738846 17.572465
-3.684511 6.767212 16.666836
-4.182401 7.476926 17.061100
-4.120580 8.156121 16.396344
-4.787074 7.553218 16.711499
-5.709677 7.445550 16.501164
-5.728815 6.633852 16.998968
-5.496027 5.831861 17.456843
-6.150817 5.158290 17.613626
-6.993271 4.716927 17.563638
-7.747529 4.666178 18.142905
-8.154121 3.831666 17.930062
-7.727794 4.671227 17.787189
-8.262710 4.084636 18.313312
-7.560671 3.492436 18.061378
-7.170087 2.971183 18.756193
-6.700700 2.682966 17.979252
-7.634182 2.775907 17.814928
-8.122641 3.355490 17.238282
-8.117989 3.962416 17.972208
-8.420747 3.824530 18.864595
-8.589813 3.960413 19.791947
-9.081723 4.439359 20.451996
-9.622202 4.976482 19.880672
-10.098463 4.633070 19.130823
-9.969687 3.907199 18.527866
-9.777956 4.447009 19.288705
-8.889335 4.318526 19.606313
-9.023969 3.390875 19.774741
-8.854212 3.896130 20.564001
-8.839822 4.738295 20.119502
-8.428413 3.880009 20.086095
-7.826255 4.151463 19.399985
-8.438331 3.888032 18.719547
-9.090397 3.285047 18.375675
-8.592472 2.598145 17.942932
-8.945411 3.160085 17.259788
-8.291030 3.516137 17.853117
-8.120306 4.387790 17.509454
-7.531991 4.697121 18.191532
-7.572428 4.289845 19.051486
-7.172734 4.602902 19.857258
-7.710588 4.018124 20.382404
-7.706951 4.904794 20.034793
-6.765640 4.882146 20.177797
-7.353937 5.600186 20.390764
-6.509297 6.035353 20.325634
-5.908634 6.704149 20.011075
-6.576287 6.030013 20.093607
-6.301088 5.953158 21.002116
-6.753920 6.508193 20.374494
-7.345663 7.247731 20.474259
-7.989959 7.676929 19.919550
-7.246230 7.367716 20.427769
-7.602399 6.651790 20.945090
-7.629315 7.114068 21.777318
-8.201285 6.918430 21.041379
-7.651140 7.651363 20.782190
-6.899933 7.172138 20.445944
-7.385778 6.969539 21.239630
-7.904133 6.561935 21.926795
-8.768594 6.908315 22.126187
-9.470282 6.266670 22.180542
-10.120457 6.488925 22.840015
-10.992718 6.719480 22.535001
-10.103250 7.055422 22.480059
-9.515477 6.448827 22.920052
-10.070564 7.092274 23.350031
-9.825747 6.544531 22.610389
-10.765275 6.654627 22.720823
-10.668802 7.053237 21.861270
-10.138543 7.723933 21.441720
-9.921497 7.301016 22.266985
-10.644346 7.500161 22.854233
-11.295885 7.536214 23.547938
-11.707754 6.807790 24.002682
-12.186203 6.401269 24.718822
-12.377285 7.150594 24.162918
-12.388265 7.547836 23.297409
-11.466451 7.763290 23.193161
-11.951562 7.472417 23.959378
-11.705507 8.074065 23.263314
-12.295202 8.816344 23.172148
-12.951990 8.189400 22.884746
-13.053836 7.327136 23.276101
-13.547927 7.791041 23.945202
-13.422624 8.700822 23.692954
-13.979382 9.189444 23.094374
-13.100790 9.333240 23.432649
-13.528873 9.288786 22.583062
-13.541642 8.336541 22.592920
-12.688170 8.649646 22.309054
-13.246463 7.899923 22.126698
-12.684430 7.376590 22.689967
-12.616571 8.203435 22.222258
-13.222927 8.609078 22.834482
-13.974463 9.051289 22.451504
-13.433841 8.976108 21.671052
-13.946185 9.001574 22.473476
-14.824247 8.642967 22.559722
-14.652442 8.752686 21.629412
-14.819410 9.553406 21.141562
-14.227004 8.813765 21.236519
-13.633895 8.807858 20.491390
-13.012750 9.151529 19.856491
-12.556103 9.735760 19.258848
-12.027141 8.947809 19.338602
-12.919990 8.710257 19.107472
-12.217864 8.098410 18.908245
-11.768920 7.267533 18.785263
-11.477021 6.366572 18.885726
-10.796940 6.777119 18.360397
-11.181299 7.486165 17.853887
-11.211765 8.147998 17.169725
-10.588703 8.411710 17.840008
-11.029388 8.866377 17.128598
-10.596500 9.707725 17.237096
-10.343943 9.057754 16.588418
-10.297153 8.113693 16.471850
-9.528017 7.564769 16.352940
-10.064640 8.157055 16.870879
-10.455089 7.858895 17.686771
-10.287342 8.578335 18.287850
-10.854746 8.672569 19.046931
-10.355726 9.223272 19.642526
-9.797087 9.689137 19.027772
-9.833333 10.557248 19.417772
-9.368632 10.247084 18.646487
-9.127830 10.590461 17.791422
-8.878551 9.891699 17.194245
-8.203338 9.730062 16.542332
-7.707910 9.012384 16.925110
-7.012050 9.225360 16.310742
-6.755809 9.888987 15.677521
-6.107334 9.596075 15.044502
-5.792372 10.333401 14.530518
-6.409923 9.750975 14.098729
-6.270962 9.542034 13.179999
-5.967266 8.930783 13.844206
-5.542601 9.494842 14.483366
-6.072303 9.925886 15.147178
-6.344476 10.731490 15.576076
-5.835402 9.926818 15.595443
-6.468390 10.628574 15.713312
-7.015789 11.231489 15.219471
-6.757314 11.816034 15.925535
-7.489777 12.420483 15.997428
-8.189054 11.840714 16.283626
-7.523065 12.485270 16.502794
-8.144262 12.516466 17.224022
-7.680942 12.394625 16.400907
-7.119876 11.725219 16.780552
-7.771146 11.096700 16.484171
-7.258170 11.578401 15.842416
-6.873731 11.117421 16.581830
-7.771453 11.321130 16.337642
-7.875459 10.744847 15.586570
-7.330769 10.369205 16.271578
-7.577710 9.453147 16.354572
-7.183560 9.514411 15.489748
-8.088023 9.515159 15.788035
-7.543942 8.910368 16.283245
-6.894230 9.493717 15.902974
-7.463137 10.016240 16.460058
-7.091219 9.198905 16.142776
-7.149060 8.761835 15.298588
-6.439227 8.453125 15.853442
-6.912768 7.980291 15.175787
-7.606575 7.701684 14.585838
-8.546612 7.805812 14.473958
-9.185772 7.229896 14.065517
-9.550428 8.017663 14.457282
-10.176883 7.385770 14.117732
-9.291297 7.544679 14.430009
-8.777310 8.314606 14.206270
-9.628367 7.898717 14.107437
-9.176607 7.524571 14.857742
-9.745794 8.093853 14.348848
-10.054534 8.769970 13.753385
-9.604012 8.732810 12.915125
-8.763797 8.297441 13.022467
-8.301957 7.467489 12.952388
-7.929714 7.944948 13.687572
-8.156862 8.859384 13.826286
-7.406755 8.666069 13.272211
-6.963955 8.091377 12.655212
-6.162080 7.579386 12.611738
-6.835799 7.798890 11.975382
-6.228585 7.903766 12.701550
-6.904230 8.531701 12.938679
-7.658275 9.052608 12.679636
-8.352907 8.401787 12.710429
-7.957372 8.897574 11.999952
-8.606429 8.420943 11.491447
-9.104921 9.187159 11.758744
-8.528406 8.809694 12.416149
-9.371137 8.958431 11.998164
-8.820850 9.668469 12.314489
-8.279595 10.346989 12.706514
-8.347312 10.407788 13.654537
-7.423073 10.591390 13.792748
-7.189928 11.029265 14.605728
-7.778630 10.283232 14.668133
-8.610295 10.284280 14.204063
-8.035409 10.297699 13.444882
-7.530472 10.052217 12.675592
-8.371856 9.731997 12.986335
-8.490426 9.075596 13.666121
-7.620383 9.378889 13.907096
-7.290483 8.677203 14.460117
-7.838525 8.988104 15.174274
-7.255884 8.550816 14.560810
-7.497633 7.734114 14.134682
-7.435590 8.540536 14.637538
-7.184722 9.315445 14.143967
-6.859547 10.154309 14.456372
-7.343837 9.343430 14.578718
-6.908870 10.181772 14.456184
-6.025393 10.356282 14.766095
-5.085557 10.229350 14.853422
-5.879003 10.550749 15.270767
-5.424667 9.912912 15.812774
-4.726953 10.409098 16.229937
-4.866177 10.438230 17.171637
-5.305089 9.673773 17.532181
-4.753193 9.409254 16.802475
-5.444529 9.767142 16.253838
-5.998933 9.620976 17.014299
-6.575866 9.517390 17.764931
-6.113142 9.859660 17.006137
-6.689771 10.338674 16.418708
-6.098248 10.607838 15.722518
-6.766987 11.107012 16.181477
-6.521056 10.546501 15.451837
-6.299430 11.120065 16.179117
-6.179270 11.880002 16.740443
-6.725213 11.340962 16.176164
-7.071623 11.217929 15.297590
-6.418262 10.751375 14.785264
-5.982858 10.202364 15.430275
-6.675672 10.458708 14.829171
-5.755084 10.687664 14.744764
-5.179636 9.960722 14.962583
-5.537202 9.339016 14.335958
-5.823203 8.431763 14.289870
-6.613072 8.925445 14.488403
-7.510773 8.857179 14.799050
-7.797388 8.365402 15.562619
-8.097393 7.833239 14.831983
-8.698760 7.133754 15.068855
-8.450826 6.445129 15.678242
-7.900306 5.962346 15.069244
-8.580255 5.400514 15.428470
-8.111400 5.721037 14.663964
-7.553758 5.071834 15.081817
-7.348677 4.600650 15.883663
-6.999200 4.904247 15.051362
-7.089730 5.801075 14.743901
-6.645636 6.391931 15.344485
-6.419921 5.997712 14.507422
-6.647268 6.914302 14.384110
-5.730229 6.706231 14.535026
-6.599516 6.572650 14.900435
-7.039954 7.397944 15.079137
-7.606753 6.654952 14.895473
-7.087149 6.981425 14.167149
-7.771852 6.668920 13.583581
-8.072983 7.419354 13.080392
-7.424455 7.696538 12.440385
-6.860866 7.025255 12.812911
-7.525692 7.432285 12.265770
-6.730383 7.046142 12.619898
-5.913362 6.942740 13.098245
-5.206048 7.328112 13.606401
-5.562457 8.104371 14.027620
-5.483158 8.996571 14.351223
-5.818996 9.504702 13.619070
-6.295622 8.696500 13.782370
-5.534977 9.137872 14.147936
-6.302447 8.845779 14.630327
-5.449001 9.127575 14.315288
-5.187413 8.541212 13.611882
-5.728941 8.988322 14.255209
-5.216250 8.443437 14.844512
-5.592207 8.931600 15.570725
-6.103116 9.735336 15.567763
-5.405283 9.316130 15.073472
-5.290658 9.365986 16.017615
-4.388464 9.274401 16.308625
-4.772019 9.032906 17.146237
-4.814590 8.632720 18.009411
-4.279545 8.858365 17.254533
-4.670430 8.080501 16.868312
-4.955152 8.984692 16.776663
-5.816641 9.102924 17.165108
-6.491586 8.431008 17.167777
-6.061213 8.928126 16.478805
-6.748887 8.561855 15.931100
-6.359610 8.113403 16.675670
-5.775999 8.283997 15.942646
-4.826431 8.352038 15.915803
-5.521985 8.345040 15.265275
-6.427075 8.636319 15.320013
-5.829339 8.508667 16.050387
-5.530853 8.349175 15.160163
-5.016089 9.146578 15.081454
-4.536122 8.531995 15.628216
-5.416983 8.384057 15.297719
-6.113365 8.790185 14.790629
-6.241750 9.486013 14.153156
-6.250537 9.846459 13.271663
-6.803063 9.263084 12.760372
-6.321505 9.889815 13.291729
-6.527722 10.553225 13.943182
-6.585592 10.025130 13.152742
-6.561931 9.239999 12.614189
-7.000701 8.932875 13.401708
-6.292350 8.398526 13.747742
-6.535814 9.067383 14.380502
-5.774988 9.175309 14.943106
-5.180275 8.875565 14.262297
-5.967605 9.385140 14.096546
-5.221157 8.794330 14.068457
-5.948853 8.556101 13.502122
-6.400424 9.142981 14.101026
-6.562196 9.082848 13.164413
-7.356048 8.633294 12.891042
-7.633030 8.270600 12.055122
-8.262778 7.788750 12.582633
-9.060698 8.299647 12.485997
-8.323343 8.830962 12.770676
-8.094246 8.227417 13.470875
-7.634231 8.649676 12.751769
-7.503710 9.352689 12.122668
-8.000225 9.163734 12.913110
-7.545422 9.254162 12.081240
-8.201246 8.671426 11.710642
-8.479058 8.216394 12.499816
-7.843848 8.433916 11.824375
-8.370895 7.885198 12.397227
-7.878441 8.620013 12.750164
-8.475427 8.576558 12.009389
-7.942761 7.933220 11.551773
-7.660963 7.382351 12.275764
-7.767548 7.507825 11.337721
-8.043625 6.864574 11.983507
-8.785588 6.985521 11.398791
-8.041430 7.011747 11.992569
-7.925996 7.694913 11.339127
-8.313369 8.267204 11.994456
-8.634364 7.646699 12.641731
-8.033971 8.173027 13.160902
-7.356931 8.362072 13.803482
-7.547616 8.716054 12.940136
-7.330422 9.343628 12.257489
-7.839357 10.083874 12.573795
-8.333999 10.610223 13.194532
-9.208976 10.543470 12.824413
-9.987378 10.313355 12.326249
-10.741642 9.886582 12.721191
-10.691558 10.189597 13.622691
-11.075558 10.979651 13.990641
-11.791958 10.482462 14.373529
-11.000173 10.926810 14.661039
-11.567739 11.065169 15.413207
-11.031888 11.026281 16.199578
-11.868454 11.195536 15.777040
-12.349170 10.683275 15.133977
-12.403077 11.427631 15.725633
-11.898225 11.061003 16.445173
-11.647910 11.372815 17.309549
-11.636050 11.454374 16.360741
-11.159031 10.637584 16.471802
-10.787556 11.113665 15.735336
-11.335630 11.610155 16.335453
-11.760324 12.221999 16.929012
-12.084957 11.544866 16.343237
-12.563221 10.994670 15.730394
-13.266444 11.543098 15.396128
-12.688051 11.561070 16.152547
-13.370028 12.187282 16.375695
-12.633683 12.234271 16.977872
-12.081217 11.466290 16.868261
-11.346844 12.064355 16.768051
-10.843493 11.830207 17.541900
-10.634870 12.631653 18.012208
-10.458292 12.919014 18.902867
-10.148441 12.274014 18.274379
-10.657161 11.470230 18.320902
-10.322972 10.733431 17.818433
-10.927921 11.011604 17.137489
-11.438926 11.397414 16.432468
-11.369852 10.645271 17.012588
-10.754764 11.344916 17.210561
-10.207319 10.626513 16.908516
-9.980343 10.474080 17.820808
-9.729542 9.612612 18.140184
-10.558674 9.993903 18.412555
-11.052794 9.609021 19.130010
-11.675361 10.321260 19.019759
-11.935702 10.869567 19.753661
-12.111186 11.474829 20.467729
-12.403031 11.600642 21.365519
-12.545138 10.679158 21.559690
-13.393301 10.618684 21.988632
-12.599117 11.073018 22.252984
-11.707812 10.958454 21.937578
-11.459532 10.050963 21.789770
-11.572433 10.556273 22.589110
-10.754675 11.029032 22.710769
-11.502197 10.693819 23.196434
-11.216351 10.906895 22.313304
-11.836908 11.300522 21.707501
-12.148035 11.551777 20.843151
-12.324304 10.622019 20.735869
-11.522527 10.212649 20.425065
-11.694909 11.114636 20.172612
-12.177130 11.723134 20.724175
-12.204742 11.000630 20.104293
-12.953644 11.181057 20.664312
-13.609658 10.648576 20.224836
-13.154065 11.155716 20.889872
-12.578631 10.604957 20.367789
-13.376985 10.242788 19.995639
-12.745724 10.873143 20.329094
-11.835972 10.818437 20.052707
-11.139437 10.437131 19.526899
-11.910341 10.192084 20.029580
-11.199619 9.559799 20.075616
-11.995675 9.559834 20.598421
-11.791830 9.197971 21.455470
-11.110097 9.826548 21.672640
-11.932292 10.244467 21.910060
-12.758062 9.885073 22.219852
-12.330965 10.486051 22.822715
-11.825588 9.805930 23.257524
-12.087408 9.253280 22.527416
-12.712850 9.898098 22.211090
-13.467562 10.359610 22.563857
-13.987774 10.025440 21.839469
-14.005818 9.099487 21.617399
-13.405064 8.416596 21.334941
-13.209727 8.915324 22.122432
-12.807913 9.681614 21.724470
-13.300071 8.986005 22.149839
-12.973246 9.672835 21.576708
-12.154612 9.193873 21.490313
-12.455853 9.574144 22.309872
-12.602030 10.152893 23.051971
-11.871660 9.924655 22.484966
-12.664982 10.296863 22.857968
-12.588424 9.347659 22.871398
-11.899024 8.928743 23.377625
-11.175120 9.297046 22.880287
-11.062981 8.371084 22.687806
-10.914145 8.858104 23.492597
-11.239635 9.731708 23.687278
-11.170161 8.802708 23.489385
-11.829299 9.221487 22.944232
-10.964005 8.842691 22.822542
-11.380009 9.387450 22.161324
-12.189513 9.249615 22.643748
-12.771797 9.850532 22.188913
-12.201996 9.290110 21.670951
-11.422765 9.397584 21.134036
-11.394092 9.554977 20.195189
-11.415848 10.337551 19.652848
-11.627537 10.783630 20.467237
-12.377472 11.330336 20.253370
-13.213243 11.780437 20.330346
-12.538725 12.373587 20.013758
-11.857103 11.882617 20.462502
-12.738492 11.853567 20.822138
-12.020348 11.651798 21.414242
-11.767527 10.977770 20.790707
-12.327251 11.709422 21.032415
-13.141951 11.558884 20.562701
-12.819645 10.685204 20.363125
-13.377156 10.186914 20.952970
-14.234994 10.057270 20.560114
-14.367126 9.114843 20.522673
-13.827118 9.898455 20.559715
-13.540019 9.314148 19.864598
-13.450056 9.599752 18.960515
-13.536194 10.281717 19.619707
-12.903890 10.100157 18.931044
-12.654255 10.731010 19.599428
-12.239230 11.222664 20.301610
-12.496284 11.893053 20.927333
-12.172539 12.500960 20.269558
-11.519469 12.853499 19.672695
-11.869769 11.982370 19.832238
-12.418596 11.545299 19.188199
-12.410947 11.732698 20.121930
-12.663482 12.012641 20.996508
-12.396087 11.246118 21.494475
-11.866291 11.033474 22.256792
-12.374761 11.437897 21.560423
-11.717570 11.948899 21.097815
-11.957194 11.089294 21.430515
-11.772368 11.642939 20.677955
-10.952113 11.759647 20.208283
-11.282289 10.902216 20.458936
-11.638137 11.412616 19.737899
-12.088052 11.015964 18.998120
-11.904783 10.340822 19.644360
-12.602557 9.818845 19.260068
-12.193836 10.319630 19.959489
-11.420321 9.963162 20.385672
-11.551827 9.328210 19.688126
-10.915653 8.790210 20.149503
-10.194949 9.404927 20.248185
-9.894296 10.305058 20.168182
-9.093308 10.278062 19.653674
-9.030301 9.517601 20.223551
-8.472790 9.359912 19.467678
-9.258531 9.696304 19.887772
-8.798977 10.222572 20.534983
-8.287233 10.799736 19.976389
-8.076006 11.542720 20.533512
-8.207033 10.712792 20.085091
-8.367066 9.945448 19.544167
-7.877367 10.598310 19.053253
-7.097477 10.101799 18.824608
-6.895922 9.231208 18.495252
-7.552046 9.461087 19.146164
-6.978209 10.210549 19.272840
-7.048356 11.083514 19.647057
-7.436196 10.917120 20.500827
-7.268968 11.515802 21.222384
-7.871634 12.221279 21.007614
-7.232165 11.555130 21.240752
-8.077779 11.148064 21.078693
-8.443041 11.906318 21.524410
-7.836716 11.392783 22.049463
-7.601815 11.726237 21.188848
-8.157380 10.957084 21.106502
-7.412799 10.365198 21.058535
-7.679152 10.964680 20.368096
-8.038381 10.442984 19.656889
-7.520705 9.818999 19.157205
-7.893747 9.172839 18.565305
-8.674510 8.900710 19.037940
-8.725557 8.055617 19.474109
-9.398440 8.450141 20.020561
-9.612351 9.257633 20.477975
-8.847803 8.990018 19.977098
-9.350728 8.389450 20.518776
-8.889383 7.558848 20.453275
-9.551207 6.922128 20.201073
-10.441116 6.973229 20.536451
-9.811703 6.269847 20.409480
-8.917065 5.992660 20.582164
-8.684276 6.490153 19.804129
-9.029058 7.029412 20.509363
-8.800804 6.347072 19.885390
-8.309877 7.077391 19.521171
-8.048070 6.972950 18.611458
-7.746130 6.487787 19.373350
-8.387518 6.383054 18.677159
-7.544294 6.231181 18.261302
-7.957906 5.380803 18.374490
-7.308574 5.600775 17.713423
-7.749244 5.694582 18.552493
-8.038771 6.337791 17.912584
-7.828302 6.447688 18.834893
-8.545422 5.880601 19.101693
-8.222743 5.976656 19.992581
-8.514518 5.217630 19.496823
-8.257629 6.019523 19.051846
-8.383756 6.808713 19.569821
-9.295723 7.008397 19.758167
-9.368041 7.952372 19.654679
-8.853130 8.458719 19.033786
-7.941126 8.557021 19.289941
-7.543459 9.421951 19.317986
-8.274601 10.024766 19.413256
-8.345982 10.635854 20.140239
-7.659399 10.485559 19.497552
-8.552370 10.805971 19.581030
-9.005295 10.517674 18.794408
-9.438654 9.728161 19.104082
-8.801001 9.795800 19.808250
-7.974587 9.581970 19.385940
-7.780135 10.076313 20.176410
-6.946181 10.228054 19.742216
-7.586355 9.839995 20.330958
-7.218999 9.929272 19.456825
-6.585679 10.598750 19.216546
-6.393982 10.149040 20.033885
-7.159274 10.134764 19.467181
-7.895417 10.423855 18.936569
-8.210096 11.145126 18.400122
-7.858381 10.266925 18.510069
-8.520808 10.920329 18.306887
-9.172718 11.277790 18.902087
-9.798209 11.178347 19.613355
-8.869610 11.141345 19.821600
-9.657552 11.179018 20.355225
-10.376975 10.695723 19.960401
-10.355520 11.179975 20.780199
-11.124973 11.198725 21.341108
-12.066428 11.247389 21.476479
-12.008842 10.452227 21.997470
-11.724524 10.409343 21.089531
-12.209086 9.972364 20.395789
-11.710777 10.497345 19.776828
-10.974419 10.209648 19.245755
-11.746430 10.022007 19.770942
-11.342451 9.360771 19.217228
-11.116047 10.096698 18.656708
-11.409299 9.636025 17.876444
-11.244074 9.015000 18.579338
-10.597028 9.584925 18.174930
-11.120046 8.848619 18.477148
-11.628617 8.702802 17.685237
-11.460197 7.991959 18.296275
-11.596295 7.571788 19.140053
-12.268081 6.965276 19.436494
-11.790854 6.176058 19.198968
-11.217319 5.423681 19.089350
-12.037955 5.088582 19.437624
-12.732069 5.262700 20.066050
-13.153843 6.054846 19.747238
-12.393286 6.108313 20.317960
-12.911223 6.370814 19.563067
-13.348929 7.176085 19.821876
-13.702173 6.592846 19.156986
-12.769213 6.691872 19.320721
-12.071554 6.046617 19.257901
-12.057370 6.779100 18.649381
-12.078989 7.299651 17.852143
-12.469711 7.807859 18.556479
-12.317088 8.211509 19.405480
-12.242266 7.472798 18.809042
-12.666020 8.082335 19.405637
-13.214364 7.321775 19.238612
-12.579569 6.739472 19.644800
-13.165830 7.024019 20.339322
-12.802295 6.154410 20.202750
-13.399471 6.657909 19.657866
-13.477496 6.092245 20.420077
-14.383690 6.384296 20.396638
-13.959692 5.988745 21.152148
-13.270230 6.403990 21.661307
-12.714029 6.945030 22.213524
-13.390896 7.606864 22.109331
-14.006796 7.407371 22.807830
-13.836438 8.042415 22.118825
-14.636133 8.514388 22.330386
-15.245094 8.191530 21.673150
-15.455633 7.526247 21.024998
-14.846890 8.258254 21.000001
-15.442080 8.700731 21.597488
-15.516800 9.381387 20.935555
-15.406708 9.730974 20.056523
-15.269479 10.457892 19.456701
-14.824652 10.518121 18.616741
-14.716574 11.002508 17.803895
-13.979096 11.601694 17.739629
-14.283493 10.990858 17.075361
-14.315170 11.478205 17.892991
-13.770868 11.344510 17.122998
-14.408821 11.499433 17.812957
-14.875541 10.735112 17.488895
-14.397228 9.930379 17.663966
-13.706228 9.399181 18.047864
-13.493072 8.993770 17.212856
-13.456231 8.627971 18.091414
-12.738393 9.217829 17.882115
-12.229470 9.418791 18.661629
-11.595195 10.128944 18.641401
-11.306734 10.818945 19.231077
-12.156796 10.498646 19.517139
-11.380214 10.974798 19.239241
-11.738086 11.336450 18.434154
-12.162088 10.538611 18.132981
-11.379490 10.227421 17.688312
-10.962135 9.493662 18.129269
-10.293040 9.863183 18.697420
-10.619316 9.832858 17.803187
-9.838320 10.137581 18.255092
-9.030034 9.954650 17.785794
-9.152980 10.677286 17.177755
-9.815022 10.255078 16.638802
-10.357078 11.036332 16.585458
-9.646985 10.429612 16.771707
-10.214920 10.898706 16.168026
-10.149445 10.692843 15.240468
-10.556583 10.895312 16.077291
-10.955728 10.231675 16.631636
-11.739106 10.573836 17.051487
-11.269375 9.823077 16.701140
-10.830211 10.663030 16.794116
-10.563731 10.930933 15.919906
-10.051927 11.726670 16.028940
-10.414404 10.865555 15.844220
-9.643122 10.341653 16.038338
-10.422221 10.325767 15.490814
-9.534561 10.668141 15.534051
-10.000603 11.061106 14.802332
-10.760820 11.451976 15.222238
-10.363937 10.647493 14.902362
-9.577923 11.145605 14.699641
-9.917294 11.911400 14.246415
-9.843268 10.988227 14.468453
-10.346690 10.738280 15.237297
-10.138665 10.705170 16.166091
-10.837402 10.215494 16.589190
-10.760232 9.719063 15.780098
-10.960935 10.459501 16.344455
-11.461350 9.724019 16.684573
-10.671813 9.292639 16.372210
-10.359411 8.609869 16.958093
-9.807760 8.808972 17.708471
-9.642681 9.562889 18.266493
-8.989723 9.955714 18.837775
-9.286590 10.084142 19.733547
-10.104008 10.451461 20.055938
-9.768713 10.506263 19.166217
-9.940491 9.885429 18.464728
-10.428787 9.369689 17.830213
-11.001852 9.358903 17.069615
-11.650595 9.837234 16.562309
-11.589238 9.628774 15.635050
-11.456759 10.207737 14.890550
-10.949904 9.676581 14.283920
-10.379515 10.183690 13.714246
-10.960834 9.455322 13.910659
-10.379091 10.106458 14.290954
-10.683171 9.278658 14.650553
-11.344233 9.229786 15.334394
-10.841666 8.477768 15.036192
-11.186975 8.779922 14.201630
-11.988374 8.985134 14.673516
-11.091672 8.692303 14.804678
-11.699580 9.359498 14.500824
-10.945719 9.733709 14.055079
-11.558750 9.757494 13.326617
-12.238766 9.607466 12.676926
-12.846713 9.015238 13.109009
-13.796319 9.068190 13.059256
-13.153721 9.577489 13.543728
-13.819430 9.466210 14.215650
-13.202822 9.810594 14.854573
-14.058828 9.394465 14.888041
-13.413319 10.084204 15.008905
-13.263868 10.879641 15.510875
-13.490640 10.167633 16.101341
-13.556338 10.502116 16.990630
-13.817226 11.289350 17.458851
-14.586048 11.467150 16.925626
-13.944931 10.986518 16.410850
-13.201669 11.474231 16.752500
-14.151858 11.489530 16.689768
-13.391909 12.063524 16.695937
-12.758433 12.064375 15.984785
-12.343099 11.747689 15.188395
-11.739520 11.679923 15.921969
-12.099877 11.310012 16.722180
-11.464429 12.018943 16.696638
-11.270399 12.535184 15.920187
-10.852271 12.070615 16.638779
-10.195463 12.753820 16.732929
-9.805804 12.852130 17.596370
-10.154210 12.398041 18.357584
-9.994687 13.166188 17.817645
-9.796233 12.319038 18.204923
-10.082110 13.156781 17.853510
-9.315921 12.784694 18.279580
-9.256286 13.049768 17.366777
-8.857710 12.290458 16.952511
-8.069249 12.734447 16.655472
-7.274723 12.288052 16.378901
-7.953168 12.349567 17.044452
-7.043704 12.312920 16.764163
-7.220891 11.629158 17.402993
-7.841140 11.488023 16.694190
-6.964657 11.236083 16.968660
-7.229363 12.124839 16.751694
-7.499840 11.518635 16.068768
-8.004575 11.039062 16.718599
-7.153741 11.218937 16.330327
-8.082096 11.109938 16.512827
-8.719551 10.568747 16.056985
-8.344120 10.191883 15.267013
-8.701750 10.916671 15.770810
-7.862767 11.239684 15.456486
-7.767579 10.295415 15.376947
-6.950261 9.900460 15.665096
-7.624856 9.639690 16.284732
-7.842733 10.385750 16.835145
-7.934086 9.450515 16.680165
-7.314869 8.751413 16.493466
-7.247045 9.555110 16.999927
-7.158714 10.376474 17.473831
-6.281907 10.694370 17.666652
-6.735027 11.265168 18.279761
-6.623857 10.456409 17.789272
-5.827494 10.091890 18.163386
-6.735740 10.006664 18.436981
-6.211153 9.732187 17.690990
-6.324460 9.382573 16.812377
