-2.380952 -7.999972 18.000000
-2.999327 -8.647832 18.323913
-2.887349 -8.045355 19.052962
-3.702907 -7.926045 18.575825
-3.133567 -8.643640 18.315173
-3.931785 -9.136845 18.478349
-4.613699 -8.954461 19.117690
-5.275465 -9.117016 18.452354
-5.844750 -9.626464 19.021042
-5.113376 -9.032336 19.159363
-4.535634 -9.718631 18.839608
-5.086384 -9.829673 19.608616
-4.379113 -10.269361 19.146585
-5.279099 -10.579750 19.173328
-5.416202 -10.031284 19.939760
-4.626801 -10.459777 19.623107
-5.177708 -10.039586 20.276536
-5.413047 -10.726356 20.892970
-6.154000 -11.318500 20.978886
-5.929490 -10.601911 20.393117
-5.646841 -11.134618 21.130249
-6.260508 -11.341854 21.828457
-5.678658 -12.000576 21.461625
-5.086249 -11.337734 21.803270
-5.530739 -10.726542 22.382839
-6.244324 -10.355048 22.892563
-6.252853 -9.678057 23.562369
-6.743180 -10.483441 23.428333
-7.475586 -10.300307 22.847752
-7.254780 -11.214580 22.997350
-7.030969 -10.375970 22.605340
-6.499244 -9.754319 22.117642
-6.604485 -10.052427 23.016022
-7.238244 -10.137995 22.310290
-6.741939 -9.530418 22.850254
-7.001631 -10.371164 23.214583
-6.375739 -10.712770 22.583240
-5.992492 -10.226078 21.859858
-6.383270 -11.072990 22.052370
-7.043377 -11.749437 21.935289
-7.098785 -11.047244 22.576290
-6.393125 -11.504841 23.023145
-7.023688 -10.973770 23.499992
-7.233570 -10.199766 24.013702
-6.887938 -10.862933 23.423975
-7.652443 -10.302093 23.334418
-6.983500 -10.921795 23.609215
-7.532688 -11.415363 23.007706
-7.752428 -12.274040 23.356155
-8.156556 -11.441025 23.579304
-8.049559 -10.665984 24.122344
-7.313728 -11.083800 23.685296
-8.067926 -10.887722 23.137785
-8.339059 -11.536861 22.495808
-7.685681 -12.228383 22.451947
-8.285365 -12.953482 22.304841
-8.530869 -12.184406 21.799590
-7.773000 -11.665670 22.051738
-7.691057 -12.603842 22.193690
-7.823990 -11.672855 22.043283
-7.194978 -12.289635 22.405159
-6.752913 -12.291016 21.561591
-6.235235 -11.748321 20.974631
-7.168483 -11.565026 21.024443
-6.884107 -12.032435 20.244899
-7.056146 -11.490552 19.480834
-7.159164 -10.693934 18.969154
-6.579678 -11.213568 18.420330
-5.860656 -10.811745 17.942235
-6.188860 -10.721429 18.831705
-6.868181 -10.839055 18.174652
-6.082656 -11.336452 18.380993
-5.946439 -11.375064 19.322790
-5.413569 -12.159754 19.237113
-6.107842 -11.653274 19.647590
-6.821819 -11.838531 19.045141
-6.147935 -11.183628 18.890186
-6.283995 -10.556836 18.186162
-7.191517 -10.708624 17.940408
-6.950704 -11.599330 17.704437
-6.418172 -11.301714 18.435782
-5.694748 -10.803770 18.804208
-6.305913 -11.344163 19.295615
-6.860209 -11.300522 20.068844
-7.243856 -10.658607 20.658579
-7.887327 -11.357107 20.587367
-8.274686 -10.663067 20.062686
-7.742669 -10.657510 19.272777
-7.036170 -11.287409 19.378209
-7.821745 -11.822620 19.436944
-7.534317 -12.526525 20.010470
-7.661659 -11.803969 20.617699
-7.059730 -11.156829 20.972552
-7.391457 -11.861827 21.520242
-8.053359 -11.489230 20.945710
-8.089451 -11.505912 19.994159
-7.394110 -10.909573 19.733562
-6.748113 -11.603725 19.822284
-5.965620 -11.977422 20.216090
-5.841446 -12.694701 20.830192
-6.427425 -13.357531 20.477610
-6.280428 -12.467068 20.173481
-6.362388 -11.930333 19.391030
-6.416008 -11.938541 18.440195
-6.783710 -11.356163 19.097964
-7.059970 -12.131872 18.619442
-7.148158 -13.080152 18.615160
-7.543942 -12.981302 19.475749
-6.861332 -13.635643 19.362115
-6.909696 -13.200842 20.208070
-7.566243 -13.178372 19.518526
-7.187225 -13.279385 18.650670
-7.169822 -14.052164 19.207034
-7.934476 -13.833390 18.683134
-7.315160 -14.454639 18.312290
-7.167770 -13.998090 19.135010
-7.490671 -14.178605 20.012609
-6.805995 -13.943601 19.393721
-7.515672 -14.493670 19.711230
-8.195140 -13.837099 19.591786
-8.304119 -13.429230 20.445481
-9.025561 -13.146225 19.891893
-8.416043 -12.697181 19.314073
-7.822294 -13.441761 19.323743
-7.909425 -14.150490 19.953934
-8.535332 -13.446130 20.092307
-7.606910 -13.619693 19.970088
-6.728969 -13.434111 19.651014
-7.015983 -12.553561 19.429016
-7.967964 -12.526863 19.436089
-8.390409 -12.901226 20.203175
-7.735654 -13.488153 19.837331
-8.373304 -14.190261 19.750862
-9.282648 -14.457825 19.843235
-9.913786 -13.763601 20.006780
-9.644340 -12.876473 19.788989
-10.421475 -13.207265 20.229064
-10.336652 -12.300721 20.508371
-10.961006 -12.521513 21.192815
-10.446939 -11.861678 21.648208
-10.647118 -11.912835 22.577908
-11.156277 -12.540677 22.074319
-11.454892 -11.850322 22.658501
-11.770910 -12.625525 23.112621
-11.372656 -12.008797 22.505932
-12.232510 -11.602818 22.559431
-11.449244 -11.285289 22.120457
-11.214177 -12.132799 22.485832
-11.216791 -11.979670 23.425818
-11.846115 -11.360870 23.067952
-11.817708 -10.544563 22.578191
-11.101786 -10.418049 23.193398
-11.155537 -9.560263 22.783102
-11.823636 -9.016118 22.377418
-11.609560 -8.151104 22.041336
-11.322672 -9.053050 22.147252
-11.185678 -8.442423 22.865164
-11.398451 -9.215351 23.379301
-11.155146 -8.549636 24.015426
-10.457054 -8.808392 23.421504
-10.082498 -8.035384 23.010170
-9.320488 -7.464099 23.012131
-9.608732 -7.547687 22.108274
-9.292058 -8.424756 22.301917
-9.966241 -9.078046 22.141546
-9.903838 -9.901850 22.615342
-9.896750 -9.156972 22.021930
-10.543002 -8.502609 22.269306
-10.160597 -9.265555 21.846566
-9.278333 -9.369247 22.189915
-9.140554 -8.621765 21.616052
-8.762126 -8.226572 22.395568
-8.905073 -7.605983 23.103710
-9.651230 -7.768187 22.534527
-8.957741 -8.405712 22.394301
-8.301479 -8.974557 22.003450
-9.006824 -8.652777 22.556601
-9.372647 -9.330017 23.117448
-9.140310 -10.028762 22.513457
-8.459950 -10.682606 22.642401
-8.353935 -10.960310 21.737597
-8.890865 -10.570401 22.420756
-8.278837 -9.942127 22.791866
-7.841493 -9.961974 23.637659
-6.904996 -10.121468 23.570097
-7.519044 -9.973311 24.282857
-7.072265 -10.420168 23.570299
-7.441934 -9.829092 22.921451
-8.073682 -9.463105 23.532989
-8.044690 -9.604492 24.474370
-8.372373 -9.072893 23.755304
-8.893410 -9.775869 24.131304
-8.725390 -9.446240 23.253725
-8.629304 -8.554480 23.573976
-9.139708 -9.169911 24.091432
-8.598714 -9.869535 23.738049
-7.977640 -9.977997 24.451864
-7.829374 -9.230886 23.880137
-8.352344 -9.537125 23.145460
-8.442511 -8.853942 22.488071
-9.051737 -8.468045 21.866012
-8.317630 -7.876888 21.729447
-7.893556 -7.139453 21.301217
-7.090563 -7.649579 21.256469
-7.464501 -8.363422 20.748898
-6.756164 -8.877748 20.373721
-7.591225 -8.672109 19.964555
-8.224078 -9.266929 19.573767
-9.062163 -9.709563 19.480392
-8.749605 -9.140903 18.783282
-8.070793 -8.605361 19.182579
-8.608901 -9.083714 19.805995
-7.868078 -9.669551 19.928493
-7.645102 -10.247574 20.651820
-8.144421 -10.122556 21.453119
-7.376457 -9.950378 21.989417
-6.803489 -10.149109 22.723749
-7.636843 -9.760666 22.972070
-8.276137 -9.147429 22.622395
-7.907188 -9.152133 21.744395
-7.278093 -8.570517 22.160318
-6.696340 -7.894008 21.827262
-5.870313 -7.450545 21.659775
-6.413350 -7.745959 20.935295
-6.487502 -8.531716 21.468322
-6.460715 -7.585193 21.570331
-6.622101 -6.823340 21.022095
-7.391109 -7.242713 21.395970
-6.932426 -6.855709 20.656466
-6.985788 -6.927899 21.604607
-7.365069 -6.816038 22.471014
-6.509764 -6.398250 22.501620
-6.027054 -6.489750 21.685747
-5.601832 -6.073341 20.942229
-6.132760 -5.439470 21.414831
-5.680933 -5.989379 22.047668
-6.497517 -5.889072 22.527415
-5.823510 -6.521232 22.296945
-6.089019 -7.081772 23.019669
-7.031976 -7.144935 22.901889
-6.954493 -6.830839 23.797639
-6.641269 -7.469417 23.164286
-6.583091 -8.089363 22.443652
-7.296450 -8.428483 21.911537
-6.754308 -9.208877 21.975533
-7.454215 -8.725984 21.546612
-8.231872 -8.737621 22.096289
-8.229490 -9.273224 22.883787
-8.997254 -8.787378 23.169306
-8.343276 -8.106403 23.294266
-7.394256 -8.133946 23.219219
-6.594901 -8.160941 23.736259
-7.354999 -7.592192 23.660075
-7.602042 -8.048201 24.458858
-8.410214 -8.321646 24.882078
-9.188688 -7.773234 24.866113
-8.602750 -8.203779 24.251022
-9.222341 -7.671877 24.741141
-9.927228 -8.095556 24.260870
-10.768377 -8.522923 24.390693
-10.379586 -9.391251 24.347385
-10.995670 -9.556596 23.640186
-11.436143 -8.712420 23.620690
-10.782946 -9.312058 23.968250
-10.625222 -9.782989 23.155614
-9.895436 -10.136953 22.656464
-10.824284 -10.304964 22.783131
-10.187977 -9.670188 22.468168
-9.688843 -10.115583 21.790290
-10.514986 -9.720994 22.052621
-9.803495 -9.706363 21.419694
-9.333478 -9.953030 22.210433
-9.494468 -9.056783 22.489453
-8.784754 -9.652889 22.270376
-8.486350 -8.856266 21.842150
-8.719929 -8.465301 21.005720
-8.531987 -8.527985 21.937266
-8.913486 -9.397229 22.014093
-9.233812 -9.532594 21.127472
-9.784418 -9.988788 20.498385
-9.159018 -9.328695 20.781552
-9.646897 -9.730925 21.493743
-8.826587 -9.356960 21.186710
-8.048172 -8.834018 21.352937
-8.525380 -8.518002 20.591730
-8.187912 -8.846507 21.419517
-7.484522 -9.105934 20.832177
-7.813136 -9.998962 20.792870
-8.549664 -9.418025 20.628340
-9.316373 -8.853061 20.627310
-9.713983 -8.264389 21.261661
-10.177049 -7.875743 21.997565
-10.844321 -7.609351 21.372414
-10.577071 -6.885977 21.931286
-9.971210 -6.376068 21.402181
-10.751669 -6.914416 21.312224
-11.589998 -6.484715 21.452186
-10.775711 -6.100482 21.141812
-11.574814 -6.427072 20.739565
-12.329598 -6.973985 20.935057
-11.432876 -6.712960 21.121565
-10.887695 -6.107944 20.627840
-11.541131 -5.900646 21.288960
-12.384878 -6.281634 21.512498
-13.128565 -6.614143 22.005852
-13.266888 -7.555422 22.049338
-13.242533 -6.906403 21.352767
-13.767579 -6.159247 21.623164
-13.867221 -6.800630 22.320106
-14.124818 -7.426293 21.649868
-15.000848 -7.100369 21.832558
-15.523934 -6.789682 21.099835
-16.357250 -6.344176 20.980921
-15.502540 -6.106287 20.634641
-14.864013 -6.103365 19.928026
-15.756559 -6.207392 20.243571
-15.655597 -6.113817 19.301191
-16.211550 -5.589320 18.732995
-15.572391 -4.938382 19.006462
-15.033027 -5.105658 19.773361
-14.865029 -4.170740 19.842168
-14.023454 -3.753444 19.685180
-14.106357 -2.973535 20.225458
-13.670321 -3.736210 20.593193
-13.515927 -3.366058 19.729377
-13.978759 -3.864253 20.396173
-13.194295 -4.244293 20.012487
-12.364134 -3.998816 20.409481
-11.554544 -3.615294 20.086211
-12.217298 -3.003773 19.779897
-12.731592 -3.759770 20.046352
-12.823678 -2.994405 20.605606
-13.335413 -3.721720 20.946442
-12.896324 -3.909544 21.770428
-13.736281 -4.010205 22.207885
-13.678100 -4.389611 21.336280
-14.484464 -4.298285 21.834745
-15.087072 -4.084791 21.128831
-15.422528 -4.711980 20.495481
-14.823646 -4.274446 21.092919
-13.943894 -4.633947 21.031068
-13.999200 -5.309933 20.362478
-13.536133 -6.117130 20.159916
-13.976359 -5.595848 20.824368
-13.743377 -4.845414 21.362510
-14.005932 -5.484827 22.017679
-13.137230 -5.655946 22.368541
-14.042609 -5.374293 22.457926
-13.725423 -5.361568 21.560006
-13.698945 -4.603840 22.136354
-14.287474 -4.266970 21.467638
-15.017612 -4.639326 21.952695
-14.561686 -5.474836 21.985594
-13.799307 -5.060243 22.377919
-14.409499 -5.725965 22.075414
-13.950609 -5.471829 21.280515
-14.385930 -6.300324 21.456920
-14.574719 -5.717875 20.727440
-15.188439 -6.011888 20.061156
-14.617298 -5.429410 19.569684
-14.016598 -6.164762 19.495889
-13.804383 -6.779842 20.191354
-13.990316 -6.911355 21.116104
-14.083264 -6.550271 21.992465
-14.675780 -7.292352 21.919872
-14.396586 -7.671615 21.092081
-14.115138 -6.795230 21.336554
-13.398838 -6.178162 21.221795
-13.747006 -6.179173 22.108253
-13.850125 -6.849228 21.439357
-13.810311 -6.458928 22.307176
-13.976941 -5.539465 22.123188
-13.348550 -4.957372 22.539508
-12.730944 -5.440031 23.080464
-13.506503 -5.934902 22.834211
-13.603945 -5.554308 21.966639
-13.748165 -6.321489 21.421053
-14.433247 -5.854685 21.889867
-15.072114 -5.331040 22.363864
-15.480896 -6.065930 21.916805
-15.130486 -6.682516 22.552466
-14.580229 -7.137894 23.182448
-13.641013 -6.980251 23.175182
-14.247373 -7.532958 22.691578
-13.633429 -7.023158 23.211391
-12.925662 -6.390791 23.132603
-13.252302 -5.576088 22.763019
-12.558657 -6.130101 23.107916
-12.737979 -6.097729 24.042702
-11.857255 -5.748424 23.946053
-11.547157 -5.280642 23.176606
-11.951112 -4.780440 23.879207
-11.187004 -5.189222 24.274255
-11.382127 -6.065636 23.956677
-10.819281 -5.944805 23.197971
-11.083433 -5.482532 22.408316
-10.541871 -5.727594 23.152416
-9.990482 -6.347772 23.619724
-9.718046 -6.251140 24.527177
-10.528409 -5.893999 24.877595
-9.870359 -5.801208 24.195400
-9.962746 -6.601331 24.703630
-9.544959 -6.568502 23.848407
-9.396833 -7.190026 23.142150
-8.792242 -7.905481 23.314259
-8.512998 -7.144280 23.813885
-9.092795 -6.411489 23.629816
-9.772113 -6.839873 23.117914
-9.022523 -6.368599 22.767138
-9.738388 -6.587656 23.355850
-10.030050 -6.104142 22.588922
-10.377085 -5.337851 22.142387
-10.723712 -5.172522 23.013905
-11.264706 -5.051926 23.788381
-10.640916 -5.229310 24.485841
-10.399442 -5.349196 23.572415
-9.793689 -6.042131 23.327604
-9.355468 -5.349565 23.812727
-8.881828 -4.586738 24.130200
-8.326538 -4.180044 23.471957
-8.909916 -3.680369 22.908909
-8.466354 -3.087950 22.309472
-9.110812 -3.320870 21.648071
-8.805816 -2.683507 22.286643
-9.352931 -3.373856 21.924550
-9.745195 -2.612601 21.507838
-10.352915 -3.135521 22.021902
-9.653820 -2.497608 22.128502
-9.300306 -2.222200 21.288141
-9.989879 -2.167738 21.942780
-9.394501 -2.344161 21.220678
-8.642529 -1.800351 21.006579
-8.166316 -2.479821 20.539063
-7.516507 -1.786175 20.478781
-7.593744 -2.681278 20.162782
-7.093501 -2.191798 19.516874
-6.248223 -2.617537 19.410663
-6.066766 -3.482390 19.765811
-6.026273 -4.209550 19.152110
-6.339067 -3.585297 19.799796
-6.699957 -2.711114 19.912015
-7.210339 -2.987044 19.156765
-6.875887 -2.521543 19.917344
-6.851243 -2.377671 20.858472
-7.527572 -1.793235 20.529774
-6.799083 -1.840380 19.918130
-6.389966 -2.653205 20.199141
-7.340416 -2.599424 20.227074
-7.822502 -1.988581 20.776158
-7.268050 -2.605144 20.307690
-7.300536 -2.034923 19.545574
-7.173978 -2.826658 19.031602
-6.788194 -2.189045 19.624603
-7.137809 -1.565703 18.995124
-8.037192 -1.866059 18.906100
-8.025671 -2.419120 18.130845
-7.365825 -1.743995 18.256693
-7.143449 -1.476869 19.143385
-8.038604 -1.170120 19.251238
-8.679617 -1.784048 18.905950
-8.864596 -1.098273 19.540399
-8.185380 -1.410221 18.950159
-7.762460 -2.139954 18.507827
-8.274574 -2.668233 19.112549
-8.914524 -2.504406 18.426506
-9.344174 -1.898736 19.022824
-9.785695 -1.085235 18.798536
-8.982115 -1.071111 19.309505
-9.456886 -1.896563 19.293645
-9.228310 -2.753179 18.945808
-9.847830 -3.475550 18.908316
-10.100720 -4.336416 19.227667
-10.320145 -4.198475 20.144102
-10.558172 -3.785770 19.319452
-10.217149 -3.189518 18.659743
-11.062173 -3.598186 18.498643
-11.516291 -3.202341 17.761003
-11.956606 -3.474334 18.560486
-12.215744 -3.178079 17.693243
-12.916664 -3.797933 17.515703
-12.037655 -3.595912 17.821580
-11.373626 -2.954022 18.054109
-11.285232 -3.315566 17.177466
-10.484017 -2.869058 17.433814
-10.640961 -2.699019 16.509971
-10.355622 -1.796963 16.400864
-11.084434 -2.176353 15.919279
-10.513668 -2.362862 15.180044
-9.809131 -2.069318 14.610404
-10.573808 -2.481106 15.001210
-10.139553 -2.401905 14.157302
-10.924276 -2.093567 14.600210
-11.071200 -2.544472 15.426119
-11.641430 -1.813888 15.645468
-12.389324 -2.287342 15.294008
-12.258775 -1.945165 16.173155
-11.966806 -1.204609 16.695994
-11.407840 -1.735161 16.136440
-11.539141 -1.271631 16.957982
-10.988593 -1.948660 17.339505
-11.843430 -1.528943 17.328484
-12.467714 -1.306676 18.012513
-13.078331 -1.837952 18.514430
-12.787095 -2.727083 18.336503
-12.120265 -3.017366 17.721603
-11.287847 -2.603570 17.928684
-12.138680 -3.009575 17.793509
-12.509371 -2.248002 17.358050
-12.186991 -2.002730 18.219991
-11.544639 -2.578782 17.816782
-11.126360 -3.325647 18.234231
-11.325043 -3.975690 18.901313
-11.225726 -3.390717 19.646277
-11.432425 -4.118225 19.067453
-11.581652 -4.483562 19.934222
-10.872826 -4.851943 19.415676
-10.878125 -5.788743 19.244191
-10.074057 -5.304132 19.404373
-10.501667 -4.460227 19.294814
-10.130281 -4.161897 20.119497
-9.384239 -4.753534 20.099095
-9.735175 -4.452138 19.266609
-10.340450 -3.719569 19.329967
-10.653952 -3.093294 18.684579
-11.102587 -2.356645 18.280716
-10.401119 -2.606405 17.686921
-11.284823 -2.842225 17.421429
-12.174123 -2.962108 17.740496
-12.030290 -3.848450 17.423102
-12.449613 -3.641300 18.252731
-13.088389 -4.310129 18.025434
-13.728125 -4.993924 18.199188
-14.668267 -5.103354 18.093416
-13.739584 -4.892222 18.092685
-14.186065 -4.130468 18.449638
-14.923417 -3.896974 19.005355
-14.485190 -3.363622 19.661495
-14.758905 -3.876528 20.415841
-15.309615 -3.845063 19.639467
-15.383510 -4.564574 19.019891
-14.844297 -4.529053 18.235661
-15.382801 -5.283773 18.453465
-15.053052 -5.354251 17.562775
-14.426412 -4.684928 17.820372
-14.623760 -5.242112 18.567117
-13.957720 -5.731266 19.040562
-14.394069 -6.308892 19.659412
-14.866705 -7.016855 19.232290
-15.486171 -6.672235 19.868316
-14.608148 -7.021532 19.749593
-13.930022 -7.559568 19.352486
-14.611024 -7.809806 19.969451
-14.951949 -7.399876 19.180302
-15.419367 -7.453568 18.352251
-16.064090 -7.529719 17.655429
-15.945808 -6.830851 17.019330
-15.927658 -5.961838 16.630079
-15.616502 -6.186760 17.501641
-14.719375 -6.141432 17.185195
-15.262530 -6.574150 16.533453
-16.166069 -6.867579 16.600892
-15.853184 -5.971704 16.681762
-15.493829 -6.468035 17.410835
-14.593152 -6.661612 17.652370
-13.903460 -7.083661 17.149152
-14.143219 -6.343893 16.599344
-13.463212 -6.442551 15.939884
-13.838767 -5.812862 15.332034
-13.532334 -5.141230 14.730338
-13.075079 -5.765484 15.285544
-14.016157 -5.830477 15.154476
-13.269335 -6.008852 14.591031
-12.381302 -6.352620 14.606838
-13.095444 -6.027248 14.067244
-12.504734 -6.368544 13.402708
-12.290397 -7.151611 13.900599
-12.911605 -6.826570 13.256022
-12.287537 -7.460338 13.596474
-11.860129 -6.913553 12.944265
-11.417194 -6.880050 13.786711
-11.150216 -7.258549 12.954550
-10.269666 -7.096977 12.629659
-10.492675 -7.344049 13.521989
-10.571414 -6.821975 12.729354
-9.952158 -7.069921 13.409115
-9.405519 -7.849380 13.383474
-9.050100 -6.979165 13.536552
-9.090956 -6.162582 13.048134
-9.437797 -5.458964 12.508086
-10.054854 -6.158747 12.316842
-10.193035 -6.737307 11.573066
-9.882638 -7.236994 12.322063
-9.877879 -6.582389 11.630327
-10.289613 -7.284854 11.136317
-10.888110 -7.718101 11.737256
-11.525120 -8.327712 11.377226
-12.027065 -7.615783 11.762242
-12.501063 -6.799370 11.888031
-13.429808 -6.626093 12.008191
-13.287356 -5.768230 12.396529
-12.871880 -6.528854 12.001740
-13.601920 -5.943757 12.179878
-12.965199 -6.504069 12.613085
-13.687724 -6.200726 12.071817
-12.907297 -5.699075 11.856621
-12.683148 -6.356486 12.508233
-13.451834 -6.858179 12.254356
-14.124345 -7.060546 12.897634
-14.026317 -7.836769 12.354589
-14.688768 -7.936920 13.031462
-14.006476 -8.530052 12.731961
-13.882006 -7.851544 12.075331
-13.222978 -8.281196 12.612090
-13.845067 -7.904525 13.227031
-13.237941 -8.514373 12.818972
-13.560510 -9.268221 13.303423
-14.223538 -9.940051 13.430183
-13.725736 -9.420820 12.805986
-13.131056 -9.572653 12.077748
-12.695713 -8.817746 11.693533
-11.901708 -9.237671 11.376914
-11.886470 -8.426117 11.875089
-11.456148 -8.493699 12.722015
-11.056203 -7.780738 13.210648
-10.685164 -8.188545 13.987212
-11.433764 -7.848299 13.506732
-11.837315 -7.361349 14.218810
-11.249110 -7.280541 14.963469
-10.588258 -6.624899 15.164560
-10.200126 -6.117871 14.457945
-10.330356 -6.044741 13.517348
-9.956846 -5.610090 12.756691
-9.914410 -4.835612 12.204050
-9.258085 -5.075811 12.851021
-8.656517 -5.559194 13.409130
-9.063661 -4.991656 12.761702
-8.361344 -5.302638 13.324791
-7.684313 -5.621545 13.913823
-7.168758 -5.222117 13.219785
-7.555316 -4.596794 13.825236
-7.654542 -5.220787 13.112624
-6.887114 -4.683958 12.939710
-7.483121 -4.428081 13.637086
-8.154339 -3.786640 13.424839
-8.703039 -3.225081 12.885756
-9.306750 -3.740433 13.412041
-9.753524 -4.546050 13.653710
-9.009622 -3.969139 13.797976
-8.560230 -3.395159 14.410858
-9.306924 -3.232359 13.842550
-9.822179 -3.780165 14.426888
-9.009210 -3.321650 14.237482
-9.857106 -3.137788 14.630288
-10.697765 -3.169953 14.183872
-11.173772 -2.570973 13.616713
-10.325383 -2.188421 13.818994
-11.021494 -2.067615 14.457636
-11.194011 -2.927924 14.827956
-11.129892 -2.079990 15.256822
-11.615185 -2.730496 15.755182
-12.316439 -2.505178 16.358922
-12.287025 -1.904073 17.097053
-12.756125 -2.550733 17.615518
-12.075732 -1.980178 17.271188
-12.156360 -2.656191 17.937171
-11.850412 -3.290111 17.295633
-12.164154 -2.988034 18.142595
-12.696587 -2.310920 17.736318
-12.045341 -1.699810 18.067156
-12.500784 -2.029942 17.298642
-13.108513 -1.654140 17.928299
-13.261384 -2.317807 17.262562
-13.998944 -2.860941 17.523409
-13.186790 -3.358317 17.516228
-13.154756 -2.443703 17.779825
-13.683501 -3.056401 17.277769
-14.030484 -2.575734 18.023150
-13.487449 -1.977025 18.526826
-14.267487 -2.374130 18.151489
-13.621212 -2.411426 17.452941
-13.368691 -2.953230 18.194366
-13.518897 -3.833094 17.862239
-14.156843 -4.151655 17.230911
-14.752030 -4.659584 17.773859
-14.980590 -3.808186 17.413428
-14.382313 -3.172716 17.794576
-13.855932 -2.489002 17.391479
-13.380473 -3.040282 16.777429
-14.138191 -3.282707 17.300996
-13.695926 -3.997430 16.853111
-14.313205 -4.399158 17.456941
-13.418390 -4.603464 17.202783
-12.887695 -4.009014 17.724340
-13.264408 -4.526915 17.019431
-13.750197 -4.726670 16.224990
-13.313702 -3.939171 16.535390
-12.482116 -3.609341 16.208730
-12.145978 -4.497579 16.279955
-11.590718 -5.060703 16.810622
-11.433428 -5.181551 17.742118
-11.943282 -5.785619 18.273325
-12.379641 -6.597250 18.513896
-11.779263 -6.289285 19.186008
-12.295396 -6.805085 19.798044
-11.624906 -7.421237 20.077021
-11.166083 -7.275325 19.255302
-10.621051 -7.545110 19.988232
-11.291872 -7.357534 20.637728
-11.323875 -6.410111 20.729356
-10.442398 -6.324122 20.379168
-9.950621 -5.715882 19.835818
-9.047475 -5.417330 19.882976
-8.271740 -5.897793 20.155772
-7.391092 -6.158377 20.407936
-6.729690 -6.768473 20.095910
-7.609380 -6.471421 20.307893
-8.105208 -7.281102 20.382737
-7.473203 -7.719328 19.820992
-6.834505 -8.409132 19.973517
-7.606181 -8.574400 19.440382
-6.886771 -8.403337 18.840201
-7.415385 -8.526739 18.057660
-7.863431 -7.706203 17.875988
-8.501115 -7.080573 18.206102
-8.665688 -7.768544 18.843787
-7.979827 -7.418776 18.283174
-7.498685 -7.962053 17.666424
-6.671837 -7.786299 17.227718
-6.910643 -7.308730 18.016343
-7.202967 -6.641469 17.402878
-7.364730 -7.533407 17.694952
-8.276310 -7.456773 17.959862
-8.680576 -7.150667 17.153700
-7.964445 -6.742896 16.676302
-8.294120 -5.874682 16.465240
-8.174003 -4.977827 16.762314
-8.217848 -4.028595 16.826077
-7.306891 -3.775297 16.711939
-6.745778 -4.058887 17.427311
-6.836813 -3.366744 16.779485
-7.471116 -2.670717 16.921737
-7.514935 -1.916350 17.501427
-6.699254 -2.360753 17.291190
-6.677024 -2.138694 18.217054
-6.602206 -2.681419 18.996080
-5.865103 -2.476187 18.428992
-6.025517 -2.473879 17.490221
-6.724033 -2.863141 18.007502
-6.054023 -3.506591 18.217470
-5.881902 -2.797547 17.605376
-6.648749 -3.141885 17.157708
-7.310371 -3.616235 16.663464
-7.532889 -3.209225 15.831684
-7.236463 -2.373862 16.180010
-6.602790 -2.752225 15.578072
-6.247055 -3.353730 14.931022
-6.703428 -2.729196 14.375405
-6.544958 -3.657944 14.236322
-7.216310 -3.242188 14.768734
-6.650409 -3.916877 14.405996
-7.038727 -3.321484 13.772162
-7.939628 -3.618526 13.856856
-7.109060 -3.716751 14.312419
-7.516130 -2.919745 13.986684
-7.042970 -3.339224 14.698853
-7.826997 -3.088373 14.219892
-8.509899 -3.293145 14.851352
-9.172109 -3.942568 15.067590
-9.204702 -3.084107 14.656479
-9.929728 -3.282121 15.241421
-9.745958 -2.464312 15.693579
-10.062352 -1.742219 15.159251
-10.724626 -2.185650 14.637912
-11.331659 -2.690469 15.170546
-12.235886 -2.408541 15.270146
-11.683386 -1.653663 15.091450
-12.255035 -2.415322 15.080416
-12.601051 -2.926260 15.805843
-12.185710 -2.608463 15.009899
-12.502943 -3.347228 14.499390
-12.566162 -2.506682 14.056088
-11.771970 -2.778992 14.505683
-12.597150 -3.081462 14.872590
-12.959726 -3.841392 15.317644
-13.370761 -4.504683 15.863652
-14.316113 -4.525591 15.750070
-13.584937 -3.924163 15.853481
-13.109652 -4.681802 15.526193
-13.539918 -3.843253 15.663080
-14.022455 -3.204305 16.178766
-14.486852 -2.542574 16.682231
-13.935620 -3.227457 16.316024
-13.861810 -3.122550 17.259727
-14.720855 -3.103558 17.670472
-14.479760 -2.452483 17.018550
-14.837146 -3.072315 17.647130
-14.735695 -4.016581 17.718543
-14.416822 -3.207932 18.107690
-13.693115 -2.713082 17.735667
-13.715199 -3.349099 17.027130
-13.827316 -3.916985 16.270847
-13.529814 -4.667025 16.776775
-13.086776 -5.278447 16.196336
-13.552792 -4.878297 16.924168
-14.216698 -5.173399 17.539938
-13.500591 -5.736626 17.262457
-13.537901 -5.159890 18.019433
-14.162050 -4.779328 18.629877
-13.228470 -4.748027 18.444189
-12.409466 -4.278990 18.571727
-12.959365 -3.501419 18.566818
-13.317121 -4.145783 19.170006
-13.062040 -3.512198 19.833733
-13.648569 -4.251234 19.963496
-14.296411 -3.900825 20.567270
-13.767002 -4.666189 20.769688
-13.611734 -4.656161 21.709273
-14.447374 -5.112123 21.738132
-14.992446 -5.889956 21.808149
-15.529010 -6.597960 22.151452
-14.864882 -7.259876 21.984629
-15.480366 -7.765112 22.507070
-15.256066 -7.199452 21.774440
-15.397730 -6.486070 22.389294
-14.653484 -7.053112 22.211558
-15.526359 -7.274998 21.901904
-15.880485 -7.892319 21.269022
-15.246582 -8.036421 21.965033
-14.571552 -8.699230 21.855267
-15.037538 -9.255495 22.472078
-14.741593 -10.000637 21.958064
-14.054285 -10.381318 21.419810
-14.588351 -9.710203 21.833822
-14.283545 -8.999236 22.389384
-15.096907 -8.581228 22.123411
-15.090916 -7.888202 21.470183
-15.053108 -8.038376 22.409889
-14.190288 -7.842215 22.762154
-14.693106 -8.259526 22.069294
-15.158574 -8.737988 21.389999
-15.780499 -9.409021 21.125511
-15.506425 -10.123614 20.558706
-15.398669 -11.059246 20.700163
-14.823265 -11.197774 19.954007
-13.984081 -11.507047 19.626668
-13.418920 -11.990271 20.221745
-14.146328 -11.382443 20.313670
-14.626818 -10.867859 20.955045
-14.896905 -9.954842 20.977010
-13.947435 -9.898002 20.928981
-13.277930 -9.701271 20.280837
-12.722913 -10.277502 20.797503
-13.379794 -9.964900 20.182835
-13.325518 -10.415302 19.345446
-13.518051 -10.921152 20.129075
-14.405690 -11.043257 19.806246
-13.735353 -10.380598 19.942490
-13.203393 -10.957408 19.402730
-13.494823 -11.616836 18.780434
-13.474206 -10.863467 19.362705
-14.088935 -10.421578 18.784889
-14.611126 -9.625565 18.811536
-14.206813 -9.377512 17.985685
-13.861337 -8.758495 18.621683
-13.574514 -8.665824 19.525107
-13.066138 -9.330194 19.069920
-13.979066 -9.268275 19.334037
-14.800770 -8.843307 19.107691
-14.063152 -8.737298 18.514640
-13.904179 -9.377996 17.828153
-14.711184 -9.248744 18.317099
-14.329688 -9.696766 17.568255
-14.168455 -8.800849 17.848194
-13.515787 -9.331802 17.401941
-13.970054 -8.676293 16.881384
-14.394332 -9.512599 16.715217
-13.820299 -9.469961 15.956470
-14.124498 -8.678961 15.521947
-14.090407 -7.756798 15.286399
-14.355429 -8.311577 16.013732
-13.722497 -7.684250 15.677741
-14.397602 -7.044682 15.883205
-15.222218 -7.121196 16.353505
-15.349438 -7.914764 15.842530
-15.153351 -8.104849 16.754916
-15.668586 -8.588528 17.393366
-15.435008 -7.719356 17.081897
-15.808036 -8.018656 17.905487
-15.397882 -8.301869 18.717025
-14.739590 -7.716697 19.079317
-14.990967 -8.182344 18.287476
-15.635392 -7.813356 17.691160
-15.222507 -7.719424 18.544232
-16.048734 -7.729365 19.017813
-16.826011 -7.271759 18.712090
-16.697063 -7.120524 17.780677
-16.540305 -7.524927 18.628565
-17.082894 -8.263551 18.887523
-16.496489 -7.582983 19.203724
-16.465677 -6.917788 19.884603
-16.848805 -6.460916 19.141965
-16.241937 -6.845345 18.516700
-16.931069 -7.360790 18.924675
-16.322442 -7.915144 18.445829
-16.482514 -8.593708 19.094640
-16.273198 -8.341173 19.988756
-16.148201 -7.404032 19.873992
-16.210672 -6.903231 19.066326
-16.969090 -7.408550 19.342887
-16.321410 -7.212019 18.672873
-17.129647 -7.715700 18.663386
-16.220671 -7.496609 18.482295
-16.852685 -6.995184 18.988420
-16.277750 -6.995353 18.229156
-16.556330 -6.792576 17.341291
-16.875911 -7.478282 17.919829
-16.516429 -8.114883 18.530190
-16.803262 -7.402018 17.967535
-16.349230 -8.197810 17.707540
-15.441524 -7.927233 17.806982
-14.561484 -7.918406 17.443002
-15.058284 -8.390315 16.781549
-15.886567 -8.658692 16.395607
-16.083431 -9.190343 15.630348
-16.375485 -8.742308 16.418382
-16.955808 -8.713517 17.172986
-16.865911 -8.729456 18.120980
-16.182265 -8.260790 17.651930
-16.819898 -7.581743 17.453565
-16.119370 -8.216035 17.571728
-16.433525 -7.706467 18.312454
-17.140888 -7.068865 18.301020
-17.190834 -7.954857 18.646786
-16.779410 -8.335423 19.416805
-16.166791 -7.876133 19.983179
-15.874390 -8.301199 19.182648
-16.566430 -8.898943 19.448752
-16.018335 -8.918994 18.670152
-16.117231 -9.276381 17.792927
-15.463648 -8.775137 17.314791
-14.843642 -8.874560 18.030848
-13.993260 -8.935177 18.455355
-14.849827 -8.904464 18.870541
-14.292417 -8.392913 18.292061
-13.773169 -7.946420 18.953917
-14.232540 -7.958476 18.119733
-13.698801 -7.460966 17.507659
-13.156976 -6.842637 17.988414
-13.548007 -6.316435 18.679237
-14.168775 -5.699433 18.303756
-13.439406 -6.084185 18.780218
-14.152542 -6.497452 19.257371
-14.724204 -6.578078 18.499921
-15.233078 -5.945413 18.997727
-14.569226 -6.346695 18.445186
-14.096575 -6.919002 19.041923
-14.677390 -6.720869 19.770227
-14.073720 -7.127831 19.156229
-13.369409 -7.039210 19.791147
-13.822936 -6.426263 19.220499
-13.019154 -6.917895 19.081711
-12.168099 -7.340212 19.147906
-11.520938 -7.209954 18.461432
-12.372506 -6.910429 18.764987
-13.043300 -6.354584 18.380147
-12.814752 -6.311548 17.456598
-12.274331 -7.006677 17.093597
-12.094027 -7.252232 16.191254
-12.781202 -6.708645 15.817981
-12.896479 -7.323318 16.536254
-13.402760 -7.926372 17.072012
-14.330670 -8.076722 16.919017
-14.593761 -8.502387 16.108695
-14.955541 -7.807335 15.567356
-15.842380 -7.764811 15.222772
-16.292761 -8.121831 14.463349
-15.869893 -8.558818 15.196326
-15.220769 -8.369614 14.525604
-15.320026 -8.098810 13.617946
-15.710694 -7.605729 14.332982
-16.320763 -7.020143 14.771087
-15.887432 -7.868108 14.756594
-15.575700 -7.259320 14.093850
-14.879567 -6.633884 13.917051
-15.085046 -5.896275 13.350711
-14.617994 -6.508738 13.910872
-13.843127 -6.825014 14.365383
-13.535590 -7.376676 13.652558
-12.862234 -8.032627 13.805371
-12.258537 -8.069785 13.069709
-11.886565 -8.209059 13.935312
-12.344186 -8.989398 14.233111
-11.642362 -8.350347 14.155094
-12.048443 -7.824796 14.837682
-12.842016 -7.363528 15.091652
-13.192152 -6.680026 14.528394
-13.327007 -6.206250 13.713298
-13.833850 -6.132912 12.910328
-13.357310 -5.910715 13.704410
-12.917170 -5.258788 14.241343
-13.504267 -5.907501 13.865154
-13.938304 -6.495592 13.254590
-14.317961 -5.751270 13.711617
-15.164792 -5.329774 13.822282
-15.598907 -6.097021 14.182708
-14.669426 -6.276272 14.287411
-14.140621 -5.866105 13.609800
-13.782137 -5.057431 13.962740
-13.303971 -4.347099 13.545830
-13.694156 -5.210821 13.639473
-13.305955 -4.666261 14.317547
-13.386606 -4.020339 13.622342
-12.887072 -4.394548 12.902992
-12.470092 -4.832636 13.638680
-12.037605 -4.406808 14.372610
-11.749390 -4.355921 15.278906
-12.588069 -3.904823 15.266332
-12.623633 -4.651520 15.856423
-12.410406 -3.724657 15.806540
-12.038789 -2.941217 16.200434
-12.347630 -2.332289 15.536468
-11.455646 -2.312770 15.869650
-10.721285 -1.810647 15.529626
-10.582079 -1.520546 16.426003
-9.943370 -1.757464 15.760458
-9.206929 -1.379296 16.231277
-9.962796 -1.946185 16.111568
-9.295167 -1.332020 16.401570
-8.486644 -1.809979 16.243851
-7.825247 -2.384790 16.616913
-8.465746 -2.971770 16.226725
-8.847663 -3.544252 16.885081
-8.301975 -2.863247 17.266507
-7.964621 -3.584357 16.743802
-7.292682 -3.926691 17.325468
-7.834605 -4.704009 17.229930
-8.382508 -4.219562 17.839966
-8.793409 -3.724846 18.542423
-8.359443 -3.110297 19.126404
-8.885863 -3.166236 18.334708
-9.779629 -3.413953 18.551152
-9.999108 -4.224212 19.000973
-9.144536 -3.906218 18.725988
-10.041345 -3.897530 19.046437
-10.072440 -3.390534 18.240821
-10.796085 -3.858460 18.646299
-10.740269 -4.802027 18.762900
-10.156445 -4.553725 19.473200
-10.674070 -5.249379 19.867102
-11.291460 -5.697313 20.437377
-11.111302 -6.377731 19.795815
-11.069429 -5.986771 18.928390
-11.476324 -5.355134 19.513624
-10.730088 -4.764125 19.484158
-11.142113 -4.185719 20.118752
-11.662409 -3.452884 19.803672
-11.634235 -3.787666 20.694828
-11.172670 -4.454841 20.195963
-10.664203 -4.902945 19.526865
-10.175535 -4.682135 18.739797
-10.403740 -4.062450 18.053545
-9.991082 -4.853087 18.387664
-9.417277 -4.754088 19.141307
-10.048201 -4.912955 19.836810
-10.426130 -4.123363 19.461652
-10.802997 -3.839020 20.288786
-11.185087 -4.236330 19.512138
-10.806933 -5.109652 19.475543
-11.372710 -4.686650 20.114289
-11.256895 -5.396948 20.738063
-11.820542 -5.527751 21.494516
-12.523385 -5.365040 20.872771
-12.191877 -5.897902 21.589144
-11.795715 -6.701895 21.911137
-10.911978 -6.350794 21.963743
-11.086980 -7.192126 22.374311
-11.827886 -7.726939 22.105866
-10.981699 -7.296413 22.030734
-11.110928 -8.202354 21.766916
-10.879046 -7.934071 22.650819
-11.235926 -8.722278 23.048810
-11.724410 -8.167730 22.448070
-11.055942 -8.232916 21.772843
-10.815100 -8.882893 22.425954
-10.533951 -8.001481 22.652004
-11.164929 -7.299078 22.776616
-11.024467 -8.186789 23.091687
-11.729525 -7.597471 22.841431
-11.692951 -8.260271 22.158505
-12.543323 -8.461888 22.536988
-12.713053 -9.280640 22.081064
-12.111066 -8.954900 22.743283
-12.808990 -8.442734 23.140292
-12.238657 -8.669970 22.412204
-12.366693 -9.613582 22.427503
-12.422195 -8.672344 22.561741
-11.483823 -8.835087 22.562970
-11.863486 -8.843093 21.689573
-12.147133 -8.066043 21.217590
-11.538048 -7.433504 21.586288
-11.759750 -6.567956 21.915991
-11.109097 -6.288428 21.279169
-10.275964 -6.747020 21.330278
-9.379120 -7.066810 21.309449
-9.791268 -6.903837 22.152421
-9.183089 -7.605985 21.942336
-9.805234 -8.320178 22.041793
-9.230710 -7.769837 21.518271
-9.033103 -8.229539 20.707929
-9.518436 -8.832600 21.262725
-9.188392 -8.352175 20.509536
-8.536150 -7.670288 20.638526
-7.964774 -8.267086 20.164825
-7.377266 -7.517549 20.157312
-6.589224 -7.488450 19.623296
-6.242305 -8.373035 19.688000
-6.825764 -7.758885 19.252771
-6.705283 -8.702877 19.290096
-7.440020 -8.827946 19.883011
-7.081763 -8.640674 19.020683
-6.414751 -9.194470 19.414936
-6.202688 -9.727513 20.175149
-5.419740 -9.765212 19.634222
-6.064012 -9.682817 18.937691
-6.208656 -10.119715 18.103888
-6.207239 -9.184788 17.922399
-5.456464 -8.645378 18.151313
-4.929922 -8.015825 18.634477
-5.032229 -7.210995 18.135666
-4.486215 -6.777924 18.784780
-5.066597 -6.810120 18.030360
-5.500055 -7.656606 18.081399
-5.023324 -6.845474 17.933679
-4.408921 -7.388029 17.448732
-4.294069 -8.154647 16.895437
-5.081770 -7.671965 16.663980
-5.219562 -6.914905 17.225142
-5.798946 -6.541973 16.567672
-6.278081 -5.948946 17.138441
-6.991359 -6.098788 16.525407
-7.009465 -5.437382 17.210421
-6.727359 -5.527082 18.115628
-7.168911 -6.172165 18.659621
-6.708193 -6.888564 18.233545
-6.980662 -6.175207 17.664412
-6.528163 -6.310197 16.837338
-7.196087 -6.879995 17.206443
-7.171171 -6.201000 17.873806
-6.374894 -5.811197 17.525918
-6.368863 -5.013649 17.005429
-5.846023 -5.615841 16.484822
-6.340695 -5.635664 15.671229
-5.697975 -5.719044 16.369073
-6.261976 -6.455070 16.151822
-6.778650 -6.472833 16.951673
-6.546464 -7.164903 17.563359
-5.800314 -7.441875 18.086405
-6.468083 -7.774169 17.494210
-5.617136 -7.640281 17.088017
-5.156295 -8.169682 17.731749
-4.317998 -8.124621 18.181477
-4.659040 -7.780599 17.361496
-4.052246 -8.495060 17.529945
-3.500872 -7.954410 18.087363
-3.837160 -7.302773 18.695072
-4.707574 -7.103817 18.363675
-3.800238 -7.105090 18.074246
-3.032925 -7.669136 18.063681
-3.418057 -8.491395 18.351072
-3.667766 -9.055538 17.625526
-4.060757 -8.515839 18.304726
-3.440982 -7.981144 18.791559
-3.932787 -8.790303 18.893627
-4.545767 -9.307424 18.379943
-3.999529 -8.739623 18.914970
-4.641427 -9.146343 19.489058
-4.337565 -10.048454 19.518907
-4.725887 -9.986432 20.386310
-5.446016 -10.545154 20.662486
-6.014070 -10.171501 19.995608
-5.136250 -10.444317 20.244673
-4.626530 -10.708250 21.004643
-5.269261 -10.708383 21.707441
-5.863186 -11.020920 21.031717
-5.531864 -11.130616 20.145590
-5.528150 -11.975963 19.706949
-5.250726 -12.005900 20.617535
-5.424730 -12.936819 20.516830
-6.176195 -12.665982 21.035459
-6.074969 -12.588137 21.979241
-6.268330 -11.657863 21.914199
-6.918906 -11.431001 21.256693
-7.320718 -11.167104 20.434541
-7.803703 -11.700482 21.058450
-8.380867 -12.343955 21.458266
-7.553602 -12.493469 21.905824
-8.055472 -11.909652 21.345188
-8.697022 -12.608357 21.260016
-9.209034 -11.940237 20.814495
-8.507530 -12.513908 21.107452
-7.735970 -11.965552 21.002423
-8.178009 -12.633361 20.486998
-8.758094 -12.372562 21.195880
-8.570882 -11.894934 20.393476
-7.916321 -11.766752 19.713661
-7.857835 -12.663306 19.397747
-8.401551 -12.377193 18.670050
-7.703704 -11.926768 18.204051
-8.396416 -12.566886 18.336068
-8.424311 -11.988475 19.092171
-8.369687 -11.289004 19.736209
-9.195250 -11.467100 20.176387
-9.818270 -11.624721 20.879260
-9.454804 -10.752594 20.998912
-9.354155 -11.048959 20.099430
-8.759421 -11.740191 20.374235
-8.147478 -11.347745 19.758979
-8.383288 -10.502429 19.389029
-8.583331 -10.838386 20.257444
-8.050696 -11.283832 19.605595
-8.078996 -11.932111 20.302705
-7.143611 -12.105071 20.256121
-8.011015 -12.320963 19.927440
-8.102192 -11.446801 19.560619
-7.497231 -10.714637 19.490004
-7.591168 -10.301806 20.343102
-8.415894 -10.744167 20.166550
-9.115692 -10.385118 19.629525
-9.543578 -10.955165 20.261181
-9.295231 -10.620281 21.117456
-9.274397 -9.762109 20.704980
-9.301045 -10.561865 20.188541
-9.670454 -11.021146 19.440458
-9.036242 -11.674990 19.162444
-8.978874 -11.127511 19.939623
-9.688633 -11.747368 19.801598
-10.305726 -11.577417 20.506823
-10.977602 -11.595470 21.181572
-10.083830 -11.528330 20.859559
-9.917631 -10.832019 20.231422
-9.316462 -10.093410 20.222418
-8.583258 -9.502587 20.365143
-9.287111 -9.512880 19.723649
-10.015642 -9.021823 19.356043
-9.981442 -9.966180 19.237513
-9.307574 -10.639170 19.233442
-10.166265 -10.724598 18.830474
-10.795481 -11.015495 18.177409
-11.366248 -10.844787 17.434365
-11.781129 -11.699400 17.366987
-12.590084 -11.303143 17.057792
-12.000956 -11.726900 17.674549
-12.553094 -12.137587 18.332963
-12.183908 -11.513592 17.715418
-12.905527 -10.905086 17.588861
-13.490017 -10.612275 16.896285
-12.563589 -10.791344 17.025490
-12.980010 -10.181383 17.626796
-13.488577 -10.028185 16.836278
-14.355494 -10.421476 16.807890
-14.412572 -11.097518 17.476274
-13.835342 -11.336740 18.195030
-13.417420 -10.878273 18.917649
-13.812019 -11.082376 19.760063
-13.594155 -11.406322 20.628754
-12.819558 -11.867719 20.321929
-11.879240 -11.850281 20.171835
-11.971791 -12.574178 19.559924
-12.009297 -11.801854 20.115927
-12.424969 -11.264350 20.783261
-12.101526 -11.406500 19.898836
-12.582944 -10.663974 20.250861
-12.200380 -9.814458 20.448338
-12.358813 -8.886201 20.305976
-12.244694 -9.027780 19.371117
-11.914760 -8.161252 19.153624
-11.252408 -8.662209 19.619845
-10.947553 -9.007240 20.453539
-11.629278 -9.091027 21.113282
-12.275372 -9.593363 20.626198
-12.111984 -10.293873 21.250392
-12.159057 -9.468794 20.777045
-12.421121 -9.789470 19.919421
-12.386282 -9.034410 19.340024
-12.065679 -8.188856 19.041222
-12.665385 -8.698239 18.504648
-13.215434 -9.266715 19.035034
-12.666590 -9.005079 18.301995
-13.277087 -8.633847 18.931687
-13.265344 -9.140188 18.125144
-12.721519 -8.589491 18.680138
-12.128309 -9.222619 19.072923
-12.732455 -9.815425 19.509521
-12.220765 -9.365571 18.844063
-12.653842 -9.969331 19.439837
-12.492300 -10.475209 18.649254
-12.804350 -11.134778 19.261319
-12.184837 -10.431961 19.432437
-12.483692 -9.536304 19.307886
-12.360880 -10.291418 18.740656
-12.058873 -10.600528 19.589346
-12.120363 -11.405186 19.083604
-12.064176 -10.517093 19.422962
-11.354068 -10.432767 20.051980
-10.538005 -10.538794 20.531386
