-3.380952 -10.999972 -11.000000
-3.936969 -10.297315 -11.322721
-4.492054 -10.398844 -12.089925
-4.212254 -11.303635 -11.989462
-4.697311 -10.547922 -12.306709
-5.568402 -10.477099 -12.685146
-4.873996 -10.713600 -12.077776
-5.352182 -9.906636 -11.912922
-6.040916 -9.582076 -11.340790
-5.609975 -10.220027 -11.901448
-5.263985 -10.211049 -11.014182
-4.576521 -9.914918 -11.603020
-5.362790 -10.433235 -11.461041
-5.653357 -11.089884 -10.835410
-6.351099 -10.642369 -10.366459
-6.072717 -9.754763 -10.162280
-6.819810 -9.378884 -9.706653
-7.430223 -9.259884 -8.985358
-7.032693 -9.922453 -9.542136
-6.249909 -10.464894 -9.536159
-6.177365 -10.254343 -10.462137
-6.712332 -10.575985 -11.181432
-7.300835 -11.143721 -10.693201
-6.486573 -11.007926 -11.168140
-6.252235 -11.381379 -12.012325
-5.943331 -10.517549 -12.268068
-6.512493 -9.754466 -12.296148
-7.020071 -8.978888 -12.514946
-6.852110 -8.740135 -11.608405
-6.461380 -8.186906 -12.277955
-5.822457 -7.952715 -11.611650
-6.092830 -7.089103 -11.908470
-6.661500 -6.446147 -12.321086
-6.121644 -5.777343 -11.910860
-7.024938 -5.917981 -12.177898
-6.180744 -5.821980 -11.747609
-6.344540 -6.491002 -11.089878
-6.993269 -7.062492 -11.489352
-7.876942 -6.727977 -11.369975
-7.559391 -7.189012 -10.599496
-7.203723 -7.328593 -11.471875
-6.618977 -7.634806 -12.158414
-6.257942 -8.496883 -12.341461
-5.515448 -8.368740 -11.758957
-5.483167 -8.530873 -12.696881
-5.285656 -9.349925 -12.252839
-6.201390 -9.380890 -12.512654
-5.509815 -9.247336 -13.153684
-5.682069 -10.033130 -12.643891
-6.041890 -9.646753 -11.851256
-5.385546 -9.246766 -12.413618
-4.679653 -9.734689 -12.826749
-5.028674 -9.707634 -11.941039
-5.524818 -9.097304 -11.404041
-5.988641 -8.464362 -10.864333
-6.548035 -8.821982 -11.547133
-7.184036 -8.135437 -11.723733
-7.108965 -8.987067 -12.143400
-7.741326 -9.632992 -11.843518
-8.650410 -9.829399 -12.048510
-8.260475 -9.191146 -12.638097
-8.722768 -10.022374 -12.686812
-9.050328 -9.284804 -12.181122
-9.313462 -10.045885 -12.689595
-8.611731 -9.403711 -12.642491
-8.807286 -8.827775 -13.375353
-9.281036 -8.526513 -12.606048
-9.455180 -7.593225 -12.530707
-8.601424 -7.216988 -12.721953
-9.270301 -6.613378 -12.413267
-8.513623 -6.950317 -12.883309
-7.904713 -6.976137 -12.151468
-8.466330 -7.316530 -12.841213
-8.239859 -7.895852 -13.562410
-8.775791 -8.496912 -13.053949
-7.978156 -9.014762 -13.002570
-8.898184 -9.140160 -12.790784
-9.343110 -8.556451 -12.183862
-9.554705 -7.802603 -12.726051
-8.844329 -8.374656 -13.000187
-9.417212 -8.070888 -12.302650
-9.982015 -7.328132 -12.112017
-9.814290 -8.137099 -12.585800
-9.847684 -8.073652 -13.535478
-8.962159 -8.423335 -13.511040
-8.587077 -8.836538 -12.739285
-8.404199 -7.990292 -12.342479
-8.234264 -8.657370 -13.000628
-8.029825 -9.460375 -13.470112
-8.580655 -10.128972 -13.865830
-9.062009 -10.626350 -13.211656
-9.417203 -9.765070 -13.409298
-8.871288 -9.007942 -13.220183
-9.530413 -9.460453 -13.737693
-10.254525 -8.987116 -14.135994
-10.540983 -9.892139 -14.059154
-11.176234 -9.197272 -13.915470
-10.904483 -10.097037 -14.069105
-10.457053 -10.915465 -13.876717
-9.852651 -10.454079 -13.303262
-10.249159 -10.486364 -14.168576
-10.906196 -10.499552 -13.479259
-10.998896 -10.941140 -14.317970
-10.332944 -11.573990 -14.066896
-9.728125 -11.979808 -13.453271
-10.043790 -11.922395 -14.349981
-9.399060 -11.293862 -14.039663
-9.681167 -12.203330 -14.021990
-10.026306 -11.316590 -13.982000
-9.544754 -11.759950 -13.290212
-9.225148 -11.371620 -12.481459
-9.883294 -11.368210 -11.793083
-10.508369 -11.917139 -12.256752
-10.547697 -11.236697 -11.591559
-10.841745 -11.396384 -12.483224
-11.020431 -11.153257 -11.579902
-10.777206 -10.498850 -12.227684
-10.368814 -11.319591 -11.969559
-10.123211 -10.740851 -12.684939
-10.274368 -11.319254 -11.943569
-9.574208 -11.414870 -11.305083
-10.522718 -11.407510 -11.219619
-9.687040 -11.477918 -10.768271
-9.288574 -12.176397 -11.278546
-8.770774 -11.382505 -11.185557
-9.628712 -11.004136 -11.352315
-10.208026 -10.256318 -11.462746
-9.681417 -9.793994 -12.107703
-8.940256 -9.886657 -11.516835
-9.469980 -10.145494 -12.264783
-9.144054 -9.420581 -11.740090
-9.804473 -9.435737 -11.054053
-10.152356 -8.810464 -11.682575
-9.334311 -9.232300 -11.437857
-9.107031 -8.962868 -10.553110
-8.156122 -8.927120 -10.514087
-7.872855 -8.469276 -11.299688
-7.484939 -7.844894 -10.694131
-7.709430 -7.149390 -10.083470
-7.485824 -6.515724 -9.408566
-8.109076 -7.169890 -9.709652
-8.479212 -6.294107 -9.654570
-8.673106 -7.225914 -9.688770
-9.512769 -7.101444 -10.120629
-10.245100 -7.227960 -10.716207
-10.907725 -7.398701 -11.378630
-11.212942 -6.739229 -11.994234
-11.015875 -7.526078 -12.493295
-11.212683 -8.023217 -13.281426
-11.974075 -7.495930 -13.503413
-11.510883 -8.041550 -12.875097
-11.025747 -8.845512 -12.715989
-11.929409 -8.822549 -12.416163
-11.825978 -9.115609 -13.316411
-11.965371 -9.997832 -12.985834
-11.046832 -10.241359 -12.922504
-11.148953 -10.657308 -13.773143
-10.309631 -10.813739 -14.195160
-10.963161 -11.173863 -14.786970
-11.339990 -10.499559 -14.229885
-10.893074 -9.851569 -14.765987
-9.951340 -9.709946 -14.776450
-9.871646 -9.039493 -15.448144
-9.186520 -8.741941 -14.857301
-8.311382 -8.652357 -15.222180
-7.789736 -9.277007 -14.727480
-8.285771 -9.015817 -13.957571
-8.449931 -8.078827 -14.003714
-9.037066 -7.336082 -14.106837
-9.526281 -6.721593 -13.568227
-9.609250 -6.882139 -14.503305
-8.734190 -6.515786 -14.587479
-8.700605 -6.156774 -13.705995
-8.045908 -6.700770 -13.278831
-7.233783 -6.572341 -12.798217
-7.830150 -5.858672 -13.003285
-7.698078 -5.318343 -13.776350
-7.620871 -6.181022 -13.380304
-7.814854 -7.068466 -13.666385
-7.506766 -6.640150 -12.873506
-7.641159 -7.314936 -12.214998
-7.051291 -7.961850 -12.589948
-6.780764 -7.644847 -13.446309
-5.920648 -7.511706 -13.832965
-5.414923 -7.148650 -13.112228
-5.934866 -6.503760 -12.642329
-6.049288 -6.549995 -13.586680
-6.488562 -6.718133 -12.758550
-7.218829 -6.106962 -12.773060
-7.886128 -6.508693 -13.321106
-8.455730 -6.681035 -12.577547
-7.742234 -6.818675 -13.193182
-7.420766 -6.101972 -12.654643
-7.021488 -5.498942 -13.274290
-7.219033 -5.325468 -12.358914
-7.382915 -5.991285 -13.019867
-7.292375 -5.434786 -12.252311
-7.956044 -6.002978 -12.631432
-8.113311 -6.654046 -11.954375
-8.694859 -5.991361 -12.314487
-8.640250 -5.483851 -13.118528
-7.776233 -5.446258 -13.517392
-8.193328 -4.705788 -13.087548
-7.513954 -5.227833 -12.671674
-8.195015 -5.534252 -12.080665
-8.804064 -4.945637 -12.516120
-8.807988 -5.391416 -11.674517
-9.702426 -5.710690 -11.745747
-9.245590 -6.268513 -11.123521
-8.539813 -6.906698 -11.163874
-9.047270 -6.909596 -10.357952
-9.880397 -6.910124 -10.819391
-9.552332 -6.081771 -11.155896
-9.964165 -5.822391 -11.974520
-9.222430 -6.291754 -12.344057
-8.957696 -7.044134 -12.864509
-9.087077 -6.248130 -13.371132
-9.642179 -6.776812 -12.805989
-8.866173 -6.241886 -12.942733
-8.784250 -5.350696 -13.268463
-8.595550 -5.984796 -13.953545
-7.928317 -5.840130 -13.289541
-8.592787 -6.461870 -13.570520
-8.597550 -7.378001 -13.310310
-8.188944 -6.891416 -14.019750
-8.245014 -6.494641 -13.155775
-8.585459 -5.842285 -12.551160
-8.012638 -6.592560 -12.677622
-7.792902 -6.271564 -11.808308
-7.402898 -5.562846 -12.310947
-7.752014 -6.367784 -11.940511
-8.312812 -5.727204 -11.513672
-7.456954 -6.066332 -11.757656
-7.477857 -6.826092 -11.183759
-7.426876 -7.100865 -10.273303
-6.743968 -6.532344 -10.616010
-5.912790 -6.963849 -10.789154
-5.390875 -6.832032 -10.003496
-5.908165 -6.166343 -10.446553
-5.509049 -6.679070 -9.750243
-5.895208 -7.336928 -9.180039
-6.270409 -7.093534 -8.339198
-6.813335 -6.421266 -8.739592
-7.344540 -6.950309 -8.152255
-7.743120 -7.530043 -7.510328
-6.860350 -7.297348 -7.781619
-7.506496 -6.676090 -8.103432
-7.050752 -6.240952 -8.817562
-6.430922 -6.717248 -8.273519
-6.160299 -6.298498 -9.084964
-7.057204 -5.985633 -9.153575
-7.201412 -5.071307 -9.377717
-6.644998 -5.607884 -9.934060
-6.491214 -5.346446 -10.836850
-7.260430 -5.116905 -11.349343
-8.033762 -5.568332 -11.024996
-8.620582 -6.272583 -11.283266
-8.081220 -7.003395 -10.996856
-7.475248 -6.271769 -11.064312
-7.350393 -5.508024 -10.509213
-6.529856 -5.910658 -10.241568
-6.758110 -6.319960 -11.070665
-5.920891 -6.272569 -10.619168
-6.753931 -5.837869 -10.463895
-6.821488 -6.098327 -9.550316
-6.488463 -6.358213 -8.696745
-7.290000 -6.602210 -9.149551
-7.355883 -5.728464 -8.776378
-8.007124 -5.978351 -9.424815
-7.351587 -6.638974 -9.222632
-7.555170 -7.326716 -9.849207
-7.979022 -6.498550 -9.645441
-8.238035 -6.147654 -10.492089
-7.421632 -5.968659 -10.948680
-6.888163 -5.238480 -10.649886
-7.564995 -5.476788 -11.276093
-8.298045 -5.956560 -11.649573
-9.174690 -6.263884 -11.439630
-8.694191 -5.453164 -11.577051
-8.375899 -4.593330 -11.834745
-7.977542 -4.857841 -11.011110
-8.825614 -5.284052 -11.089506
-8.489732 -5.680009 -11.887899
-7.721662 -5.684985 -12.450990
-7.900530 -4.789519 -12.721503
-7.361570 -5.539089 -12.955378
-7.616361 -6.222436 -13.567870
-8.072606 -5.498620 -13.149588
-8.678578 -4.938910 -13.625562
-8.042663 -5.332508 -13.035883
-7.102656 -5.402489 -12.899799
-7.760356 -4.872030 -12.460396
-7.277973 -5.506866 -12.981282
-7.727162 -6.238243 -12.568550
-8.519390 -6.185248 -12.042628
-8.352652 -5.248601 -12.086456
-7.738736 -5.503048 -11.404259
-6.939022 -5.812937 -11.818331
-6.270051 -6.298079 -12.291771
-6.646166 -6.977724 -12.842816
-6.467405 -7.597562 -12.142191
-7.073937 -7.580479 -11.408123
-7.604366 -7.726186 -12.185583
-8.229128 -8.007785 -11.524218
-8.285335 -7.928621 -12.471637
-7.551905 -7.450102 -12.845975
-7.455490 -6.518054 -13.016327
-6.714400 -6.649719 -13.599833
-6.203200 -6.281210 -12.885757
-6.627199 -7.124973 -13.009529
-7.323056 -7.049309 -12.363706
-6.867269 -6.716961 -11.596351
-7.108398 -7.086745 -12.440239
-6.424350 -7.335814 -13.054302
-5.712683 -6.708271 -12.972158
-6.598851 -6.363011 -12.921868
-7.433262 -6.583459 -12.519137
-7.652867 -7.280257 -11.908173
-8.364337 -7.494827 -12.503823
-7.456452 -7.235938 -12.629327
-7.922488 -7.878262 -13.155883
-7.575535 -8.145535 -14.001589
-6.985050 -8.809253 -14.344861
-7.438401 -8.763879 -13.508532
-7.118127 -8.646791 -14.397770
-6.744251 -7.888452 -14.836143
-6.575133 -8.659376 -14.303128
-7.432691 -8.245104 -14.301995
-6.683273 -8.798050 -14.102868
-5.935710 -9.386167 -14.150810
-5.429520 -8.824779 -13.571460
-5.639936 -9.729930 -13.362994
-5.759697 -10.151936 -14.208332
-5.122403 -10.758883 -14.572339
-5.024104 -11.396974 -13.872191
-5.434810 -11.199970 -13.035807
-5.347683 -11.623330 -13.884455
-5.581189 -12.265801 -14.547581
-4.720959 -12.372217 -14.152979
-5.102636 -11.803718 -13.491042
-5.831740 -12.185891 -13.012107
-5.074359 -12.762810 -12.988282
-4.605058 -13.587387 -13.071110
-4.999120 -12.893574 -13.591081
-4.345075 -13.028811 -12.912136
-5.266963 -13.267227 -12.929805
-5.653220 -13.353977 -12.063601
-5.185458 -14.056350 -12.505076
-5.216935 -14.946825 -12.168783
-6.090280 -15.318285 -12.248249
-6.681123 -15.559818 -11.541427
-7.281970 -16.233527 -11.237899
-6.421137 -15.938279 -11.518658
-6.662849 -15.378225 -10.787260
-6.055045 -16.014076 -10.422161
-5.733921 -15.304310 -9.874310
-5.472377 -15.286038 -10.789891
-6.007732 -16.051308 -10.976406
-6.545952 -15.487455 -11.523598
-6.579540 -16.015757 -12.315304
-5.777521 -15.574036 -12.053239
-6.609827 -15.119290 -12.139847
-7.408469 -15.239435 -11.635103
-8.128752 -14.771589 -12.046613
-7.467992 -15.430418 -12.237320
-7.678097 -16.224355 -11.755087
-8.294855 -16.736150 -11.240591
-7.782863 -17.166122 -10.562346
-8.189600 -16.940406 -9.731294
-8.768223 -17.093480 -8.990489
-9.451127 -17.207304 -9.644489
-8.829637 -17.349426 -8.936970
-8.440389 -17.031183 -8.128122
-8.952183 -16.263732 -7.891235
-8.187267 -16.582885 -8.360356
-7.578585 -16.368552 -9.060782
-8.362492 -16.305684 -9.597965
-8.681132 -15.876505 -8.809737
-8.275757 -15.331074 -9.476975
-8.852510 -14.781234 -9.998570
-8.154935 -15.111767 -10.556392
-8.693025 -15.650836 -11.128137
-9.354239 -15.066520 -10.769809
-8.943944 -15.560177 -10.066252
-9.293024 -14.697321 -10.267879
-8.641635 -14.168123 -9.817689
-9.318009 -14.308760 -10.473258
-9.882363 -14.884968 -9.966782
-10.465341 -15.447379 -9.465924
-10.118323 -14.963445 -10.209170
-9.543277 -15.511390 -10.734631
-8.878016 -15.133464 -10.167509
-8.061330 -14.984495 -9.700751
-7.548845 -14.622453 -8.984292
-7.350608 -15.364957 -8.421781
-7.006671 -15.890422 -9.137759
-7.615983 -16.205059 -8.476870
-8.049565 -15.531423 -8.991895
-8.632160 -16.002883 -8.404241
-8.042425 -16.678890 -8.724016
-8.244910 -16.084380 -8.008064
-8.590412 -15.663610 -7.226649
-9.236075 -15.007510 -7.470948
-8.968697 -15.324114 -6.613451
-9.497737 -15.496789 -5.840580
-9.880166 -14.676302 -6.136517
-9.593664 -14.240597 -6.933454
-10.420850 -14.260430 -7.405046
-10.813830 -13.595336 -6.848048
-10.152478 -12.938832 -6.651460
-10.323755 -13.559091 -7.353581
-10.795658 -14.355039 -7.128185
-10.325548 -13.648130 -6.696554
-9.475110 -13.749508 -6.280010
-9.528698 -14.480940 -5.672423
-10.052745 -14.184423 -6.410313
-9.612505 -13.841610 -7.182128
-9.211262 -13.493118 -7.972436
-9.992624 -12.954974 -8.055531
-9.692474 -13.752404 -8.481027
-9.039023 -14.333148 -8.103181
-8.703593 -14.967419 -7.476910
-7.931712 -14.460784 -7.710470
-8.019808 -15.226688 -7.151310
-8.558393 -15.655089 -6.492958
-9.200830 -15.178603 -7.009935
-8.497061 -14.542674 -7.095571
-7.573316 -14.310890 -7.096578
-7.047796 -13.608698 -6.725385
-6.354575 -14.197228 -7.008418
-6.886009 -13.762497 -6.348405
-7.380858 -12.999836 -6.632134
-8.078286 -12.598869 -7.141888
-8.736855 -12.869725 -6.509470
-8.541740 -12.063150 -6.976800
-7.875891 -12.484149 -6.441603
-8.803587 -12.289753 -6.348748
-8.530045 -11.498650 -5.894478
-8.299412 -12.350846 -6.251692
-8.770804 -12.585956 -7.045130
-9.382178 -13.035917 -7.620270
-9.782290 -12.323024 -7.131676
-10.258382 -11.970312 -6.386049
-9.862531 -12.369794 -5.617449
-9.628235 -13.292894 -5.622058
-9.051387 -12.817180 -5.032168
-9.246070 -11.892512 -5.150981
-10.025993 -12.168773 -5.622606
-9.097450 -12.318015 -5.472395
-9.052500 -11.770074 -6.250065
-8.781108 -10.975629 -5.800364
-8.175869 -11.532123 -6.281019
-8.055021 -12.418846 -6.606823
-8.737525 -11.825658 -6.307911
-9.591367 -11.404150 -6.290195
-9.321695 -11.259556 -7.192081
-8.652954 -11.581409 -7.788929
-9.389466 -11.691511 -8.382610
-9.847314 -12.074843 -9.124541
-10.492153 -12.747822 -8.928807
-10.973525 -13.351935 -8.371709
-11.612938 -13.747034 -8.956582
-11.070588 -13.927940 -9.718264
-11.880610 -14.416324 -9.829508
-11.464005 -13.691827 -9.372810
-12.013193 -13.235574 -8.742529
-12.701454 -13.809148 -8.419510
-12.961459 -13.953805 -7.514800
-12.209804 -14.009963 -8.096943
-12.838290 -14.167835 -7.399010
-12.181499 -14.726898 -7.802870
-13.060903 -14.515998 -7.504207
-13.408881 -15.236659 -8.020530
-12.802434 -15.623824 -8.644512
-12.689274 -16.258933 -7.943899
-12.930582 -15.888389 -7.100396
-12.087451 -15.523890 -6.848799
-12.971448 -15.818553 -7.045657
-12.331843 -15.320310 -7.545347
-12.487233 -15.750934 -8.380479
-11.771291 -16.362902 -8.521728
-10.906787 -16.295563 -8.127867
-11.551148 -16.008166 -7.488155
-12.172664 -16.717696 -7.619734
-12.447204 -16.771435 -8.530102
-12.764836 -17.491229 -9.066791
-13.446510 -17.061967 -8.558771
-13.435880 -16.816347 -7.638670
-13.362330 -16.820301 -8.588197
-13.319876 -17.372089 -9.363284
-13.225408 -16.870846 -10.167560
-12.976526 -17.534248 -9.531176
-13.746982 -16.977668 -9.470793
-14.116351 -16.722571 -8.630840
-13.349152 -16.158301 -8.636672
-14.295867 -16.223735 -8.717177
-13.663724 -16.696795 -9.249754
-13.913951 -16.917219 -8.357662
-13.213692 -16.364449 -8.690998
-13.729461 -16.842840 -8.049006
-12.884529 -17.271878 -8.144108
-13.516840 -16.614604 -8.418338
-12.816154 -16.820491 -7.807045
-12.073179 -16.228752 -7.876782
-12.805717 -16.166082 -7.271397
-11.864486 -16.053833 -7.179125
-11.032191 -15.723768 -6.854513
-11.689167 -16.384414 -6.657130
-11.130770 -16.060012 -5.957140
-10.365028 -16.396749 -6.412416
-10.448095 -16.852114 -7.244745
-9.826590 -17.315882 -7.797629
-10.614710 -17.025614 -8.246674
-11.272112 -16.710584 -7.633806
-10.531239 -16.463349 -8.178793
-10.423042 -17.392901 -8.001998
-10.206287 -17.643270 -8.894950
-9.936713 -17.328197 -8.037576
-9.860592 -16.694335 -7.330855
-9.417287 -15.930160 -6.975124
-9.001741 -15.873217 -6.120075
-8.412301 -15.161405 -5.890045
-8.866418 -14.579092 -5.288612
-8.200499 -14.048354 -5.715108
-7.778266 -13.251563 -5.408720
-7.086875 -13.751769 -5.831571
-7.784419 -13.116871 -5.963355
-7.085741 -13.730666 -5.758088
-7.785634 -13.599110 -5.125733
-7.943137 -13.999559 -5.975359
-8.517519 -13.346208 -5.587743
-8.825423 -13.934994 -6.270059
-9.271160 -14.331607 -7.012384
-9.299725 -15.238056 -7.303181
-8.946907 -15.818176 -6.635341
-9.619499 -16.469070 -6.811377
-9.421003 -17.063147 -7.528803
-9.222660 -16.555809 -6.747588
-10.028431 -16.063884 -6.621999
-10.110736 -16.868063 -7.125537
-10.052583 -16.302813 -7.889828
-10.878247 -15.841262 -8.000639
-10.544227 -15.109927 -8.511137
-11.081248 -15.806748 -8.146337
-11.341062 -16.405778 -8.839653
-10.753061 -16.490689 -9.584016
-11.217827 -15.663880 -9.670088
-10.356184 -15.620194 -10.073438
-9.641969 -15.272124 -10.598580
-10.320699 -15.934092 -10.688869
-10.965830 -15.723825 -10.020570
-11.354835 -14.910690 -10.328004
-11.808925 -14.457120 -9.624365
-11.882568 -14.349749 -10.567804
-12.429027 -13.591295 -10.385703
-12.479261 -14.333990 -9.791641
-13.128543 -14.473095 -9.108917
-12.470412 -14.181667 -8.485248
-11.823390 -13.884101 -9.117580
-11.479216 -14.333629 -8.351748
-12.177907 -13.974642 -7.813240
-11.424326 -13.747050 -7.277193
-10.717601 -13.619280 -6.651697
-11.203101 -14.133966 -7.289208
-11.496856 -14.527076 -6.472995
-10.720341 -13.979082 -6.534287
-9.999326 -14.333913 -6.023150
-9.293190 -14.730629 -5.522131
-8.605341 -14.096438 -5.344099
-9.205067 -13.504587 -4.900173
-9.665767 -14.332161 -4.999699
-9.993391 -13.898599 -5.781821
-9.897911 -13.433307 -6.607300
-9.527900 -12.714617 -6.103707
-9.096193 -13.311621 -6.707234
-8.748806 -14.051776 -7.195620
-7.948529 -14.564488 -7.134680
-8.430740 -14.708910 -7.943162
-9.216706 -14.400508 -7.502509
-9.762727 -13.897006 -8.098642
-10.349969 -13.361510 -8.623449
-10.267154 -12.755258 -7.893633
-9.595159 -12.446955 -8.493969
-10.518537 -12.288310 -8.322992
-10.773642 -13.005594 -8.895228
-9.991026 -13.338611 -8.466692
-9.236024 -13.868550 -8.229698
-9.790570 -14.566888 -7.895284
-9.281300 -14.214790 -8.618956
-8.595964 -14.767209 -8.982521
-9.297212 -15.410582 -9.019279
-9.441982 -15.045139 -8.151798
-9.315725 -14.243435 -7.653441
-8.914982 -13.829138 -8.411591
-9.727970 -13.612353 -8.857779
-9.827042 -13.877207 -7.948348
-10.441692 -13.307271 -7.496232
-10.611165 -13.961185 -8.167579
-10.171847 -13.406012 -7.530545
-10.694628 -13.982958 -6.982033
-10.478547 -14.559092 -6.255117
-10.418748 -13.811144 -6.841654
-10.098315 -14.419862 -6.183008
-9.804942 -14.924234 -6.935716
-10.229409 -14.378568 -7.590779
-10.302883 -13.661427 -8.213145
-10.670463 -14.217649 -8.893242
-11.532396 -13.813526 -8.865250
-12.151238 -14.363872 -8.394948
-11.644695 -13.933346 -9.076924
-10.868407 -14.040345 -8.535670
-11.557310 -14.153856 -7.887937
-12.131728 -13.996599 -8.631135
-12.129627 -13.390690 -9.365913
-12.556491 -12.724200 -8.836190
-12.850505 -13.546585 -9.216017
-13.318951 -12.719188 -9.161230
-12.939707 -13.484274 -9.582950
-13.248903 -12.901604 -8.895983
-13.411898 -13.749743 -9.297383
-14.225955 -14.108804 -8.957654
-14.800042 -13.678782 -8.331129
-14.165666 -13.050173 -8.000300
-14.821523 -12.531826 -7.544014
-15.184100 -11.821779 -8.064975
-14.466431 -11.682750 -8.675428
-15.402889 -11.843865 -8.611245
-16.148890 -11.362679 -8.266322
-15.937845 -10.483631 -7.966714
-15.852940 -9.535435 -7.939421
-15.324384 -8.924237 -8.443498
-15.935188 -8.928913 -7.712796
-15.612640 -9.444379 -8.445794
-14.777361 -9.892082 -8.540144
-14.857159 -10.819920 -8.739590
-14.443257 -10.890659 -9.594406
-14.960310 -10.412200 -8.953497
-15.278810 -10.163325 -9.815848
-15.470395 -10.687519 -9.044132
-16.175885 -11.283437 -8.811335
-16.279858 -11.981770 -9.450515
-15.349445 -12.073350 -9.632098
-15.833464 -11.526934 -9.020391
-16.225131 -12.089065 -9.681931
-15.921956 -11.235840 -9.386768
-15.468923 -11.064528 -10.206793
-16.026594 -11.411338 -9.517044
-15.813689 -10.638310 -9.003110
-15.776042 -9.714258 -8.775644
-15.925758 -9.883549 -9.700823
-15.342433 -9.799590 -8.952684
-15.106570 -8.882261 -8.853148
-15.703048 -8.603967 -8.164819
-15.206813 -9.404662 -8.024581
-14.985008 -9.325210 -7.101803
-14.773221 -8.696237 -6.418745
-15.689295 -8.954053 -6.381747
-14.741437 -8.958016 -6.289125
-15.306104 -8.314232 -5.872323
-14.429005 -7.984002 -6.041657
-14.194301 -7.896938 -6.960550
-13.631142 -8.313238 -7.605977
-13.509589 -7.793112 -6.817483
-12.569558 -7.643292 -6.847910
-13.246640 -7.404630 -6.222106
-12.514072 -7.519552 -5.624471
-11.736595 -7.513663 -5.074450
-12.355826 -6.948790 -5.526669
-13.120644 -7.464344 -5.289416
-13.764083 -7.153462 -5.918994
-13.022877 -7.059221 -6.509555
-13.110170 -6.812262 -7.425209
-12.616364 -6.830431 -8.239367
-13.487860 -6.448920 -8.194950
-14.056384 -6.784683 -8.881297
-14.631973 -6.308143 -8.290844
-14.940708 -7.136103 -7.935603
-14.657735 -6.621147 -8.685121
-14.755021 -7.015425 -9.546579
-14.281108 -7.685754 -10.029377
-13.799183 -8.042379 -10.769375
-14.031602 -7.502640 -10.019913
-13.392690 -7.520442 -10.725962
-12.961271 -6.673798 -10.661917
-13.627715 -7.140721 -11.156755
-14.122137 -6.697933 -10.473735
-14.400591 -6.494142 -11.361407
-15.057631 -6.291839 -12.020499
-14.616031 -7.097097 -12.272649
-15.440514 -7.119437 -12.748840
-15.646276 -7.655355 -13.508763
-15.910678 -8.493829 -13.874938
-16.065711 -9.236746 -13.299554
-16.299121 -9.596359 -14.149982
-15.571996 -9.864212 -14.703674
-16.165654 -9.917795 -15.446458
-15.968591 -9.033933 -15.151529
-16.414710 -9.417013 -14.402356
-15.801881 -9.947025 -13.901798
-16.294262 -9.282107 -14.373470
-15.561355 -9.768702 -14.738301
-14.834824 -10.376458 -14.837367
-15.232977 -9.760625 -15.445029
-15.931154 -10.378401 -15.250270
-15.067578 -9.995479 -15.129287
-14.278023 -9.597484 -14.775406
-13.575106 -8.955500 -14.803584
-13.645851 -9.657014 -15.443820
-12.971197 -10.247098 -15.121837
-12.329450 -10.893394 -15.400209
-13.131814 -11.270251 -15.748375
-13.447423 -11.322173 -16.645440
-13.886079 -10.645456 -17.152059
-13.154118 -10.986610 -16.647206
-12.814241 -11.696887 -17.182948
-12.284921 -12.374656 -17.592189
-12.507430 -12.567656 -16.686501
-12.712846 -13.390634 -16.253442
-13.341865 -13.532449 -15.552547
-13.701972 -12.823551 -15.028317
-14.586137 -13.128151 -14.848037
-15.312225 -12.850633 -14.297755
-14.753324 -13.388630 -13.745290
-15.657713 -13.318815 -13.455058
-16.061704 -14.015996 -12.947358
-16.687575 -14.686985 -13.202484
-16.882353 -13.985138 -12.588887
-16.195975 -14.237372 -13.199044
-15.287147 -14.145987 -12.929398
-15.849686 -14.452193 -12.224547
-16.279643 -15.068119 -12.810038
-15.891877 -15.731327 -12.247169
-15.316901 -15.717712 -11.488059
-15.780414 -15.590869 -10.665809
-15.186931 -14.880326 -10.889271
-16.073127 -14.563527 -10.743237
-15.446717 -14.438026 -10.036915
-16.272320 -14.420946 -10.511381
-16.647821 -13.861563 -11.184522
-17.129135 -13.073279 -10.952196
-17.316037 -12.316185 -11.498917
-16.599484 -12.816687 -11.120661
-15.924735 -12.984244 -11.771560
-15.238020 -12.975676 -12.431392
-15.231407 -13.849012 -12.811219
-15.709291 -13.040743 -12.651986
-15.353686 -12.204955 -12.938401
-16.014855 -12.801449 -12.600644
-15.379065 -12.983403 -11.915302
-15.674426 -13.854431 -11.668114
-15.364351 -14.392044 -12.390510
-15.800770 -15.059231 -12.911498
-15.663098 -15.928890 -13.274498
-15.386966 -15.117537 -12.859183
-16.071052 -14.780546 -13.429701
-15.286924 -14.254038 -13.552022
-15.256094 -13.305886 -13.467850
-14.431102 -13.240723 -12.996499
-14.282014 -12.789580 -12.171107
-14.416390 -12.157490 -11.471510
-14.846510 -11.308259 -11.442663
-15.167900 -12.035674 -10.918635
-15.083287 -11.196790 -10.475756
-15.313136 -11.997138 -10.013545
-14.767491 -11.247665 -9.795390
-14.542867 -11.894973 -10.456877
-14.427122 -11.823255 -11.399474
-13.836181 -12.568806 -11.443894
-14.545489 -12.613724 -12.077846
-14.672388 -12.555164 -13.019916
-14.006290 -11.886490 -12.892560
-14.081019 -11.249782 -13.596866
-14.459967 -11.652743 -14.372140
-13.672358 -11.120166 -14.427503
-14.195311 -10.772363 -15.143451
-14.355510 -11.003343 -14.233499
-13.786650 -11.427494 -14.868734
-13.920694 -12.259745 -14.425540
-13.667322 -12.892040 -13.759931
-13.772070 -11.946013 -13.792969
-13.171338 -11.564183 -13.160231
-12.617180 -11.686724 -12.395430
-12.839964 -10.830652 -12.748330
-13.482754 -10.696740 -13.438198
-13.057330 -11.019319 -12.649537
-13.740560 -11.458622 -12.152306
-14.295910 -12.083376 -12.608701
-14.995989 -12.686242 -12.839946
-14.384350 -12.525483 -12.127848
-14.404804 -11.831997 -12.780296
-13.529734 -11.596392 -13.073165
-13.124755 -12.283366 -13.593827
-13.846710 -11.681120 -13.745847
-13.391201 -10.984967 -13.282262
-13.067516 -11.344150 -12.461748
-13.123450 -10.740638 -13.196372
-13.699690 -10.309797 -12.572390
-13.266097 -11.116873 -12.832494
-13.346007 -12.055470 -12.692200
-13.902475 -11.299690 -12.530425
-14.366785 -10.802592 -13.197013
-14.842175 -10.914976 -12.379454
-14.535340 -11.642887 -12.911457
-15.066618 -10.877203 -12.715239
-15.470260 -11.306293 -11.966918
-16.290906 -11.787342 -12.013418
-16.980907 -11.995060 -11.390697
-17.498681 -12.254335 -12.146816
-17.151238 -11.978369 -11.304109
-17.433440 -12.362011 -12.128857
-17.592975 -12.456908 -13.062972
-17.229532 -11.668347 -13.454268
-16.293730 -11.509109 -13.531385
-15.958884 -12.378105 -13.730768
-15.034267 -12.151138 -13.755260
-15.926567 -12.126933 -13.423229
-15.229497 -11.784070 -13.974198
-15.925808 -11.827528 -13.325899
-16.480203 -11.282506 -13.876014
-15.975142 -10.485586 -14.005867
-15.619997 -9.632956 -14.238084
-15.855154 -9.098231 -13.485888
-16.591247 -8.665130 -13.907340
-16.131995 -8.093053 -14.514666
-16.903955 -8.359935 -14.024890
-16.227424 -7.851197 -14.461376
-16.496140 -8.358071 -13.701179
-16.436695 -7.607678 -13.117736
-15.777213 -8.223388 -12.812751
-16.362485 -7.991804 -13.527493
-15.638716 -8.570290 -13.747817
-16.232338 -8.547492 -14.492211
-15.875390 -9.288808 -14.971867
-14.991464 -9.507579 -15.250871
-15.065190 -8.810020 -14.606661
-14.830916 -9.673709 -14.932526
-15.476830 -10.348344 -14.746269
-15.874901 -11.213194 -14.770818
-15.642451 -10.452040 -14.247710
-15.363265 -10.886909 -15.047694
-16.043224 -10.231171 -15.168913
-16.539089 -11.041804 -15.105487
-17.173316 -11.522084 -14.581927
-16.328276 -11.598415 -15.014488
-16.157809 -10.724507 -14.676472
-16.228362 -11.664347 -14.539527
-16.227272 -11.985136 -13.642798
-17.122146 -11.680033 -13.528156
-16.545223 -11.024325 -13.907939
-15.965881 -11.723474 -13.620568
-16.144060 -11.178857 -14.381273
-16.321830 -11.829412 -15.053734
-15.899383 -11.255348 -14.422057
-15.856990 -11.642277 -13.552851
-15.163131 -11.169690 -13.103130
-14.611179 -10.605645 -13.636265
-15.152845 -9.824191 -13.581874
-15.812760 -9.274302 -13.170579
-16.359844 -9.670716 -13.841835
-16.996617 -10.359222 -14.007693
-16.369973 -9.921231 -14.575594
-15.740738 -9.736349 -13.885007
-16.252965 -10.434601 -13.488652
-16.409130 -11.249265 -13.956590
-17.125800 -11.552378 -14.505711
-16.593510 -11.989166 -15.163671
-15.798079 -12.333226 -14.768775
-15.565650 -12.261094 -15.689538
-15.374955 -11.535710 -16.276466
-14.762263 -11.821044 -16.947451
-15.035062 -12.473131 -16.309178
-15.026732 -12.920830 -15.468628
-14.443142 -13.524798 -15.917710
-14.789715 -14.313737 -15.512132
-15.104139 -13.955958 -14.687413
-14.704442 -13.565450 -15.458630
-15.189218 -12.797610 -15.745764
-15.076542 -13.503146 -15.116039
-14.259669 -13.320050 -15.570158
-14.447302 -13.971230 -14.900990
-14.842909 -14.382350 -15.663555
-14.459273 -13.612799 -15.254110
-14.946710 -12.935278 -14.795414
-15.179790 -13.648924 -14.209400
-15.726064 -13.081019 -14.744284
-16.468886 -12.486207 -14.782266
-16.183190 -11.577895 -14.801715
-16.287900 -10.803465 -15.346070
-15.708882 -10.520841 -14.644721
-15.753339 -9.613750 -14.931499
-15.212922 -9.995430 -14.246444
-15.729461 -9.469889 -13.643100
-15.610215 -8.723474 -14.222475
-16.219983 -8.024572 -14.438690
-15.967348 -7.355583 -13.809677
-15.963822 -6.495685 -13.400296
-15.440060 -6.320130 -14.176108
-14.915053 -6.275488 -13.382758
-14.629829 -5.617465 -12.756114
-14.002078 -4.966306 -13.054360
-13.426476 -4.518490 -12.441847
-12.936685 -5.330819 -12.356674
-13.461702 -6.062041 -12.667641
-12.628320 -5.632049 -12.501479
-13.328250 -5.419763 -11.891510
-13.504483 -5.727901 -12.775264
-12.921703 -6.203940 -12.191497
-13.625701 -5.717045 -11.773947
-14.357364 -5.401810 -11.252098
-14.534330 -6.050464 -11.926608
-13.689510 -5.856638 -12.321249
-13.947701 -6.564315 -12.903966
-14.606912 -6.223113 -13.500666
-15.299669 -5.632025 -13.221861
-15.352153 -6.335220 -12.581711
-15.656287 -5.855959 -11.816962
-15.677307 -6.247474 -12.684892
-14.838261 -6.696306 -12.645125
-15.390112 -6.794086 -11.875106
-15.952046 -7.080549 -11.161524
-15.008028 -6.978997 -11.087046
-15.730490 -7.023753 -10.468115
-15.246766 -6.450034 -9.881696
-15.390110 -7.119348 -9.219502
-15.161701 -6.223434 -9.447969
-15.175536 -5.668030 -10.221508
-14.704961 -5.035334 -9.687387
-15.312402 -5.512185 -10.244753
-15.652282 -6.399036 -10.315507
-15.483919 -6.888010 -9.515765
-16.002154 -6.970242 -8.720970
-15.388159 -6.359278 -8.325037
-14.809084 -6.547907 -7.592835
-14.041249 -7.107624 -7.528220
-13.950675 -6.926932 -6.597533
-14.531549 -7.591683 -6.954915
-15.344928 -8.058823 -7.119917
-15.035055 -8.941793 -6.942794
-14.621451 -8.519854 -7.689741
-13.918348 -8.508704 -8.332041
-14.135642 -8.721289 -9.234604
-13.297719 -8.835502 -9.672634
-12.506589 -8.379473 -9.402117
-13.285281 -8.661755 -9.872207
-13.730503 -7.903494 -10.238059
-14.468854 -8.462379 -10.015538
-13.887798 -7.910940 -10.530630
-13.097830 -8.327026 -10.199188
-12.582199 -7.610011 -9.842756
-11.971075 -8.086999 -10.395966
-11.083306 -7.832338 -10.628434
-11.407167 -6.990383 -10.323058
-12.150226 -7.585391 -10.352342
-11.626285 -7.772005 -11.125447
-11.035653 -7.056764 -10.909546
-10.265087 -6.499368 -10.960210
-10.359514 -5.744465 -10.387293
-10.965693 -5.086200 -10.061311
-11.330267 -5.731057 -9.462750
-11.519525 -5.039833 -10.089983
-11.127141 -5.680825 -9.505009
-11.632170 -5.259811 -10.194010
-12.212731 -5.892372 -9.781887
-12.130450 -6.548175 -9.096189
-12.767953 -6.572282 -9.803322
-12.311829 -7.131509 -9.181835
-11.644647 -6.758415 -8.613770
-11.843661 -6.290780 -7.808326
-12.690256 -6.386015 -7.382608
-12.446528 -6.299162 -6.466048
-11.713996 -5.741094 -6.223174
-11.635198 -5.299810 -7.063466
-10.994049 -5.439072 -6.373130
-10.994782 -5.015999 -7.226382
-11.830770 -4.700407 -7.555855
-12.472593 -5.308630 -7.909632
-13.262472 -5.270166 -8.440331
-12.404050 -5.373890 -8.041107
-11.687395 -4.757322 -7.925867
-12.382962 -5.390742 -7.777561
-11.483824 -5.579777 -8.028252
-10.999277 -4.984588 -7.464343
-10.889499 -5.471935 -6.653498
-10.292667 -6.032804 -6.167446
-10.241067 -6.715737 -6.829238
-10.312457 -7.245739 -6.041184
-9.668544 -7.867634 -6.366225
-10.187747 -7.175274 -6.763837
-10.201707 -8.127544 -6.768070
-10.923281 -8.644808 -6.423398
-11.520584 -8.740361 -5.687785
-10.857225 -9.364194 -5.408830
-11.738392 -9.431906 -5.053882
-11.512382 -9.937059 -5.828974
-11.812902 -10.724256 -6.272864
-12.264948 -9.891107 -6.365311
-12.533854 -9.325383 -5.647903
-12.911478 -8.695481 -6.254248
-13.246373 -9.493583 -5.856871
-12.790165 -8.726397 -5.524714
-13.697215 -8.690782 -5.236581
-13.278341 -8.361038 -6.025786
-13.849234 -7.601512 -5.960730
-13.274210 -7.018703 -6.447259
-13.430086 -7.809147 -5.939390
-13.165814 -8.612762 -5.501906
-13.986229 -9.083270 -5.389788
-13.257979 -8.913384 -5.979550
-13.792973 -9.003940 -6.762244
-14.473567 -9.371794 -7.317677
-14.024947 -8.899644 -6.622808
-13.266928 -8.411154 -6.929097
-13.943527 -7.929051 -6.463459
-13.240618 -8.567733 -6.534410
-13.800117 -7.868195 -6.857887
-14.549083 -7.562653 -6.355170
-13.915623 -6.898321 -6.101358
-13.432897 -7.385247 -5.440368
-14.163487 -7.812770 -5.876823
-14.241564 -7.151302 -6.557554
-14.499479 -6.568976 -7.265654
-15.006522 -7.367304 -7.377951
-14.341201 -8.048158 -7.349403
-14.958288 -8.773089 -7.376028
-15.864470 -8.662861 -7.104525
-15.679872 -9.596830 -7.078918
-15.485350 -9.004626 -6.358859
-15.040905 -8.173775 -6.220345
-15.728350 -8.342424 -6.857530
-14.776098 -8.334529 -6.871112
-14.712096 -9.117962 -7.408853
-15.485624 -8.829150 -6.934225
-16.070001 -9.361250 -7.465642
-15.379184 -9.986401 -7.663095
-15.605347 -10.896655 -7.828373
-14.805555 -11.311915 -7.520280
-14.825642 -10.493321 -8.006622
-15.477375 -10.836200 -8.610532
-14.909118 -11.600430 -8.618581
-14.972416 -12.115352 -7.819909
-15.191859 -11.501979 -8.514637
-14.591079 -10.783314 -8.342549
-14.560431 -10.101842 -9.007143
-15.042730 -10.883614 -9.258637
-15.243490 -10.394151 -10.050567
-14.711808 -9.639116 -10.283515
-15.224408 -10.202822 -9.712107
-14.581873 -9.517429 -9.868363
-14.360501 -8.863038 -10.523951
-14.189798 -9.690248 -10.963967
-13.691068 -10.369641 -11.407501
-13.080634 -9.921299 -11.984899
-12.505186 -10.335497 -11.349031
-12.171888 -10.024731 -10.512750
-12.902455 -9.901781 -11.111234
-13.450222 -10.310390 -10.447896
-14.238739 -10.224779 -10.975097
-13.691403 -9.800547 -10.321278
-14.023670 -9.760242 -11.212908
-13.793667 -10.456458 -11.820700
-14.600433 -10.457349 -11.314581
-14.753770 -9.908551 -10.551470
-15.452615 -10.528090 -10.738065
-16.042670 -9.945187 -11.206134
-15.390699 -9.355914 -10.839090
-15.485199 -9.823523 -11.663373
-16.093692 -9.412810 -11.056676
-15.462989 -9.599105 -10.367810
-15.530869 -10.036305 -11.211183
-15.402011 -10.853622 -11.682795
-16.128177 -11.285926 -11.243674
-15.319174 -10.838136 -11.471774
-15.950905 -11.444049 -11.847030
-15.663513 -11.626236 -10.957511
-15.282535 -11.445617 -10.103543
-14.491476 -11.476162 -9.574090
-14.422798 -12.123101 -8.878545
-13.625099 -11.607437 -8.809286
-14.465381 -11.294399 -8.488405
-14.542235 -10.692954 -7.753975
-13.706979 -10.316357 -8.013883
-13.024037 -10.823286 -7.585348
-12.603441 -10.225142 -6.975140
-12.699099 -10.673922 -6.140590
-13.413932 -10.856610 -6.742808
-14.233156 -10.579787 -7.141896
-14.595002 -10.159329 -6.367744
-14.978738 -9.401236 -6.797944
-15.489349 -9.414378 -5.994120
-15.907591 -9.987891 -6.629089
-15.141957 -10.539437 -6.758051
-14.532530 -10.315693 -6.061226
-13.858880 -10.951889 -5.841042
-13.707498 -11.710290 -5.285218
-14.583129 -11.390506 -5.090185
-13.884930 -12.027681 -4.973757
-14.644118 -11.530195 -5.262149
-13.875648 -10.973170 -5.340929
-13.218927 -11.210504 -5.988555
-13.912593 -11.262013 -6.639095
-14.313798 -11.953361 -6.121309
-14.490831 -11.264596 -5.487832
-13.670998 -11.356600 -5.963688
-13.290289 -10.704259 -6.543809
-13.893372 -11.384536 -6.260010
-14.482042 -12.066299 -5.950661
-14.468325 -11.449257 -5.225333
-15.004113 -12.236503 -5.210993
-14.365843 -12.667625 -5.771149
-15.198627 -12.434924 -6.170336
-15.938720 -11.837809 -6.117937
-16.152185 -11.260849 -6.844971
-16.862059 -10.780772 -7.260465
-16.258722 -11.263640 -6.703820
-16.376362 -10.925410 -7.586312
-15.513618 -11.322389 -7.514821
-15.655137 -12.223151 -7.789826
-16.184677 -11.476250 -8.052038
-16.194014 -10.776013 -8.697491
-15.557227 -10.080861 -8.562234
-14.699799 -9.708157 -8.743729
-15.001897 -9.623108 -9.642913
-14.709247 -8.975187 -9.009207
-15.099910 -9.371231 -8.236186
-14.508457 -9.748873 -7.592290
-15.180615 -10.194389 -8.098995
-14.289017 -10.524753 -8.153232
-14.954393 -10.600417 -8.830418
-14.855439 -9.722199 -8.475495
-14.962992 -10.319634 -9.209343
-14.945008 -10.640427 -8.312794
-14.843896 -11.206038 -9.072328
-14.246760 -11.111538 -8.336441
-13.632864 -10.659089 -7.765959
-13.064965 -10.715148 -8.528441
-13.458915 -10.499572 -9.368298
-13.112365 -9.961623 -8.662930
-13.269379 -9.295748 -8.000370
-13.014987 -10.130760 -8.381250
-12.940133 -11.000753 -8.001069
-12.129103 -11.350262 -8.357584
-12.753809 -10.641634 -8.236673
-13.077162 -11.004995 -7.417869
-12.174570 -11.116598 -7.135198
-12.661804 -10.558652 -6.536592
-12.067192 -9.819849 -6.623977
-11.344162 -9.239528 -6.841883
-11.011117 -9.864315 -7.478869
-10.383953 -10.038096 -6.783530
-10.749635 -10.332130 -7.612294
-10.064826 -10.051350 -8.211650
-9.643793 -10.888793 -8.380329
-10.544173 -10.579442 -8.354891
-11.386921 -10.138961 -8.302142
-11.206000 -10.563428 -7.469000
-11.146879 -11.263347 -6.825847
-11.660189 -10.461141 -6.823090
-10.908599 -11.035982 -6.714925
-10.897641 -11.656520 -7.437311
-11.148109 -11.408119 -8.321954
-11.717119 -10.963510 -8.942904
-11.129133 -11.559884 -8.489429
-11.930381 -11.960705 -8.166357
-11.763837 -12.243627 -7.272351
-12.253028 -11.607311 -6.759687
-12.579320 -12.119877 -7.493062
-11.692257 -12.086818 -7.838107
-10.854415 -12.447665 -7.564537
-11.758300 -12.170902 -7.448675
-10.891621 -12.132428 -7.841632
-11.702553 -11.687472 -7.614845
-11.204404 -10.932409 -7.912762
-11.737259 -10.198128 -7.623061
-11.286127 -9.595470 -7.039698
-11.899268 -10.313879 -7.162074
-11.575131 -9.516954 -6.753569
-11.703325 -9.204509 -7.644060
-11.080663 -9.308628 -6.930981
-12.013127 -9.225451 -6.755990
-12.780536 -8.992837 -7.269802
-13.282860 -8.366971 -6.756974
-13.647747 -8.955760 -7.410591
-14.277740 -9.507741 -7.863864
-14.731572 -8.796446 -7.422135
-14.703983 -9.748248 -7.440610
-14.613686 -8.931569 -7.922182
-15.239722 -8.215095 -7.964308
-14.721572 -8.678701 -8.615168
-14.530651 -8.825845 -7.693795
-15.307121 -9.197005 -8.101672
-15.082884 -8.446735 -8.643745
-15.912109 -8.548237 -9.101034
-15.205578 -8.942072 -8.598303
-14.789536 -8.292381 -9.156729
-15.179014 -8.983698 -9.683433
-15.250655 -8.257236 -9.071754
-14.623719 -8.964452 -8.954170
-15.052624 -9.515813 -9.601528
-15.222469 -9.960805 -8.776807
-15.105998 -10.093933 -7.840996
-14.502451 -10.830052 -7.870830
-13.952470 -10.560710 -7.141445
-13.459390 -9.872239 -6.705656
-12.770579 -10.315804 -7.191270
-13.110254 -10.436091 -6.309690
-12.621394 -9.837611 -6.866348
-12.208487 -9.461785 -7.637898
-12.862816 -8.938784 -7.184740
-12.173610 -8.657170 -7.778641
-11.798348 -9.328944 -8.339826
-12.254772 -10.003125 -7.845673
-12.774795 -10.601410 -8.373557
-13.452278 -10.173637 -8.888393
-13.012552 -10.533604 -9.652654
-13.082246 -11.482697 -9.689999
-12.631850 -11.976484 -10.368488
-12.693672 -11.137106 -9.922784
-12.020082 -11.768088 -9.687906
-12.156899 -12.618183 -9.280907
-12.762489 -12.644319 -8.546326
-13.178008 -13.324098 -9.068124
-13.274649 -13.007088 -9.960981
-13.519746 -12.089323 -9.892676
-12.902039 -12.401640 -10.546836
-12.053980 -12.128194 -10.210604
-11.793218 -12.614331 -9.434265
-11.001514 -12.753785 -9.944938
-11.350395 -13.193680 -10.714226
-11.044669 -12.407364 -10.272335
-10.673824 -11.745119 -10.847606
-9.965681 -11.194133 -10.528268
-9.502489 -10.500437 -10.987907
-9.776648 -9.941817 -11.708885
-10.681880 -10.135688 -11.485282
-10.609353 -9.197537 -11.632399
-11.145526 -8.510529 -11.248255
-11.597338 -7.865243 -11.783513
-11.142965 -8.195073 -12.552790
-10.969133 -8.043638 -13.476846
-10.438830 -8.294533 -14.227085
-10.129055 -9.148394 -13.940746
-10.308223 -9.676345 -14.712883
-9.829602 -9.596395 -13.893396
-9.306744 -9.723247 -13.107548
-8.807415 -9.434497 -12.349706
-8.893418 -8.622436 -12.839797
-9.119364 -7.698498 -12.791673
-8.498450 -8.176690 -12.250536
-8.716153 -8.807811 -12.929742
-9.443528 -8.406245 -12.464230
-10.092195 -8.554930 -11.782943
-10.261588 -7.888920 -11.123573
-11.017505 -7.823697 -10.547930
-10.207628 -8.286316 -10.740571
-10.335651 -7.668889 -11.454310
-9.697099 -7.272825 -10.869148
-9.355945 -8.125628 -10.617414
-9.971305 -8.333612 -9.920920
-9.328288 -8.741750 -9.349097
-8.774463 -9.473724 -9.095087
-9.450784 -9.889590 -8.569087
-9.660823 -9.332027 -7.826095
-10.267718 -8.678451 -7.492109
-10.239249 -9.225808 -8.270967
-9.498796 -8.676017 -8.033290
-9.419519 -7.849666 -8.500075
-8.567337 -8.236779 -8.324121
-7.946585 -8.784104 -8.795429
-8.198437 -8.327202 -7.998660
-8.877355 -8.624431 -8.596787
-9.666499 -8.093344 -8.643970
-8.997873 -8.745302 -8.457105
-8.436711 -8.085670 -8.060856
-8.848114 -8.704690 -8.656331
-9.526487 -9.235806 -9.062235
-8.945823 -8.526204 -8.804700
-9.036533 -8.386641 -9.742423
-8.280825 -8.236053 -9.182729
-7.635151 -8.045790 -9.856476
-8.370572 -8.300328 -10.405472
-8.441411 -7.807051 -11.217070
-8.188905 -8.275459 -10.427219
-8.839369 -7.585003 -10.342379
-8.429806 -6.939538 -9.774345
-7.742559 -7.474759 -10.159390
-8.260156 -7.931036 -10.815846
-7.816326 -8.758414 -10.975501
-7.063582 -9.195526 -10.589056
-7.940273 -9.500154 -10.802701
-8.411434 -10.024929 -10.162663
-7.483727 -10.240015 -10.173876
-6.676742 -9.738733 -10.241118
-7.140877 -10.570003 -10.216650
-6.552816 -11.281180 -9.981192
-6.986998 -11.860527 -10.599960
-6.313877 -11.238095 -10.342051
-6.925441 -10.706719 -10.842710
-7.393160 -11.100455 -10.112475
-7.368671 -10.664127 -9.266280
-8.087417 -11.213739 -9.563532
-7.487251 -10.641430 -9.095246
-8.132650 -11.217918 -8.697566
-8.829581 -10.712030 -9.104253
-9.548936 -10.231662 -8.705753
-9.944107 -9.784299 -9.447870
