7.272727 15.000026 15.000000
6.628056 15.588418 14.745754
6.703204 15.002794 15.437015
6.792992 15.433430 14.641443
6.376842 15.173419 13.876158
5.676098 15.036004 13.313556
6.511080 14.708342 13.461509
6.424476 15.592469 13.268465
6.062597 14.833992 12.921763
5.453955 15.486583 12.748195
6.060248 15.749246 13.372585
5.789475 15.885488 12.515516
5.177025 15.311261 12.166786
5.979807 15.043690 11.834535
5.403187 15.744943 11.787635
5.163255 14.957400 12.173192
5.106585 14.399118 11.457960
4.272722 14.438615 11.817901
3.517687 14.050016 12.142495
3.902331 14.339405 11.371295
3.218266 14.845601 11.051501
2.707822 15.045076 10.326172
2.724423 15.892795 10.654110
2.789032 16.258838 11.483739
3.350601 15.690824 11.917843
3.224630 15.877149 11.037014
3.615645 15.169947 10.620577
3.688095 15.080217 9.718831
4.277569 14.389358 9.759821
4.430445 13.660096 10.280639
3.759515 14.097635 9.850689
3.975380 13.230762 10.019150
4.495883 12.705783 10.548225
5.069255 12.344802 11.154346
4.622145 12.823016 10.523592
3.908556 12.323573 10.783962
3.917157 13.101283 10.313283
4.231182 13.719675 9.725553
4.190369 14.301249 10.423086
3.348546 13.962142 10.370295
2.775710 13.281676 10.182488
2.633896 12.609323 9.587278
1.824261 12.227605 9.428444
1.926613 12.941694 8.875228
2.447607 12.488262 9.466337
2.199845 13.360272 9.398089
1.807691 12.999875 10.134821
1.638658 13.493096 9.390102
1.641094 14.323119 9.019288
2.182492 14.829037 8.492618
1.848417 14.204560 9.062591
2.405700 13.687161 9.560769
2.125443 14.464336 9.940112
2.864583 14.986484 9.853624
2.001670 15.183297 9.646037
1.488019 14.869765 10.327438
1.329555 14.325837 11.038409
1.771817 15.116672 11.112104
2.086483 14.264403 11.079396
1.249523 13.959765 11.261440
1.214995 13.390811 10.553242
0.463086 13.013163 10.897424
-0.042466 12.270032 11.033877
0.580054 11.667033 10.759458
0.141640 11.161806 10.143839
0.406366 11.860614 10.661560
0.002530 11.923431 11.473605
0.422429 11.245783 11.910552
0.228633 11.802786 11.218716
0.827092 11.162615 10.976905
1.164204 10.455362 11.437985
1.794940 10.213554 12.046383
2.502390 10.782405 12.095053
3.399939 10.660693 12.017341
2.940431 9.876942 12.049486
2.099385 9.531854 12.050630
2.841472 10.003708 11.820185
2.272036 10.486393 11.301334
2.685753 11.257125 11.053835
2.953525 10.577392 11.594859
3.013943 10.785530 12.477737
2.644882 10.141636 11.952722
2.405535 10.747092 12.587216
1.678175 10.686111 12.045298
2.087533 10.515276 11.251769
1.462919 10.872872 10.696405
2.072122 11.472200 11.006442
2.720456 11.783530 11.562484
3.087692 11.083138 11.114113
2.441662 11.259558 11.728904
2.804931 10.748459 12.387129
2.937911 10.337317 11.587301
3.402520 10.645766 12.305245
3.941754 11.270813 11.924468
4.102072 10.389091 12.077148
3.390993 9.837115 11.950129
2.968693 10.354496 11.333343
2.138068 10.568202 11.634739
1.450363 10.811470 11.092218
0.884470 10.189766 11.438190
1.274636 10.648419 10.757122
1.296194 10.022329 11.415904
2.071033 9.563654 11.290654
2.145923 10.451302 11.109218
1.532553 10.540455 10.444181
1.002816 11.246647 10.661251
0.661344 10.901655 9.892601
0.510390 10.291432 10.549325
-0.218965 10.360155 11.087623
-0.818624 10.022558 11.681664
-1.605741 10.398976 11.937009
-0.699952 10.476097 11.930358
-0.136952 10.998554 11.444028
-0.764142 11.418205 10.937105
-1.291263 12.153771 10.850318
-0.895637 11.644614 11.491165
-0.221862 11.748141 10.889705
0.081041 12.471459 11.349605
-0.262407 13.188450 11.790527
0.392583 13.216851 12.420312
0.511735 13.967956 12.918396
0.960603 14.712802 12.653501
0.224944 14.295528 12.986871
-0.116198 13.453571 13.021160
-0.639251 12.888455 12.537935
-0.986924 13.387509 13.213594
-0.701556 12.840498 12.545918
-0.063842 13.488360 12.552424
0.644547 12.989598 12.276983
0.335525 12.304167 11.765967
0.176482 11.413545 11.676841
-0.355929 11.914731 12.217025
-0.861621 12.464240 11.698602
-1.546921 11.917420 11.939012
-2.366463 12.064731 12.303837
-2.234620 11.482395 12.989365
-1.775292 10.938457 13.554694
-2.627447 10.746365 13.302944
-2.755235 10.270794 12.538779
-2.679387 10.662905 13.355445
-2.630599 11.176932 14.103670
-2.703402 12.044306 14.365985
-2.145705 11.956876 15.078568
-1.338715 11.832819 15.478349
-0.492973 12.163029 15.432229
0.008282 11.437735 15.210560
-0.019411 11.835855 16.027370
-0.664121 12.276710 16.492604
-1.429470 12.438623 16.955714
-1.362765 13.294348 16.656163
-1.571381 12.840661 15.896496
-1.005429 13.299618 16.440098
-0.787521 12.449509 16.677326
0.093632 12.311732 16.501164
0.337383 12.910141 15.861681
0.863535 12.238562 16.175674
0.243698 11.796826 15.678564
0.688605 12.270527 15.042865
0.902280 11.596795 15.614594
0.238732 11.956736 15.108044
0.906217 11.852488 15.716354
0.010865 11.699529 15.753666
0.618659 12.173818 16.235415
-0.267772 12.310091 16.384128
0.579801 12.019346 16.230720
1.217285 11.371245 16.225925
0.977926 11.251100 17.094670
1.570096 11.555157 16.475533
0.946420 10.961393 16.184125
1.622133 10.360463 16.277618
0.715169 10.386178 16.334210
0.669836 10.683558 15.476332
0.618974 9.943247 14.951166
1.037260 10.594154 15.428455
0.405432 10.773516 14.799910
0.519317 11.561768 15.238243
1.323894 11.871304 15.526845
1.699484 12.374695 16.184093
2.174305 12.864505 15.583195
1.426393 13.127375 16.028139
0.795104 12.918707 16.648122
1.326545 12.396995 17.169496
1.846478 13.142576 17.184493
1.443760 13.251324 16.376756
1.051932 13.151423 15.562547
1.548830 13.388894 14.839259
1.062362 13.684784 14.130567
0.346196 14.220818 13.968645
1.008836 13.599053 13.996234
0.931274 12.902975 13.416658
1.381905 12.769556 12.638470
0.868417 13.501777 12.801656
0.759622 14.364675 13.066265
1.064410 13.508632 13.093508
1.956377 13.592766 13.247659
2.675375 13.052770 13.381416
3.524905 13.301639 13.174511
3.955885 13.435910 13.963608
4.206698 14.003146 14.628275
3.688584 14.560385 14.130794
3.039046 15.051377 13.726475
2.211810 14.731561 13.526865
2.527187 14.270988 14.244400
3.172296 13.649742 14.400392
3.866681 14.235796 14.371826
3.301900 14.732394 13.861082
2.830301 14.864473 13.095186
2.089298 14.572695 12.656750
2.617957 14.665895 13.390425
2.828307 15.525403 13.181991
1.947710 15.698474 13.327047
1.753653 14.967280 12.822919
1.083598 15.515794 13.099699
0.790626 15.033909 12.386676
1.280801 14.975784 13.150087
0.480395 15.203811 13.515876
1.101595 14.640100 13.165466
1.704883 14.213808 13.695340
1.248983 13.974184 14.444460
0.681233 13.656249 13.809618
0.222094 14.322336 14.224305
-0.567650 14.674101 14.505397
-0.071856 14.077202 14.031745
0.553228 14.538488 14.503901
0.754055 14.942042 15.293369
0.566131 15.655948 15.823905
0.908426 16.208823 15.188601
0.528135 15.757755 15.880239
0.045135 16.170941 15.230290
0.180260 15.810417 16.053825
0.368984 16.087457 16.898856
-0.291264 15.817055 16.335472
-0.821766 16.554913 16.359537
-1.154635 15.746535 16.110200
-1.524651 15.006839 15.732860
-0.956914 15.268566 16.392875
-1.637266 14.690664 16.564908
-1.224537 15.442246 16.866941
-1.849045 14.781641 16.860866
-1.505174 15.101774 16.082591
-1.075118 15.794600 15.680731
-0.424953 16.111411 16.231515
-0.494295 15.272771 16.575493
-0.161317 15.343280 17.418464
0.397250 15.490395 16.716463
0.886710 14.809964 17.068439
0.707487 15.642951 16.751489
1.168562 15.440371 17.508337
1.665985 15.990631 16.982761
1.470547 15.362110 16.355695
0.763029 15.923808 16.457476
0.787034 15.859299 17.363958
0.151783 15.214474 17.448230
0.180723 14.311948 17.343078
0.697165 14.760313 16.744160
-0.209456 14.693557 16.749497
0.201154 14.113295 16.182805
0.047415 13.409358 15.628472
-0.591575 13.569270 16.255024
-0.055495 12.934684 16.624301
0.627232 13.136788 17.189530
0.494220 12.325975 16.800510
1.105799 12.798298 17.279392
1.571920 13.193041 16.606075
1.939732 13.230936 15.775577
2.584478 13.871789 15.768096
3.019396 13.274078 15.238914
2.706591 13.245574 16.092017
3.365670 12.740985 15.721272
4.164710 12.655887 15.296136
5.012988 12.980402 15.335635
5.609562 13.467607 15.818519
5.169353 14.125983 15.372195
4.466457 14.143705 15.948451
4.126639 14.077524 15.107862
4.546163 13.278154 15.214882
3.969900 12.661648 14.876816
4.535474 12.064848 14.488999
4.294279 12.012209 15.363928
5.016488 12.145333 14.828075
5.525859 11.392380 14.835135
4.913309 10.723382 14.774558
4.226513 10.268773 15.159381
3.413814 10.084923 14.795836
4.095951 9.483978 14.796801
3.447491 9.933235 14.345011
2.739205 9.957227 14.914399
2.387438 9.245686 15.357587
2.660250 10.089861 15.556057
2.637429 10.795165 14.982934
3.309506 11.398878 15.084366
2.458694 11.078780 15.094442
2.882582 11.641865 14.520245
2.835300 12.501043 14.226947
2.878741 11.593000 14.222823
2.151385 11.104768 13.979863
2.782516 10.496562 13.738604
2.519275 9.781861 13.242264
2.532238 9.412337 14.072764
3.141965 9.536698 14.735495
2.385533 9.923408 15.059089
2.707316 10.567426 15.614195
1.826373 10.364178 15.709455
1.131928 9.790529 15.832415
1.312020 8.988952 15.443202
0.828065 9.398688 14.791780
1.449080 8.774922 15.019162
0.554304 8.614380 15.012204
1.457735 8.612502 14.910933
0.653607 8.261411 15.148758
0.216926 8.763965 14.529731
-0.433372 8.228684 14.187629
-0.030739 8.740521 14.821945
-0.318089 8.249170 15.530782
0.559509 8.449745 15.657418
1.152891 9.123871 15.798487
1.497665 9.435802 15.017285
1.552942 9.048353 15.837818
0.723710 9.396894 15.969496
0.244079 10.160098 15.851512
-0.300955 9.677187 16.395737
0.585176 9.737145 16.589700
-0.071475 9.252941 16.990702
0.751841 9.174678 17.368157
0.981650 9.294961 18.239458
0.538831 9.965223 17.813893
0.271645 10.670332 18.321711
0.872215 10.345165 17.721686
1.724711 10.191180 17.997340
2.281687 9.745856 18.561175
1.744261 10.256005 19.087833
1.984950 10.381045 18.220146
2.801977 10.108478 18.511042
3.477266 10.226389 17.913943
3.058625 9.665946 17.333349
2.205541 9.354714 17.290591
2.748236 9.454102 16.568061
2.211972 9.955576 16.031973
3.115322 10.045943 15.984652
2.844784 10.623683 15.336985
2.489965 9.913989 14.893269
2.998311 10.660253 14.998723
3.168604 11.004875 14.174901
2.713409 11.572035 14.720403
2.786945 10.878695 14.137035
3.335364 10.345745 14.628613
3.843809 10.776485 15.246991
3.001826 10.824109 15.586466
3.688845 11.114869 16.105995
3.464825 10.526365 16.761683
2.715424 10.057865 16.974640
3.297465 10.237649 17.649437
2.560895 10.770240 17.633425
3.035140 10.063237 17.314544
2.544482 10.810214 17.148031
1.690430 11.119432 17.110258
2.453315 10.968932 16.639299
2.485700 10.398152 17.346129
2.021791 11.059194 16.928686
2.361583 11.889929 17.073140
2.827294 11.157549 16.802624
2.836799 10.474157 16.203181
2.812051 10.772270 15.344716
3.447633 10.128213 15.432305
2.945613 9.451491 15.773582
3.044152 9.719152 16.636771
2.828877 10.052787 15.818975
2.113001 10.442355 16.221722
3.012362 10.452094 16.354015
2.446882 9.841202 15.988654
2.067824 10.465494 15.447339
1.374252 10.699458 14.908205
1.979158 11.247830 15.307985
2.235205 11.119828 16.170831
2.084814 11.718968 15.503853
1.425292 11.664197 14.880573
1.536448 10.790890 15.107345
1.431287 11.429291 15.745961
1.541431 11.948968 15.008227
1.773963 11.700276 14.165299
1.165475 12.361671 14.028382
1.448478 11.681645 14.561224
0.866465 11.590290 15.253583
0.635546 12.101597 14.538259
0.085165 11.661752 13.963748
-0.474238 12.377487 13.928572
-1.081393 11.900577 13.448607
-1.681924 11.485055 13.990041
-2.440788 11.873956 14.305201
-1.538960 11.880575 14.419693
-0.801236 12.104265 13.937850
-1.007738 11.272875 14.242142
-1.250731 11.898897 13.629363
-1.388528 12.754027 13.905425
-1.183077 11.960357 14.298266
-1.434598 12.782700 14.003417
-0.783305 12.508585 14.575365
-0.727035 12.983321 13.802122
-0.606344 12.125139 13.527522
-0.547992 12.849684 14.073487
-0.099197 12.355263 13.456577
-0.506516 11.664927 13.885499
-1.337837 11.727434 14.248053
-1.426316 12.109923 15.068004
-1.741146 11.438417 15.593751
-1.263215 12.020140 16.103287
-0.637002 11.534001 16.548227
-1.533498 11.584139 16.690446
-0.836305 11.168596 16.280944
-0.412131 11.773899 16.810217
-0.876197 12.544835 16.939630
-1.426039 12.656333 17.654955
-1.696352 11.947185 17.154468
-1.391638 11.243430 17.642654
-1.663503 11.186108 18.508246
-2.407044 11.164693 19.030869
-3.115264 11.496731 18.567597
-3.804730 12.012673 18.276242
-3.343809 11.251675 18.089478
-2.642263 11.345150 18.660040
-2.106400 12.077262 18.717560
-1.931715 12.520141 19.492021
-2.506947 13.006516 18.983106
-1.855335 13.427307 19.457218
-1.081383 13.058863 19.154407
-1.811724 13.593812 19.237346
-1.522295 13.351614 18.410293
-1.176845 12.580360 18.745373
-1.303331 13.152837 19.440151
-1.194010 13.148759 20.342635
-1.764680 13.594597 20.892191
-1.887835 14.081275 20.134284
-2.490475 13.442565 20.369486
-2.530215 13.474411 19.461823
-2.105733 14.277799 19.433033
-1.540143 14.884447 19.060835
-1.656573 14.131840 18.564374
-1.614165 14.645885 17.815771
-1.768646 15.047998 17.015217
-1.586802 15.851907 17.398766
-0.832276 16.104841 16.959265
-1.556898 15.644658 17.258598
-1.149831 16.393161 17.575593
-1.164868 15.545928 17.904859
-1.579025 15.235916 17.157321
-1.041795 14.877956 17.797395
-1.652446 14.366406 18.235421
-1.969422 13.526097 18.094515
-1.774116 12.817472 17.559584
-1.086892 13.372168 17.775176
-0.530239 14.084321 17.872248
-0.837699 14.432406 18.653754
-0.197216 14.735603 19.223227
-0.135465 15.602979 19.488351
0.123627 14.886380 18.992565
-0.662232 14.476660 18.790077
-1.041751 13.812459 18.298906
-1.612693 14.518925 18.261779
-1.654646 15.387435 18.527062
-0.855596 15.044318 18.262043
-1.523372 14.968621 18.874245
-1.510537 14.921941 19.782046
-2.302665 14.492248 19.901815
-1.565702 14.928769 20.206415
-1.318076 14.491051 20.963733
-2.024026 14.184827 20.479680
-2.842460 13.789825 20.503890
-2.145385 13.496291 19.999538
-2.130302 14.075753 19.299222
-2.871043 13.933052 18.791889
-3.329215 13.326298 18.293519
-2.603508 12.837287 18.047220
-2.008728 12.192326 18.285356
-2.310785 12.042589 19.129624
-2.464706 11.146654 19.122327
-2.938149 11.681942 18.560397
-3.587839 11.046078 18.565497
-2.915014 11.365875 19.086536
-2.292678 10.807165 18.730185
-1.444354 10.598617 18.981779
-0.843769 10.710542 19.654994
-0.998943 10.185285 18.929409
-0.326377 9.805284 18.450138
-0.900251 10.216656 19.022753
-1.748920 9.895885 19.080301
-1.257048 10.482311 18.589778
-0.832035 10.413674 17.789092
-1.101403 9.686757 18.263938
-1.438180 10.085424 17.519565
-2.062406 9.447915 17.693835
-1.164111 9.587095 17.681995
-0.636989 8.989708 18.119851
-0.133446 9.686088 18.416408
-0.302250 10.493130 18.799337
-0.280498 9.782686 18.232554
-0.938061 10.092658 18.778425
-0.686173 9.716205 17.990212
-0.049749 9.459381 17.394012
0.432360 10.012360 17.930883
-0.182325 10.324389 18.523544
-0.586034 9.647085 18.976009
-0.675674 9.301875 18.139803
-0.760187 10.187794 17.954188
-1.189558 9.411920 18.154458
-0.746228 9.889185 18.788590
-0.257549 10.577389 18.450928
-1.065072 10.545252 18.034610
-0.469120 9.916185 18.309499
-1.057098 9.236207 18.444992
-1.096180 9.808931 17.740076
-1.735032 9.835726 17.093858
-1.293935 10.047895 17.859930
-1.886102 9.836117 17.203474
-2.471679 10.502411 17.402468
-1.724847 10.084949 17.709737
-1.131687 9.501870 17.342822
-1.847583 10.061956 17.327218
-1.376042 10.809846 17.538775
-2.145447 11.114610 17.915047
-2.306328 11.025954 18.805386
-1.686843 11.016837 18.140105
-1.139952 10.522380 18.671959
-1.757884 10.960265 18.169104
-2.523198 10.604277 18.506760
-3.232007 10.694329 17.944686
-3.720467 11.456626 18.026885
-4.029871 12.301734 18.155373
-3.342265 12.010107 18.673637
-2.690460 12.541062 18.327685
-2.820339 13.194748 17.709402
-2.100771 13.712281 17.911460
-2.778800 14.034290 17.398593
-3.074614 13.913914 18.249739
-2.772463 13.091501 18.007274
-2.385542 13.875969 17.759587
-1.639644 14.349880 17.546304
-1.051258 13.687849 17.341454
-0.719251 14.358688 17.857392
-0.158632 13.728056 18.195707
-0.359109 12.961202 17.750522
0.277803 12.677015 18.333640
-0.249878 12.086819 18.780482
0.160422 11.413283 18.328321
0.028558 11.520352 17.435240
-0.308231 11.901728 18.188613
-0.773995 12.305165 18.857005
-0.950130 11.444195 18.624294
-1.333177 10.905015 18.000590
-1.651816 11.755580 18.038754
-1.183956 11.872846 18.809339
-1.111902 11.341251 19.543274
-0.730206 10.516525 19.519135
-1.381882 10.867140 18.991088
-1.320312 10.050681 19.386120
-0.449284 10.124925 19.136634
-0.692441 10.704889 19.793111
-1.239267 11.138759 19.210715
-0.589150 10.657028 18.796312
-0.005266 10.919782 19.441670
-0.242683 10.077615 19.688318
0.263645 9.726555 19.019862
0.437503 9.185479 18.310315
1.317642 9.390194 18.210845
1.629884 10.122977 17.772691
1.331395 9.756066 16.996335
2.067366 9.639848 16.475484
1.867059 9.922204 15.634889
2.652437 10.080307 16.064576
2.355396 10.893329 15.786713
2.879007 10.300147 16.234388
2.729805 10.770652 15.470968
3.121589 10.291715 14.804956
3.593879 10.719011 15.453653
3.467395 10.750550 14.553956
3.851341 10.054697 14.995342
4.355583 10.590135 14.461026
5.059481 10.699823 13.896276
5.710135 11.279522 14.155207
5.056084 11.762522 14.561868
4.149901 11.792181 14.628202
4.548372 11.288886 15.271912
3.874382 10.783742 14.929842
4.373208 10.056995 14.707452
4.247227 10.674662 14.052423
3.990629 11.315629 14.643832
4.419136 11.530197 13.871311
3.797694 10.908356 14.102761
3.863489 10.028473 14.321669
3.484130 10.807625 14.046981
3.947949 10.235581 14.579975
4.146648 10.667525 15.354823
3.587994 10.207687 14.804459
3.753130 9.990892 15.671740
3.827331 10.100419 16.571154
3.172712 9.483251 16.440678
3.987759 9.685299 16.788989
3.884235 10.453253 17.264359
3.557389 10.710448 16.455985
2.689560 10.969807 16.378195
2.083280 10.303549 16.500555
2.857148 10.416185 16.036995
3.094628 10.642605 15.189184
2.543883 9.957168 14.958308
3.284175 9.591868 14.577561
2.707225 9.675203 13.879972
2.020273 9.326315 13.397457
1.195310 9.041945 13.652442
1.788453 9.693434 13.876477
1.328595 10.108402 13.211061
2.127836 9.675585 13.192899
2.038886 10.553666 12.974937
2.731438 10.942899 13.416883
2.131813 10.533451 13.963918
1.661830 10.055738 14.578209
1.805802 9.606166 15.355129
2.413385 9.494979 16.022156
2.520574 9.122926 15.199640
1.874886 9.679844 15.514881
1.574694 8.922170 15.917697
1.539501 8.474526 15.127239
1.615310 9.353905 14.909544
1.080803 8.816280 14.407840
1.774355 9.262760 14.025627
1.739702 9.113759 14.921755
1.427253 8.626849 15.622996
1.163005 9.312733 15.088036
0.895239 10.048667 15.549717
0.680023 10.605920 14.864446
0.400871 9.959970 14.288886
-0.361015 9.780937 14.751405
-0.486208 10.552566 14.287335
-0.038725 11.203495 13.837338
0.564826 10.961094 14.472487
1.223554 10.539491 14.009048
1.280826 11.137351 13.326605
1.182185 10.881725 12.459787
0.812070 11.711653 12.485915
0.140127 12.310179 12.615164
-0.038648 11.598094 12.079048
-0.471326 10.800443 12.133720
0.423487 10.942264 12.208837
0.926675 10.952068 11.451769
0.605063 11.387173 12.182314
-0.259739 11.359348 11.903405
-0.507227 12.164087 12.246323
-0.952026 12.512811 11.534289
-0.146185 12.667325 11.142895
-0.784684 13.310540 11.071907
-1.327380 12.847638 11.635511
-1.394814 12.578399 12.501195
-1.992840 12.513578 13.182818
-1.286965 12.964635 12.829641
-2.166534 12.862084 13.035284
-1.776065 12.093195 12.747545
-1.214291 11.380875 12.806326
-1.447707 11.289897 13.680218
-0.815613 11.443304 14.315332
0.036064 11.149181 14.194565
0.065957 11.848035 14.775216
-0.432975 11.089990 14.721545
-0.602123 11.818719 14.205027
-0.062766 12.227087 14.812297
0.651228 12.788141 14.768965
1.079218 12.248311 14.175792
0.430608 12.383034 13.553215
-0.038223 13.086127 13.218099
0.595736 13.114248 13.869061
0.059799 12.771253 13.219775
0.135705 13.642529 13.467892
0.992398 13.661350 13.771483
1.546875 14.373095 13.660034
2.322646 14.569300 13.228606
2.925196 14.929215 13.806395
2.333069 15.007248 14.491773
2.477020 15.662542 13.878327
2.418926 14.800645 13.595121
2.566155 15.604195 13.196275
3.239314 15.715197 13.797094
2.782988 16.346867 13.328899
2.128875 16.593014 12.747526
1.959260 15.962102 12.115365
1.848945 16.760499 11.694844
1.760706 16.174686 12.384396
2.388427 16.451547 11.787940
2.847837 15.675116 11.675942
3.496593 16.215195 11.338485
2.945555 15.747213 11.889661
2.498213 16.179252 11.226583
3.361837 16.362683 11.009899
2.921188 17.117253 11.260696
2.063950 17.363827 11.085225
2.272500 17.319064 10.201513
1.735769 16.592545 10.304163
2.117073 17.200825 10.861880
2.323812 17.853219 10.263476
2.982401 18.436973 10.491375
3.797608 18.059114 10.629600
3.280493 17.475697 10.161985
2.461509 17.089730 10.079881
3.243415 17.169005 10.536813
3.397255 16.429011 11.041974
2.577904 16.444738 10.648447
2.619683 15.842114 9.969077
3.040726 16.444520 10.504124
2.772451 17.277444 10.750524
2.550696 18.128178 10.519177
2.220254 17.552037 9.898440
1.371687 17.459546 10.211212
0.880455 18.196235 10.417193
1.728755 17.889272 10.529485
1.376016 17.113167 10.845214
2.209097 16.812718 10.639900
2.085067 16.574908 9.771275
2.197912 16.353772 10.645810
1.984261 16.633452 9.807610
2.498526 16.489056 9.071996
3.069405 16.051526 9.627974
2.334191 16.501057 9.338444
1.914905 16.020858 9.986560
1.483273 15.501845 10.595465
0.818928 15.661627 9.995830
0.317785 15.945873 9.292618
0.264234 16.307438 8.460243
0.412032 17.204162 8.482359
0.028973 16.554247 8.989630
0.615523 15.993363 8.579979
1.278328 15.758842 9.156291
1.868479 15.067896 9.128655
1.109307 14.952862 9.615351
1.700110 14.341564 9.937396
1.437849 15.087666 10.385722
1.310897 15.039017 9.486855
0.715032 15.718540 9.585035
0.302375 16.420893 9.988596
1.187784 16.580198 10.119443
0.342268 16.282995 9.967057
0.876355 15.673493 9.555105
0.653085 15.228187 8.794645
0.364940 14.617220 8.186255
0.921025 15.276757 8.473008
0.122423 15.564000 8.798848
-0.487164 15.904358 9.381091
0.230903 16.357945 9.056919
-0.568285 16.522767 8.656195
0.228675 16.401997 9.076570
-0.183005 15.929145 9.734883
-0.456934 16.719318 9.378465
-1.272795 16.979440 9.683674
-1.281498 17.330885 8.845308
-0.564466 17.845619 9.062935
0.144432 18.005476 9.609154
0.315200 18.565482 10.304623
0.167000 18.433019 11.191717
-0.735839 18.413436 11.296332
-1.573914 18.065009 11.348058
-0.727052 18.243096 11.069568
0.140865 18.497235 10.976941
0.797167 19.076970 11.221114
0.372178 19.013487 10.419989
0.318248 19.879960 10.150240
0.368115 19.230658 10.784565
0.692677 19.132855 9.941037
0.369410 18.778012 10.713068
0.857612 18.773373 9.946201
0.414518 18.454999 9.219047
0.413477 17.676951 9.689244
0.554431 18.323492 9.065896
1.149647 17.952939 9.644563
1.241957 18.454723 10.396984
0.647744 19.000383 9.977925
0.069197 19.699433 10.033239
0.539462 19.966465 10.763985
1.203446 19.377004 10.568779
0.610751 18.747336 10.849276
0.431285 18.124662 10.211691
0.490248 17.340139 10.667205
-0.332553 17.294295 11.051056
-0.522805 18.051223 11.517222
-1.175479 17.695778 12.040788
-1.554786 16.893973 12.239988
-1.228884 16.087630 11.975328
-2.061369 16.409649 12.147715
-1.906205 15.514632 12.111459
-2.701699 15.252533 11.757992
-2.925782 15.706762 11.003068
-3.481858 16.318105 10.624274
-4.125055 16.938018 10.792949
-3.524375 16.534849 11.343482
-3.040387 15.815216 11.070846
-2.966934 15.761053 10.166348
-3.295431 16.342080 9.549143
-3.837045 15.616197 9.627845
-3.164280 16.028903 9.176727
-2.420959 16.195957 8.680730
-1.648340 16.652684 8.825320
-2.311693 17.176635 9.159810
-2.000085 16.644929 9.828118
-2.433033 15.846651 9.786220
-1.632804 16.242461 9.614715
-1.847856 17.028464 10.017701
-2.412683 16.855564 9.326670
-2.863676 17.644530 9.302519
-2.122825 17.165711 9.082706
-2.008928 17.741911 9.776585
-1.446481 17.302453 10.339591
-1.498129 18.152321 10.020995
-1.424467 18.115598 10.926353
-2.173520 18.194005 11.435486
-1.835014 17.402831 11.728577
-1.595657 18.105150 12.253841
-2.282272 18.090086 12.849475
-2.957742 17.562041 12.547226
-2.437861 16.827086 12.420688
-3.193874 16.592898 11.973422
-3.320218 16.042511 12.685852
-4.161509 15.819337 12.948281
-4.613549 16.481360 13.377036
-4.790888 16.893025 14.167940
-5.577343 16.460410 14.023789
-4.681473 16.520832 13.881624
-5.012315 16.987194 13.174874
-5.194476 16.458072 12.458428
-5.568587 15.629755 12.477909
-5.758651 14.847405 12.900105
-5.353033 14.745552 13.707289
-5.753030 14.136543 14.250940
-5.347785 14.948543 14.197287
-5.249832 14.736452 15.075848
-5.393724 15.338335 15.741790
-4.903384 16.001050 16.124964
-4.851232 15.100893 16.009016
-5.007480 15.979107 16.184435
-4.562462 15.190063 16.260674
-3.930077 14.620399 15.941267
-4.329033 14.703798 16.753871
-4.666803 14.922372 15.938651
-4.507804 14.216415 16.488915
-3.932546 14.782175 16.907773
-3.287680 15.045281 17.492040
-2.724080 14.331981 17.494445
-1.915969 13.958509 17.310265
-2.278093 14.684905 17.719730
-2.979787 14.117493 17.609666
-3.405794 14.876860 17.348272
-2.855924 15.483669 17.743078
-3.719429 15.296679 17.528979
-3.541876 15.696785 16.732213
-4.198906 15.935676 16.151103
-4.147861 15.703839 15.273553
-3.469628 16.308390 15.304623
-3.285666 15.960095 14.485296
-3.801445 15.237692 14.288953
-3.298853 15.660945 14.917206
-2.425995 15.466314 14.753855
-3.151696 15.887574 15.103631
-3.858385 15.629506 15.613965
-3.839999 14.853845 15.140195
-4.355934 15.322425 15.723882
-5.030334 15.060115 16.274176
-4.414842 15.033855 15.605650
-4.327557 14.384006 14.975948
-4.898931 13.858968 15.449566
-5.283086 13.537166 16.208061
-5.526044 13.911088 15.415848
-6.024004 14.670982 15.383562
-6.119173 14.234540 16.175336
-5.359142 14.454517 15.727665
-5.534229 15.341378 15.631395
-6.152525 15.594250 16.248009
-6.006863 14.941352 15.632418
-6.609434 15.274403 15.038758
-6.245701 16.005010 15.439206
-6.247531 15.223620 14.974585
-5.960792 14.855283 14.194486
-5.327175 14.270447 14.482485
-5.347689 13.370814 14.353315
-4.519434 13.384113 13.978800
-5.163436 12.774895 14.180196
-4.779872 13.364555 13.604327
-5.204093 12.584224 13.798146
-5.337769 13.031390 13.018005
-5.120182 13.911908 13.079563
-5.572412 13.311545 12.568194
-5.056414 13.283001 11.820278
-5.708901 13.521485 12.406650
-6.327474 13.648865 13.060553
-5.740541 13.099057 13.484425
-6.118151 12.549175 14.102069
-6.532979 13.350710 14.211182
-6.007680 12.682152 14.532954
-6.196783 13.407129 14.018080
-5.693741 13.112234 13.320634
-5.381962 13.257750 14.162099
-5.130381 14.027238 13.748530
-4.625430 13.619548 14.385130
-4.564726 14.364831 14.902155
-3.805942 13.922318 15.136408
-3.195725 13.318953 15.436463
-3.884193 13.067226 14.898790
-3.099839 12.617525 14.803893
-2.558448 11.900851 14.663467
-2.964780 11.766352 15.465495
-3.305667 11.019643 15.074770
-3.462386 11.256415 15.938381
-2.689536 11.451465 16.375536
-2.137785 11.732485 17.041152
-1.766926 12.550311 16.899478
-2.241764 11.923842 16.442846
-1.655980 12.429918 15.966202
-2.118186 11.733635 16.323972
-1.845375 12.275795 15.647155
-2.446116 12.367016 16.323346
-2.375488 13.121600 16.825405
-3.098834 12.574051 16.767026
-3.157842 13.222833 17.401098
-2.926916 14.098141 17.484503
-2.500815 14.599001 18.112215
-2.438811 13.720954 18.339450
-2.738951 13.647716 17.484465
-3.505224 13.178109 17.347566
-2.938777 13.764952 16.946069
-3.141241 14.587684 16.616575
-3.576512 15.119336 16.021316
-3.944742 15.063503 16.850615
-4.240476 15.830704 16.462814
-3.399643 16.065395 16.716515
-3.111481 15.421835 17.290309
-3.845163 14.917352 17.106860
-3.866805 14.283542 17.758215
-3.239217 14.791490 18.176028
-2.618886 14.475139 17.591599
-1.959757 14.544490 16.969356
-2.709574 15.057910 16.994289
-2.009276 14.826192 17.525643
-2.508797 15.355853 18.070055
-2.908746 15.385691 18.885895
-3.477701 15.792975 18.305503
-3.676441 16.404215 17.662591
-3.372255 15.628255 18.025640
-2.884396 15.986298 18.704055
-3.339033 16.588188 18.196629
-3.913055 16.865962 18.844538
-4.200920 16.873861 17.982264
-3.491225 16.311162 17.903837
-2.753564 15.805066 18.065601
-2.604138 15.486965 17.227192
-2.566904 14.654225 17.589966
-2.837758 13.870004 17.961556
-2.347013 14.233781 18.634817
-2.878528 14.965243 18.540476
-2.355443 14.549988 17.923717
-2.709930 13.846365 17.470176
-3.175575 14.047522 18.224601
-2.631309 13.639053 17.621795
-3.181083 12.976201 17.913037
-2.519956 13.133504 17.309205
-2.113419 13.535647 18.015925
-2.696235 12.841107 17.949697
-3.184895 12.777493 17.185753
-3.545120 12.117483 17.696704
-2.982771 11.527715 17.293735
-2.629902 10.714531 17.495381
-2.098542 10.925938 18.202070
-1.611783 11.464031 18.749764
-2.257135 10.873344 18.502667
-2.080754 11.267843 17.702851
-1.943825 11.574625 18.547588
-1.301802 11.660071 17.909661
-0.528240 11.425185 18.325446
-0.122001 11.030456 19.036505
-0.925523 10.610733 19.104561
-1.156821 11.158515 18.416895
-1.290572 10.518799 19.048815
-1.104487 11.369093 18.786481
-1.329412 11.552956 17.925058
-0.565911 11.093891 17.744031
-0.295048 10.323121 18.142772
-0.852945 9.634737 17.939487
-1.613526 9.243751 17.631115
-0.759000 9.526305 17.759158
-1.451979 9.488007 18.346322
-1.995329 9.975104 18.888498
-1.418902 9.313128 18.651922
-1.021102 9.963045 18.156130
-0.499882 10.417841 17.566268
-0.606340 9.739126 18.161635
-0.588027 10.107115 18.992715
0.117860 9.562862 18.813947
-0.273385 9.954993 19.534785
0.632028 9.988022 19.609495
-0.039488 10.457039 20.003874
0.228313 10.930665 19.275584
-0.235215 11.548409 19.755145
-0.830921 11.021647 19.314574
-0.659396 11.837367 19.677378
-1.021155 11.003468 19.663605
-1.283052 10.194738 19.341407
-1.655902 11.010109 19.191081
-1.072383 10.507826 18.707694
-0.449654 10.119434 19.244169
-0.572685 10.914263 19.667909
-1.136732 11.406635 20.183533
-0.588001 10.903435 19.661872
0.109489 10.328255 19.757387
-0.293781 11.045375 19.370658
-0.489545 11.611353 20.054612
-0.587307 11.141989 19.282222
-0.003357 11.233243 18.591482
0.092893 10.882477 19.424636
0.599505 11.394735 18.870214
1.427155 11.767942 18.823782
0.922470 11.635425 19.568214
1.631535 12.121522 19.863820
1.253685 12.582333 19.177285
0.728255 11.847645 19.280260
-0.137278 11.813287 19.004364
0.203919 11.057409 18.631968
-0.192311 10.859803 19.425945
-0.067631 11.379185 20.161570
0.446533 11.965197 19.693947
0.230122 11.125650 19.967391
-0.283932 11.730005 20.411181
0.103925 11.893637 19.605428
0.795255 11.699873 20.163071
1.482980 11.760225 19.571600
1.139358 10.978636 19.259369
1.346905 11.649004 19.837277
1.452233 10.748298 19.901175
1.188881 11.532865 20.277401
0.703804 10.926799 19.804294
1.443024 10.486693 19.510513
1.992068 10.697233 18.817209
2.878559 10.734368 19.015198
2.382990 10.150435 18.525424
1.500200 9.933403 18.520370
1.354692 10.603809 17.923856
1.211815 10.059243 18.637635
1.226997 10.130722 19.543785
1.651383 10.692779 18.968950
1.110475 11.358261 19.270607
0.445460 11.971288 19.362259
0.850077 12.409923 18.676452
0.693506 12.992505 19.356547
0.147172 13.371895 18.736848
-0.073435 13.917496 19.429739
-0.249055 13.208168 18.888946
-0.649329 13.699501 18.237165
0.086215 13.580028 18.757884
-0.042033 14.479265 18.720822
-0.314005 15.292836 18.419862
0.167520 14.681345 18.889603
-0.490025 14.171197 19.255434
-0.151775 14.618602 19.970880
0.035892 14.848666 19.111637
-0.047846 14.466021 18.291261
-0.603478 15.158836 18.097030
-0.098835 15.451314 18.794338
-0.034642 16.122917 18.185015
0.502038 15.555382 17.719908
0.535165 15.584408 18.627932
1.287241 16.054571 18.428492
1.291331 16.590167 19.163044
0.790009 17.335374 19.022366
1.198094 16.704326 18.510806
0.437210 16.962684 18.935959
-0.324201 17.414805 18.730325
0.219109 17.889692 18.177386
0.281356 17.335672 17.459311
-0.057282 16.627024 17.917119
-0.629266 15.920440 17.912755
0.209013 16.023900 18.248954
-0.151178 16.587951 17.633685
-0.213529 16.745562 18.526835
0.282291 16.573093 19.269037
-0.482054 17.025110 19.463728
0.271087 17.151519 18.970528
0.220189 17.849885 18.390752
-0.173360 17.152515 18.821146
0.442789 17.590530 18.316221
0.764999 16.839026 17.918894
0.209917 17.376135 17.439472
1.037568 17.605509 17.141429
1.228339 16.718182 17.089440
0.548253 17.065154 17.582936
-0.220863 17.529380 17.443645
-0.773165 16.906345 17.078630
-1.618727 16.627742 16.894642
-1.010580 17.058014 16.373615
-1.890250 16.867581 16.501527
-2.249259 17.126320 15.707415
-2.677580 17.730561 16.234558
-2.504614 18.324775 15.568645
-2.286259 18.923842 14.920659
-1.692685 18.507468 14.372253
-1.072009 18.089515 14.888509
-0.527278 18.010369 14.165010
0.104433 17.404770 13.918766
0.567306 17.937374 14.491940
1.470739 18.000315 14.412605
0.794810 18.572936 14.616738
1.393518 18.274225 15.232177
0.893466 17.696981 14.739041
0.633676 16.880613 14.434904
0.558991 17.256033 13.610326
0.549407 16.925845 12.763374
0.787667 16.060966 12.616188
-0.051285 15.733682 12.740650
0.516507 16.059386 12.109797
1.173476 16.681824 12.023716
1.165389 15.841402 11.677203
1.019983 16.476300 11.043005
1.878518 16.712896 11.225722
2.478721 16.927111 10.577405
3.106684 17.127472 11.203475
2.446364 17.585383 10.778337
3.252636 17.189961 10.636872
2.591761 16.874621 10.098123
2.293392 16.393061 10.809123
2.686902 17.090312 10.378499
1.958585 17.230950 10.904067
1.348105 17.893060 10.780092
1.790232 17.440799 10.127076
1.260288 16.860548 9.670004
1.830669 16.326645 10.134825
1.422008 16.804651 9.478355
0.802186 17.113382 8.889329
1.450602 16.590075 9.252860
1.651365 16.012842 8.579851
1.906599 16.383583 9.369695
2.767161 16.131407 9.220405
2.328064 15.336185 9.255901
2.876288 14.722922 8.868855
2.494880 14.672465 9.692523
3.293214 14.535043 10.105105
3.291800 15.392663 10.406656
2.460840 15.544658 10.742585
3.004856 15.165336 11.364362
3.643551 15.751021 11.089608
2.959792 15.200643 11.326260
3.625733 15.790558 11.139261
2.895306 16.244653 10.844775
2.868844 16.851421 10.168330
3.475174 17.526035 10.229197
3.607370 17.243003 11.082932
4.097942 17.664199 10.443886
4.320707 16.928539 10.929300
5.124292 16.503871 10.948125
4.348293 16.942254 10.768982
3.452235 16.973625 10.618843
3.278201 16.149425 10.277005
4.033475 16.654689 10.250250
3.757397 16.365577 11.066731
4.344615 15.794994 10.671695
4.407175 16.520819 11.215486
3.713365 17.076795 11.405129
4.412519 16.495785 11.412695
4.961187 17.131033 11.761790
4.751265 16.280360 12.004142
5.107203 17.105665 12.140618
5.543047 17.802343 12.529368
5.368144 17.003330 12.926147
6.119827 16.798508 12.457675
6.045602 17.488496 13.044916
6.157420 17.773893 13.900774
6.262172 16.890517 14.088179
5.718725 16.471138 13.492165
5.789846 15.767445 12.921023
6.281735 15.261885 13.494523
5.455675 15.088791 13.832323
5.918622 14.799371 14.559208
5.526927 15.518562 14.953905
4.701881 15.322845 15.281685
5.051707 15.727513 14.546626
5.758249 15.241644 14.244673
5.466764 14.978704 15.064640
4.745214 15.475427 14.821581
4.605198 16.360446 14.975153
5.036883 15.566905 14.873237
5.432666 14.875450 15.311064
5.077315 14.341084 15.954976
4.409538 14.900233 15.694452
4.620945 14.340527 15.009994
3.845288 13.976415 14.706310
3.256783 13.596598 14.126786
3.943415 14.026235 13.713996
3.441433 13.432614 14.185244
3.340897 14.020715 13.499332
2.897129 14.543214 12.902246
2.415915 15.273960 12.655489
3.061541 15.015338 13.240919
3.375205 15.382308 14.011240
3.899378 14.974655 14.632134
3.695273 14.415772 15.319474
4.406086 14.911028 15.594994
4.499522 15.797011 15.775966
4.094896 15.009894 15.983745
4.495187 15.421985 15.279192
5.017168 15.959595 14.764451
5.560435 16.550616 14.337835
6.333535 16.571801 13.860013
6.750935 15.991833 14.422027
6.466154 15.131938 14.499020
6.817443 15.795808 15.011191
6.882563 14.942674 15.318384
6.594735 14.496685 16.056418
6.862245 14.471935 15.187930
6.570620 13.980294 14.481043
5.969521 14.093166 15.153639
6.694544 14.490663 14.775770
6.292790 14.018715 15.440830
5.682025 14.617945 15.133689
5.491680 15.195086 14.457580
6.195143 14.619481 14.473867
6.300564 14.570700 13.572228
5.442839 14.856904 13.666263
6.189446 14.348038 13.565863
5.728355 13.898352 12.924285
6.400323 14.482337 12.740252
6.319693 15.319983 13.084193
6.667120 14.684769 13.633960
6.126725 14.355707 14.286754
5.601394 13.751425 14.717237
5.942208 14.340731 14.114733
5.950427 14.587632 13.239851
5.183635 14.149609 13.455753
4.668394 14.620815 12.873570
4.799145 13.724369 12.949296
4.166993 14.367579 13.063801
4.054722 14.707565 13.899415
4.738779 15.195240 14.246814
5.073939 15.935585 13.839376
4.653933 16.323210 14.546334
3.970215 16.424008 13.955727
3.443724 16.685559 13.262297
3.853484 16.078500 12.723759
3.195911 16.406392 13.259045
4.026617 16.228222 13.582511
4.880365 16.249488 13.894131
5.313792 16.427729 14.673116
5.271531 16.779797 15.510199
4.422330 16.541201 15.290253
3.913691 15.796776 15.406717
3.454965 15.033248 15.588491
2.620354 14.730263 15.783605
2.048857 14.904603 16.468765
2.686400 14.434744 16.022426
1.972314 14.468594 15.460838
2.476863 13.894907 14.968130
2.208990 13.368052 14.277396
2.917520 13.575961 13.747107
3.415115 14.259629 13.413277
3.839349 13.492503 13.172471
4.313523 13.499207 13.948075
4.433967 14.176925 14.541907
4.035315 14.969135 14.342095
3.703067 14.448942 15.009521
4.532072 14.311773 15.356482
4.953581 14.948459 14.863118
4.609452 15.750774 14.609522
4.767072 15.071900 14.025799
4.086552 14.619523 13.627435
4.723094 14.340094 13.041618
4.542804 14.976495 12.417972
4.947277 14.164478 12.359007
4.503462 13.444714 12.692792
5.345120 13.311701 13.009595
5.580765 12.800292 13.723303
5.877899 13.479339 14.249660
5.987205 13.703375 15.123906
5.269193 13.865288 14.590343
4.733444 13.911402 15.323345
5.189605 13.125245 15.305415
4.406232 12.808925 15.641145
4.672935 13.331026 16.335929
5.409604 13.729195 16.689805
5.879707 13.669896 17.465647
5.411300 13.353940 16.753459
4.880960 13.615415 16.062940
4.938695 14.087373 16.837775
5.562002 14.724657 17.016108
5.305061 14.368747 17.812195
6.046087 14.894862 17.835215
5.607265 14.476335 17.157929
5.092795 14.937018 17.749147
4.320986 15.396553 17.609194
4.441519 14.834506 18.313483
4.685107 14.022925 17.984170
4.241369 14.452255 17.316923
4.176483 13.569340 17.523560
4.640705 13.857916 18.249967
4.696821 12.992757 18.523455
5.529457 13.210997 18.230995
4.859058 12.813598 18.699059
5.557440 13.395425 18.712728
5.045744 14.145506 18.668122
4.752129 14.988587 18.839735
4.311594 15.131376 19.622032
4.421925 15.133115 18.719662
4.255325 15.875324 18.221849
4.284351 15.367358 17.468474
4.738836 16.119965 17.699713
5.353625 16.020510 18.361974
4.893331 15.304215 18.043386
4.325019 15.354817 17.335638
5.035535 14.812795 17.168830
