22.619048 -0.999972 13.000000
21.749035 -0.680483 13.219169
21.363090 -0.047750 12.621066
21.902656 -0.813196 12.447884
21.997021 -0.199940 13.170409
21.687704 -0.922036 13.708860
21.140602 -0.162377 13.533852
22.045501 0.093859 13.383753
22.016198 -0.618744 12.752590
21.420040 0.122434 12.800348
22.081755 -0.328124 13.316255
21.270106 -0.635755 12.924314
21.852613 -1.389059 12.908568
21.468999 -2.069923 13.452896
20.776615 -1.684313 12.924750
21.259362 -2.478841 12.718083
20.420350 -2.206708 12.358871
19.880126 -2.803588 12.867715
19.259948 -2.105113 13.053570
18.696388 -1.371449 12.827370
18.235350 -1.936418 13.439974
19.162020 -1.717831 13.463065
19.470949 -2.278450 14.168259
19.011077 -1.450359 14.267314
18.348089 -2.082294 14.006290
18.772055 -1.887947 13.175922
18.511913 -2.385167 13.945420
18.930162 -1.672669 14.419175
18.839219 -0.960411 13.793515
18.227164 -1.300090 13.147731
18.180574 -0.477559 12.669921
18.197621 -1.231059 12.087703
17.535407 -1.903942 11.962281
18.329599 -2.422388 12.048899
19.037005 -2.153461 12.627072
18.616117 -1.875389 11.819262
18.199047 -1.211918 12.360452
18.383793 -1.200671 11.426230
17.431786 -1.174067 11.424974
17.972450 -0.542435 11.889466
18.725451 -0.281261 12.410815
19.453701 -0.442613 13.002970
18.996670 0.209080 13.525893
19.864644 0.596097 13.463693
19.413204 0.630670 12.625818
20.222732 0.950920 13.011997
19.669926 1.317574 12.328623
19.475028 0.638971 12.967796
19.601483 1.217314 13.713825
19.050000 0.749216 14.333325
19.006920 1.650632 14.028987
19.808640 2.033934 14.371556
20.233250 2.142947 13.526067
21.003057 2.553434 13.144065
20.328378 3.219406 13.235273
19.853996 2.564800 12.731804
19.162371 2.324470 13.340842
19.599461 3.073969 13.733567
19.974836 3.051991 14.608575
20.664837 2.401507 14.696884
20.151599 1.600875 14.645846
19.775155 2.413094 14.320855
20.596473 2.818909 14.060509
20.148155 2.215511 13.475743
19.380099 2.536285 13.938586
19.516776 1.736759 14.437693
19.669642 2.411574 15.092128
20.350497 2.978433 14.742647
19.915019 2.316224 14.214569
19.688679 1.776450 14.965863
20.199238 1.202501 14.402888
20.857479 0.579500 14.110280
20.586971 0.124369 13.318629
20.875036 0.789865 13.936013
21.296988 1.564493 13.576934
20.732173 0.957621 13.108190
20.775951 1.544466 13.857008
20.146908 2.199570 13.570353
19.488080 1.799719 14.129904
20.160300 1.910638 13.464435
19.619218 1.169658 13.719796
20.321437 0.584250 13.986655
19.658822 1.207090 14.269568
19.972704 1.221500 13.370512
19.941780 1.934048 12.739364
19.329045 1.455885 12.188959
18.560330 0.903187 12.292076
17.862489 0.821494 12.935017
17.281018 0.238350 12.456617
16.675548 -0.494550 12.513991
16.708231 0.294105 13.046894
16.695059 -0.265749 12.276556
15.983513 0.295954 12.568485
15.083298 0.299926 12.257636
14.689519 0.917006 11.648391
15.588705 1.183378 11.814339
16.246719 1.807903 11.524484
15.745979 1.666460 10.726810
15.573288 2.341567 11.375992
16.100467 1.663884 11.788130
16.557415 2.253045 12.380680
15.925601 2.818707 11.947245
15.187247 3.413489 12.037223
15.220250 3.613406 12.967800
15.502961 4.131230 13.715438
16.089042 3.664786 13.127248
16.684668 4.242516 13.594674
17.125227 4.785931 14.240923
16.609584 4.297363 14.875307
15.811312 4.271630 15.394083
16.466454 3.702298 15.002062
16.071684 3.224517 15.725188
15.516022 2.525587 15.393877
14.978021 3.275190 15.157915
15.730051 3.800686 15.413517
16.118045 4.454967 14.840449
15.460200 4.330591 14.163100
14.672857 4.440857 13.638731
15.481709 4.868288 13.903480
15.148679 4.057064 13.531948
15.660086 4.592483 14.130963
16.285439 5.253989 13.851010
15.347680 5.393029 13.942140
15.822990 5.071561 14.702250
15.620508 4.313300 14.162741
14.933049 3.711995 13.892811
14.901274 2.910637 13.379152
14.206550 3.439267 12.998445
14.119089 2.783741 12.313122
14.628009 3.575348 12.166870
15.458490 3.482674 12.623752
15.259622 2.591148 12.893310
15.197448 3.334793 12.301570
15.474068 3.290715 13.211828
14.946900 3.502178 13.976293
15.502814 4.109727 13.497885
16.186282 3.675088 12.996896
16.810879 3.082604 12.589625
16.831136 2.986091 13.536886
16.139435 3.589032 13.281853
16.498229 3.063576 12.573197
15.856187 3.743673 12.393532
16.455816 3.014902 12.265608
16.588023 3.717260 11.636129
16.811801 4.517270 12.101893
17.104807 3.843098 11.496362
17.764371 3.446709 10.935221
17.518050 3.495572 10.016544
17.895349 2.996367 10.734505
18.072358 3.806354 11.203138
17.986434 4.358745 10.432093
18.251271 3.447845 10.516665
17.780314 3.953548 9.861308
17.512134 4.191270 8.978926
17.865941 3.449365 9.459994
17.746124 4.376089 9.643996
17.003964 4.942380 9.832521
16.899976 4.101471 10.267365
17.022050 4.895896 9.756467
16.521315 4.265654 10.265474
15.982669 4.775108 9.667690
16.744139 4.594460 9.124957
17.399233 3.910061 9.027595
16.611538 4.014924 8.502649
17.035795 3.472272 9.160345
16.474361 3.159533 9.863207
15.768884 3.098343 10.500064
15.670142 2.657734 9.661528
16.417805 2.483952 9.097764
17.066491 2.160773 9.715656
17.142518 3.059153 10.022516
17.524106 2.415250 10.611422
17.592010 2.260770 9.674110
17.811403 1.661071 8.967528
17.462536 2.289690 8.342899
17.709958 1.451057 8.720401
17.126851 0.912041 9.246211
17.483283 1.724371 9.592773
16.914185 2.362998 9.174069
17.323376 2.809830 8.439267
16.967406 3.535463 8.943023
16.759168 2.942350 9.658483
16.354977 2.696248 10.484978
16.438215 3.544201 10.059448
15.628730 4.034167 9.951295
15.357238 3.772707 10.825915
15.271383 3.801022 9.877835
15.847595 4.491210 9.563749
16.741077 4.556134 9.240480
16.149557 3.923260 8.844750
16.589291 3.101724 9.041579
15.953657 3.170090 8.335658
15.551202 2.335903 8.113864
16.273282 2.591541 8.679795
15.705467 3.161616 8.170257
14.916419 2.629260 8.138158
15.541185 3.318153 7.932916
16.433199 3.144963 7.647708
16.259866 3.021621 8.576025
16.885564 3.737546 8.521403
16.982670 3.870414 9.459457
17.658244 3.491870 10.013835
17.545113 4.085659 9.277870
18.066681 3.490310 8.748194
17.964073 2.781741 9.376232
18.456488 3.570986 9.172151
18.608706 2.736712 9.605565
19.159633 3.289338 9.059567
19.561696 2.459790 9.298783
19.023852 1.678606 9.385412
19.387836 1.887382 8.530451
18.659970 2.359671 8.137790
19.290722 2.713922 8.757215
19.899288 2.517759 9.463047
20.287685 2.850484 10.266459
20.915766 2.428414 10.844732
20.890006 2.522553 11.792099
21.362049 2.333454 12.597360
20.666075 1.707028 12.423464
20.273220 1.140025 11.766804
19.715353 0.742579 11.105101
20.450787 1.317378 11.294238
21.025321 1.742996 11.923355
20.675557 1.090355 11.324395
20.852079 0.490336 10.606170
21.098540 1.267791 10.114388
20.877823 0.409259 10.462577
21.664171 0.361876 10.997779
21.149515 0.156312 11.772312
20.679944 -0.412522 11.169851
19.734767 -0.510513 11.233614
20.478950 -0.646201 10.654987
19.556962 -0.842782 10.790355
19.616951 -0.305059 10.006592
20.027254 -0.868486 10.655616
19.294843 -0.267958 10.755465
20.072924 0.266286 10.628169
19.473553 0.037338 9.924346
18.596274 -0.123073 9.590159
17.875854 -0.520731 10.069630
17.972051 -1.051848 10.854290
17.206837 -0.678158 10.427870
17.506860 -0.974161 9.573822
16.965727 -1.521228 10.135002
16.167236 -1.030922 9.964583
16.624466 -0.389838 9.428875
16.490037 -0.600602 10.347863
17.035988 -0.640181 11.127222
17.595622 0.094329 11.360320
17.659518 -0.502961 10.621272
17.524024 -1.186176 9.971744
18.097477 -0.697738 9.388985
18.706233 -1.006958 8.725035
17.836318 -0.631505 8.628538
17.437550 -0.000616 9.220141
16.938373 -0.552169 8.625463
16.964582 0.161735 7.995635
16.336015 0.863497 7.856120
16.731901 0.548417 7.049256
17.032113 1.446968 6.951745
17.614679 0.931455 7.501194
17.062560 0.416099 8.081369
17.715566 -0.138926 8.496773
17.255401 0.287322 7.780121
16.985054 0.063262 8.665411
17.530490 -0.465461 9.239852
18.312678 0.077162 9.267622
18.910799 -0.553559 8.878427
18.208350 -0.260562 8.305935
18.232989 -0.440203 9.240896
17.911897 -0.539408 10.132012
18.171392 -0.359044 11.030433
18.147214 0.382966 10.433889
18.845613 0.197482 9.813514
18.821703 0.360837 10.751476
18.737525 1.236462 10.386476
18.647306 2.057159 10.861183
19.185910 2.842520 10.873150
19.619864 2.166536 10.361526
19.509785 1.541950 11.072022
19.418650 2.242446 11.710794
19.390809 2.372070 12.653902
20.086878 2.513168 12.019388
19.484822 2.975201 11.443989
19.320689 2.479925 10.647251
18.694421 1.991738 11.173075
18.149251 2.593750 10.675679
17.796837 2.119830 11.422830
17.126221 1.446724 11.357787
16.363817 1.182764 11.863846
16.417535 0.274873 12.146474
17.014553 0.125443 12.873296
16.996552 0.744754 13.596593
17.208476 1.556299 13.145469
16.383553 1.902243 13.472353
16.507236 2.846331 13.451670
17.113217 2.560542 14.128530
17.317581 2.405229 13.211392
16.834481 1.671423 12.843732
15.949515 1.333321 12.941466
15.287354 1.688363 12.356215
14.665043 2.109569 12.941317
14.791910 1.167264 12.886578
15.434513 1.245330 12.188011
15.355146 1.256237 13.137017
14.511556 1.610365 12.872480
15.372910 1.215559 12.968544
15.968528 1.245216 13.711100
16.622389 1.529745 13.079801
16.597831 1.626183 12.132633
16.027038 1.905230 11.423157
16.607731 1.679066 10.702967
16.687937 0.742273 10.551255
16.005239 1.176739 11.053443
15.225170 1.341002 10.532348
14.599129 0.794399 10.067238
15.176304 0.309283 9.485379
14.325672 -0.114161 9.420953
14.047830 0.440476 8.698311
13.491410 1.033966 8.203138
13.149410 0.295126 7.708993
13.654645 0.808324 8.332206
14.047590 0.051550 7.908042
13.538097 -0.600089 7.436010
13.952601 -0.641073 8.292477
14.424500 -1.271570 7.756926
14.708488 -1.990815 8.312863
14.505434 -2.464590 9.113698
14.099190 -3.229767 9.509298
14.350680 -4.000833 10.008537
14.817772 -4.811354 10.187167
14.845745 -4.427771 9.315897
14.482070 -4.774450 8.506834
15.060271 -4.841191 9.260663
14.680040 -5.379720 8.573320
15.158206 -6.127714 8.228511
15.977863 -5.776907 8.563363
16.749391 -5.585350 9.087843
16.179966 -4.921770 9.465262
15.689059 -4.915835 10.281353
16.246409 -4.143980 10.306467
15.530096 -3.522314 10.392820
15.077419 -4.161027 10.935185
15.462171 -4.158890 11.806386
14.664866 -3.899093 12.257870
13.918987 -3.585292 12.760090
13.178473 -3.036845 12.519519
12.283406 -2.731123 12.408080
11.645350 -3.437808 12.430704
11.574190 -2.920419 11.634290
11.916971 -2.057530 11.846314
12.760522 -2.056501 11.404216
13.134068 -2.629621 12.066807
13.526628 -3.180892 11.396713
12.610698 -2.985406 11.223834
12.189109 -3.321907 10.438940
12.284773 -3.416609 9.496120
12.994578 -2.813131 9.298582
12.919626 -3.380959 10.059491
12.910953 -4.333039 10.081804
13.344817 -3.768829 10.714621
14.274051 -3.891191 10.883683
13.371159 -3.594331 10.944420
13.595054 -3.871469 10.061190
13.816925 -3.388699 9.270788
13.898565 -3.250309 8.332058
13.536792 -3.896718 8.930644
12.942012 -3.543772 8.275894
13.517270 -2.880150 7.907501
14.309100 -2.362651 7.796912
13.806699 -2.934822 7.224861
14.290095 -2.356893 7.807403
13.690778 -2.994804 7.432011
13.014408 -2.680228 8.024123
13.083135 -3.504176 8.496790
13.448118 -3.221489 9.329799
12.824275 -3.365404 8.624720
13.618915 -3.126444 9.092131
14.099726 -2.425655 9.521952
14.769451 -2.041947 10.079864
13.912801 -1.652610 10.226824
13.644591 -1.262176 9.400595
13.465570 -0.417184 8.999387
14.006450 -0.209825 9.755350
13.762122 0.411429 9.076102
13.050874 -0.208217 9.207230
13.614716 -0.653866 9.832137
13.538766 0.259927 9.574757
14.015866 -0.363132 9.035125
13.589369 -0.623561 8.224380
12.749982 -1.027595 8.026348
11.954550 -0.931867 8.541277
12.224012 -1.839588 8.643565
12.925455 -2.422055 8.918770
13.432742 -2.899153 8.269103
14.249184 -3.293184 8.560978
14.774755 -2.534182 8.794898
14.480230 -1.847070 9.384950
13.935509 -2.048390 8.630113
14.394210 -2.879210 8.709871
14.701839 -2.942124 7.810741
14.844402 -2.200234 7.230821
15.147971 -1.589923 6.565693
14.574249 -0.898438 6.881476
13.991354 -0.358868 7.406955
13.483426 0.259572 6.890651
12.957275 -0.325247 7.427477
13.161634 0.510358 7.018783
14.043245 0.192703 6.848821
14.426372 0.315670 7.712025
13.804743 0.561270 7.033581
13.773422 0.023948 6.247875
13.351302 0.697409 6.772561
12.849621 1.184048 7.419498
12.625655 1.839701 8.072940
13.143460 2.503526 8.518188
13.712251 3.184734 8.863818
13.317547 2.550509 9.454577
13.948640 2.310362 10.126202
14.226176 3.213888 10.243010
13.572794 2.521720 10.210982
14.023427 2.851374 9.439432
13.571825 2.069980 9.135280
13.417470 1.161413 9.375509
13.133473 1.708177 8.649269
13.439611 0.851050 8.929699
13.311636 -0.089064 9.012394
13.835059 -0.698760 9.523598
13.236967 -1.175664 8.956255
13.796571 -0.895841 8.238222
14.337049 -0.293926 8.740828
15.001694 -0.432538 9.408706
15.104488 -1.143168 8.783030
15.555766 -0.401568 9.174703
16.029010 0.374541 9.458824
16.686876 0.268463 8.778391
17.140537 -0.506466 8.461048
17.714833 -1.133480 8.890077
18.269515 -0.767973 8.207610
17.918290 -0.916882 9.080247
18.515597 -0.266500 8.723516
19.247731 -0.065462 8.148543
18.911132 -0.289683 9.010782
18.112563 0.103103 9.349951
17.223093 0.144417 9.012066
16.747140 -0.679703 8.975663
16.778990 -1.192451 9.777600
17.324149 -1.970877 9.839921
16.546206 -1.984503 10.389146
16.898326 -1.113626 10.546033
16.390271 -1.918506 10.578874
17.144125 -1.653650 10.060622
17.843706 -1.695970 9.415777
17.947782 -2.081452 8.551138
18.877795 -2.070686 8.346226
19.517820 -1.756248 8.977515
19.332414 -0.949784 8.506061
18.587606 -0.504052 8.114125
18.894257 0.186467 7.534317
19.596103 -0.059536 8.129232
19.319667 -0.427017 7.295224
19.856570 -0.052511 7.986969
20.474790 0.246526 8.646824
20.621678 0.906411 9.317649
21.079085 0.242355 9.824440
20.408379 0.722076 9.347941
19.908590 0.122905 8.801833
19.157767 0.519418 9.233192
19.589234 0.977026 9.948357
18.928232 1.302840 10.551640
19.640877 0.938239 10.035663
18.830634 0.735381 10.493249
17.981940 0.843310 10.074800
18.621181 1.105793 9.419435
18.991457 1.692212 8.766720
18.420172 1.259371 8.139575
17.977830 1.696949 7.418542
18.682196 1.535778 8.038962
19.080771 0.671656 8.000722
19.130539 0.190613 7.180265
18.634175 0.934957 7.506769
19.457549 0.493367 7.691387
19.914562 0.088570 8.422350
19.066213 0.459936 8.200041
18.477126 0.760524 7.514729
17.734930 0.297623 7.138036
16.921090 -0.170711 6.978793
16.422702 -0.839882 6.519611
15.924781 -0.105701 6.173083
16.401483 0.718511 6.194478
17.147634 0.907692 6.755279
17.576213 0.109756 6.460920
17.241907 0.261561 7.339683
17.268521 0.962941 7.983412
17.906752 0.263930 7.878180
17.378624 -0.123996 8.569282
17.134351 0.339847 7.774166
17.426854 1.182351 8.108318
16.697480 1.616424 8.540318
16.244728 0.896570 8.111536
16.864395 0.567394 7.467575
16.362006 -0.208892 7.239512
17.067240 -0.633077 7.718825
17.518190 -1.470882 7.760744
17.066556 -1.871214 8.497488
16.387630 -2.263865 9.037779
15.882880 -2.950372 9.463178
16.398206 -2.680206 10.217154
16.218478 -3.592657 10.011826
16.601543 -4.330635 10.476239
17.077900 -5.150303 10.385364
17.255198 -5.998687 10.780130
16.409660 -6.118542 11.201708
16.985921 -6.683221 11.707761
16.552882 -7.516690 11.550170
15.892122 -7.689454 12.213930
15.166754 -7.116360 11.984945
15.314559 -8.006884 12.288510
14.491342 -7.840589 12.737609
15.353949 -7.627063 13.080167
16.196895 -7.185078 13.113631
16.990372 -6.716655 13.354472
16.839306 -6.907643 12.433749
16.455062 -7.230880 11.624487
16.083561 -6.541906 12.167010
15.827110 -7.035769 11.394117
15.590596 -7.239959 12.293783
16.110207 -6.464465 12.482573
16.931722 -6.795610 12.832551
16.927730 -6.298830 13.645093
17.865277 -6.465104 13.625422
18.580927 -6.912505 13.184164
19.058331 -6.389894 13.821340
19.594957 -5.610008 13.925450
18.945260 -5.530252 13.233669
18.311976 -6.182547 13.517385
18.846362 -5.402265 13.405039
19.018337 -6.150506 13.968590
18.455916 -5.620710 13.411788
18.416311 -4.984855 14.119707
17.784957 -4.588521 13.526967
18.450512 -5.155465 13.149290
19.093964 -4.811902 13.761633
18.520110 -4.574609 13.039545
18.303128 -3.744376 13.452657
18.176920 -4.542576 12.948695
18.802470 -3.824725 12.968849
19.636774 -3.592993 13.365418
19.908559 -4.281781 12.766474
19.453631 -4.332410 11.931305
19.516774 -5.189525 12.341664
19.216363 -5.596986 11.534969
19.395758 -4.768050 11.968226
19.365536 -4.007032 11.396416
19.645123 -3.540819 10.614427
20.520800 -3.844157 10.394873
20.863279 -2.957870 10.329820
21.435946 -2.304864 10.720545
21.670995 -1.967253 11.579498
20.923887 -1.417683 11.795905
20.405732 -1.372385 10.998099
20.729660 -1.256262 11.886139
19.896522 -1.270255 12.347350
19.014009 -1.628116 12.335769
18.322768 -1.275173 11.783821
19.131878 -1.056035 12.235869
19.733479 -0.334936 12.077368
19.950755 0.014176 11.218332
20.043909 -0.407179 12.067339
19.631642 -0.682379 12.880561
20.092410 -0.079652 13.456272
20.540510 -0.403150 14.231891
21.322750 -0.753470 14.647109
22.022258 -0.900769 14.017806
21.451420 -0.840094 13.257877
21.635431 0.094336 13.254784
21.821578 -0.442282 14.019257
21.014330 -0.463574 13.514355
21.513141 -1.185830 13.144811
21.627716 -1.737606 12.377057
21.699837 -2.377972 11.675802
20.856379 -1.960179 11.820911
20.386150 -2.436736 12.498264
20.134274 -2.741870 11.631961
20.315451 -3.462294 12.227940
20.132884 -4.257070 11.735973
20.664082 -3.725842 11.150606
20.676206 -2.873933 11.576204
19.888635 -2.391504 11.808636
19.604757 -3.114150 12.360202
19.364603 -3.744057 13.032938
19.765894 -3.462968 13.849629
18.982844 -3.917767 14.144617
19.880117 -3.624474 14.018488
20.497814 -4.165509 13.536033
20.715897 -3.261153 13.740025
20.775722 -3.939462 13.074181
21.283861 -3.185899 12.789631
20.547614 -2.606849 12.617380
20.066511 -3.308540 13.045396
20.448826 -3.431552 13.908954
20.601963 -4.094301 13.242364
21.075960 -4.750433 12.740522
20.792141 -3.851685 12.603677
20.298384 -4.646332 12.781910
20.847472 -4.098342 13.334391
20.493064 -3.531971 14.013103
21.439140 -3.493750 13.910592
21.701210 -2.588180 14.045830
20.810966 -2.510430 14.375146
20.324837 -1.842386 14.848879
19.844204 -2.186763 15.595489
20.344851 -1.401195 15.397337
20.856742 -1.913070 16.016192
21.502020 -1.884526 15.316313
21.905206 -1.595162 14.503455
21.358410 -1.193329 13.835192
20.780550 -1.114902 14.588157
20.267845 -0.723875 15.289057
21.040215 -0.230882 15.548735
21.741090 -0.133966 14.911231
21.186461 -0.884435 14.720934
21.306157 -0.632305 13.810368
20.762022 -0.117964 13.221810
21.529092 -0.620707 13.478484
22.071415 -0.170010 14.118631
21.192840 -0.255929 14.476059
20.646081 0.461745 14.781066
21.416805 1.014813 14.696620
20.586715 1.226150 14.280304
20.125225 0.672378 14.902712
20.256427 -0.061573 15.495275
21.203528 -0.085420 15.398013
20.434430 0.365194 15.062654
20.809501 0.963629 14.423728
20.007417 0.946032 14.936934
19.457184 1.421573 15.551860
20.021459 1.174781 16.278302
20.656062 1.601778 15.710868
20.308072 2.189056 16.374975
20.146090 1.386673 16.861773
19.442552 1.898794 16.474739
18.966351 2.407733 17.123771
18.747750 3.052709 16.458001
19.123727 2.730780 15.644347
18.737086 3.051205 14.835109
18.467708 3.754299 14.251909
18.823430 4.636880 14.291184
18.051337 4.976461 14.733435
18.679546 4.293828 14.948831
18.328050 3.415001 14.843265
17.673310 3.837890 14.295989
17.199472 3.241967 13.723815
16.773771 2.469490 14.083104
16.534906 1.827441 14.744727
16.799343 1.605991 13.856997
16.073128 1.113918 14.227813
15.627360 1.928777 14.017279
14.968545 1.985334 14.702693
15.025800 1.337450 14.006993
14.396946 1.145671 14.696045
13.767521 1.859643 14.729203
13.838000 2.679601 15.208505
14.233371 1.815409 15.146200
14.613909 1.173911 14.553998
13.927288 1.375202 13.925457
13.192257 1.413404 14.529857
13.235564 0.713184 13.885773
12.697879 0.357306 13.184863
13.566981 -0.001830 13.034159
14.276924 -0.350387 12.503575
13.869398 -0.117453 13.332246
13.867465 -0.596043 14.155639
13.664986 -1.069966 14.956531
14.310976 -1.574387 14.471469
14.018162 -0.906833 13.858557
13.226553 -1.096573 14.352908
12.514713 -0.906182 14.956285
12.351363 -1.690056 15.471928
11.860112 -2.450821 15.766782
12.117770 -3.297166 16.119407
11.706027 -2.683914 15.518225
11.767946 -1.857833 15.048345
12.515004 -1.444436 14.626402
13.465324 -1.479750 14.574686
13.534144 -1.866630 15.442221
13.763549 -0.960214 15.261075
13.380567 -0.269886 14.728346
13.357616 0.526551 15.250065
13.384087 0.865493 14.360431
14.038808 0.210946 14.583897
13.349230 0.768565 14.236660
13.163087 1.661947 13.964173
13.573334 1.463265 14.800387
14.295638 2.010857 15.092704
14.443766 1.435543 15.837084
13.852162 2.155872 16.032430
14.419163 1.415350 15.839647
14.265546 0.480780 15.739592
14.436951 1.126710 15.061047
14.421150 0.541242 14.310043
14.463470 1.133985 13.565802
14.771534 1.792347 12.950428
14.484756 2.510586 13.506232
13.792248 2.832786 12.937330
13.445472 3.066658 13.792948
13.954719 2.341566 13.443750
14.460405 3.050550 13.058193
13.950018 2.828746 13.831070
14.256395 3.479583 13.206911
13.344404 3.709604 13.057273
14.143012 3.464679 13.514730
14.043099 2.581566 13.857012
14.662801 2.540849 13.134972
14.113302 3.237728 13.480572
14.737955 3.835188 13.080724
14.211366 4.296000 12.434670
15.016612 4.386719 12.935049
15.442333 4.234105 13.773202
15.435946 3.473349 13.200280
15.816828 2.649446 13.488625
15.319033 3.134175 12.837266
15.354241 2.230994 13.137357
15.375049 2.853582 12.416953
15.484440 1.907507 12.419012
14.583456 1.766138 12.693370
13.676463 1.481194 12.636807
14.117677 1.735505 11.832017
14.374084 2.648351 11.921430
13.675590 3.039656 12.437198
14.298270 3.379192 13.072819
14.919380 2.997667 13.685755
14.692490 3.696270 13.079533
14.809739 3.254715 13.915184
14.936521 2.678072 13.167895
14.517249 1.844095 12.978893
13.830719 2.487897 13.124588
14.230272 1.779430 12.629148
14.613375 1.342165 11.874787
15.008048 2.151499 11.564557
14.730704 1.574350 10.859568
14.835850 0.628307 10.890794
14.747008 1.001075 11.762677
15.111907 0.845934 12.628593
14.964892 0.641774 13.547144
15.015217 0.606926 14.497555
14.938283 0.837375 15.418427
15.778821 0.389741 15.406210
16.464687 0.831828 15.897308
16.085752 1.437497 16.527072
16.731124 1.954281 16.999788
17.414817 2.523406 16.659655
17.847450 1.994176 17.322810
18.328158 1.748120 18.107288
17.645223 1.084343 18.112689
17.214902 1.568628 18.810772
16.768854 0.898357 19.319505
17.544972 0.353792 19.409609
16.989107 -0.146350 18.819779
17.228664 -1.067564 18.788036
16.775868 -0.471047 18.199672
16.080526 -1.117055 18.120925
15.461833 -0.405815 17.985325
15.557297 0.372526 18.525789
15.656708 -0.555018 18.717645
16.185477 -1.330503 18.556224
16.734127 -1.234296 17.783723
15.809230 -1.455144 17.730610
15.485405 -2.106788 17.116177
15.936497 -1.682997 17.840019
15.294105 -2.377941 17.733185
16.081004 -1.972399 17.381965
16.356732 -2.872853 17.524039
16.750384 -3.610152 17.980610
17.683490 -3.420727 17.959157
17.025209 -3.236210 17.296096
16.272691 -3.050951 16.742538
15.889663 -3.575392 16.045918
15.979668 -4.174342 16.780892
15.759493 -4.583862 15.949721
15.457812 -5.286450 16.517513
15.861430 -5.853541 15.867490
16.228214 -5.414035 15.106351
16.698446 -5.895758 15.780039
16.139664 -6.650893 15.623315
15.360199 -7.197082 15.657129
14.937028 -6.570050 16.235736
14.984127 -5.645359 16.012673
15.560258 -5.197634 16.624755
16.102541 -5.834261 16.169051
16.860297 -6.294224 16.517289
16.311886 -7.026821 16.253520
15.472670 -7.141982 16.688820
15.545686 -6.384489 17.261448
15.150057 -5.569218 17.554435
14.629556 -5.487707 16.761048
13.989811 -5.052615 17.316431
13.204340 -5.543330 17.538383
13.449084 -4.965057 16.822330
14.197353 -4.943618 16.233550
13.829666 -5.697060 15.781708
14.446150 -6.422166 15.747100
14.936105 -6.202190 16.533601
14.554624 -5.378230 16.820990
13.839150 -5.508352 17.435965
14.320975 -5.771079 18.214328
14.789353 -5.150039 17.664818
15.356196 -5.659999 18.235484
14.735414 -5.166244 18.762613
15.607076 -5.008605 18.412777
14.847177 -5.554754 18.589704
15.177870 -6.070677 17.860667
15.346879 -5.521266 17.101316
14.768333 -5.229245 16.403436
15.052310 -4.497559 15.863970
14.607527 -5.114826 16.436839
14.104253 -4.599118 15.814110
14.891952 -4.637574 15.280181
15.515810 -4.983801 15.911020
14.857988 -5.395032 15.358582
14.108571 -5.548463 15.925913
14.148047 -4.821728 15.311644
15.086972 -4.784908 15.156425
14.679711 -4.256178 15.835846
15.365974 -3.648522 15.577334
16.074096 -3.365436 16.147821
15.644737 -4.088069 15.700069
16.144898 -4.524995 15.017453
16.507783 -5.302266 15.431210
15.907975 -4.563729 15.473920
16.196005 -5.174958 14.802751
15.973432 -5.420317 13.909840
16.643558 -4.924096 13.449703
17.411813 -4.920735 12.886851
17.129290 -4.331567 12.193967
16.629126 -3.521101 12.197406
16.420331 -3.980169 11.389512
16.694070 -4.389495 12.204710
16.575870 -3.912546 13.020540
15.907232 -3.553416 12.445232
15.208970 -2.908001 12.499072
14.702821 -3.147648 11.728740
14.509561 -4.030888 12.028017
15.323863 -4.401402 11.701426
16.168138 -4.262113 11.283304
16.867362 -4.444709 11.903606
16.452444 -3.671416 12.273595
15.772477 -4.294941 12.037181
15.993651 -3.469358 11.617033
15.191222 -3.818394 11.241122
14.829352 -4.520941 11.772637
14.109399 -4.728430 11.184722
14.430914 -5.364814 10.553316
14.701069 -6.159401 11.003514
14.661075 -6.699436 10.220066
15.009103 -7.256690 9.530592
14.555033 -6.606305 10.057707
14.224809 -5.743359 9.826826
14.859290 -5.037663 9.907175
15.320771 -4.689053 10.663835
14.600703 -4.695594 10.040548
14.331736 -5.402795 9.462142
13.636074 -5.824221 8.966678
13.082623 -5.209397 8.494753
13.147472 -5.731657 9.288521
12.548827 -6.376570 9.652855
11.773726 -5.899639 9.933542
12.254090 -6.669949 10.221470
11.594993 -6.300940 10.801515
12.008968 -5.710918 10.178997
12.744346 -6.080333 10.658352
13.582181 -5.722039 10.381428
14.330085 -5.377098 10.859637
15.181509 -5.790350 10.966078
15.167450 -5.189322 11.704724
14.581848 -5.481990 12.396420
15.422470 -5.819490 12.102347
14.936462 -5.095455 11.719461
15.529198 -4.771992 11.047848
14.702309 -5.056968 10.670924
15.174365 -4.532613 10.031202
14.528310 -4.201440 9.414789
15.253768 -4.805953 9.538492
15.316605 -5.434949 10.250846
15.288824 -6.202767 9.688073
15.694852 -7.012886 9.395026
15.726907 -6.163610 9.824830
16.248589 -6.738388 9.273009
15.996809 -6.408359 10.130165
16.227229 -6.813578 9.299663
16.783646 -6.164741 8.879616
16.256728 -5.880532 9.620301
15.820598 -6.013282 8.784120
16.379466 -5.387781 9.235170
16.851357 -5.990502 8.668534
16.231612 -5.394346 9.077856
15.827350 -4.747591 9.648215
15.026730 -5.263371 9.651469
14.663770 -4.908508 8.845640
15.120228 -4.355037 8.219266
15.674406 -4.874372 7.644630
15.075433 -5.478093 8.073329
15.740356 -4.825650 8.271378
16.214187 -4.223408 8.836904
15.593341 -3.908976 9.487068
14.671705 -3.702961 9.610250
14.036167 -3.757208 8.903018
14.576691 -3.650924 8.126124
13.805875 -3.157477 8.389528
13.973181 -3.722142 7.641069
14.627231 -3.812632 8.327406
14.101407 -4.602481 8.245691
14.933905 -5.064761 8.229126
14.129975 -4.568897 8.350972
13.367781 -4.570803 8.922010
14.098374 -4.470683 8.319318
14.813452 -5.092733 8.225798
14.231006 -5.839199 8.328633
13.583652 -5.254732 7.946061
13.892833 -4.365354 7.803087
14.474071 -3.928010 8.417839
13.863870 -4.021385 7.692606
14.235504 -3.579684 8.450113
13.940552 -4.173869 7.766756
13.360304 -4.272124 7.017966
12.452290 -4.194284 7.294518
12.889292 -4.822737 7.861180
13.482674 -4.107735 7.652135
13.830380 -4.602519 8.387879
13.071694 -4.439092 7.835868
13.363360 -3.897955 7.108454
14.051056 -3.340645 6.757016
13.602292 -2.666100 7.257645
12.900672 -2.284947 6.738529
13.549950 -1.782311 7.221050
13.248672 -2.098500 8.067388
12.810585 -2.469479 7.307464
12.493461 -1.878805 7.983901
11.687074 -1.519997 8.341710
11.006386 -0.853962 8.332264
11.096123 -1.139162 7.428031
10.336866 -0.572662 7.526189
10.783177 -0.302618 8.323002
11.366519 0.340378 8.714534
12.110531 -0.006704 9.197243
11.702599 0.831056 9.000322
12.017128 1.224805 8.192198
12.307018 0.318044 8.164280
12.097062 0.974339 8.821718
11.300930 1.301956 9.228991
11.939478 0.669351 8.914195
11.183463 1.154250 9.230963
10.560161 1.166968 9.950937
10.726317 1.842493 10.601389
11.205450 2.143131 11.367599
10.439622 2.708110 11.404161
9.958650 3.516710 11.552015
9.218216 2.940958 11.717230
9.987768 3.496782 11.640550
10.680237 3.090917 11.127921
11.259794 2.435258 11.503759
11.656919 1.613373 11.232048
11.202751 2.288472 11.727026
11.770692 2.673015 12.387782
10.838110 2.540180 12.247521
10.940077 3.177512 11.547207
10.364673 3.701301 12.096375
10.131571 3.776790 13.016698
10.741219 3.296792 12.464464
10.465342 2.558777 11.929436
11.100465 1.877595 11.730338
10.664331 2.679553 12.001782
11.373014 2.131095 11.679303
10.549426 2.580026 11.844209
10.169414 1.869681 11.336242
10.648741 1.318854 10.724796
9.818498 1.457473 11.170343
9.047984 2.016204 11.136325
8.824076 1.124263 10.888664
9.636821 1.101525 10.392722
9.620762 1.855889 10.973849
10.265212 2.370958 11.449680
10.527941 3.286212 11.431990
11.191365 3.883522 11.763832
10.294908 4.119124 11.982659
10.720629 3.983790 11.141543
10.870337 3.558833 10.302479
11.410416 3.693516 9.529689
11.680459 3.106587 10.229417
10.996884 3.695512 9.924588
11.150852 2.959364 9.340287
11.362043 3.808196 9.716997
12.284192 3.749376 9.486325
11.667470 3.385250 8.858554
12.249069 2.738418 8.470764
12.737059 1.920657 8.458033
12.624558 2.670610 7.881887
13.161204 3.101988 8.539878
12.253185 3.072469 8.254117
12.936885 2.537151 7.862941
13.391772 2.110730 7.143030
12.505503 1.857877 6.902986
12.864193 1.734509 7.776570
12.862388 0.912704 7.295257
12.841872 0.130814 6.751881
13.232004 0.909015 6.365576
13.044497 0.128678 6.878358
13.707903 -0.516511 6.653297
13.165629 -1.066072 7.210927
13.411878 -1.660214 7.913341
13.069047 -2.400071 8.405385
12.512173 -1.659433 8.625334
11.979237 -2.351471 8.245741
11.430670 -2.609763 7.511310
11.253952 -1.837605 8.040056
11.342650 -1.506015 7.151681
11.480369 -1.998711 7.954995
10.712945 -2.154162 7.412847
11.118657 -2.304508 8.261270
10.580979 -2.725736 7.597570
10.844067 -3.370165 8.247590
11.337364 -4.167281 8.415795
10.741079 -3.517223 8.056770
11.233122 -3.028740 7.403848
11.825143 -2.305099 7.222506
12.320693 -2.790284 6.569777
13.242319 -2.569191 6.476212
13.674770 -3.384596 6.711014
12.814665 -3.787250 6.782565
13.617555 -3.849572 7.291005
13.712889 -3.430591 6.441066
14.288585 -2.703020 6.656110
15.139074 -2.274568 6.667300
15.913515 -2.824397 6.596879
15.875873 -3.766492 6.731297
16.408336 -3.606700 7.504588
15.758739 -4.303144 7.508937
16.420068 -4.983057 7.594916
16.432175 -4.075319 7.882830
17.203175 -3.814990 7.388039
16.436131 -3.254690 7.319224
16.067139 -2.431855 7.012928
15.407802 -2.017467 7.561186
15.502225 -1.797963 6.639268
15.946140 -1.198113 7.231004
16.287515 -1.873705 6.653017
15.766077 -2.400464 6.054973
14.980148 -1.866475 6.119777
14.205338 -2.129933 6.606902
13.496039 -2.521330 6.106170
13.558739 -2.089289 6.952596
12.915827 -2.736546 7.226002
12.223390 -2.739957 6.572130
12.491852 -3.213354 7.353700
12.504556 -3.842992 8.068140
13.361449 -4.197709 8.284802
13.816154 -4.864645 7.779364
14.735901 -4.726884 7.574136
15.429360 -5.304307 7.878647
14.904472 -5.975776 8.303677
14.964005 -5.350494 7.587780
14.807685 -4.414132 7.664065
15.539778 -3.809626 7.588954
14.978248 -3.530241 8.305653
15.546519 -2.906329 7.864258
14.976909 -2.558282 8.543550
15.164110 -3.305817 9.103171
15.365922 -2.375294 9.123892
15.734962 -2.990807 8.497807
16.630211 -2.675262 8.420422
17.221862 -3.420922 8.451579
16.966779 -4.086059 7.819475
16.391759 -4.117101 7.060912
16.226025 -4.691874 7.801991
16.952482 -4.455531 7.233280
17.566376 -3.899372 7.703228
16.916024 -4.006779 7.015816
17.544417 -4.214632 7.700613
18.228382 -4.809595 7.992573
17.516083 -4.673713 8.609984
16.833213 -4.720076 7.947738
16.411093 -5.375197 8.495151
16.991417 -6.120351 8.372685
17.796332 -5.831254 8.791688
16.993670 -5.743944 8.286575
17.457690 -6.185911 8.991117
18.052942 -6.239224 9.732644
18.252588 -5.620888 9.036346
18.363376 -5.071606 9.806440
18.282261 -4.211177 9.406300
19.202429 -4.027298 9.569121
18.970517 -3.309460 10.150460
18.653790 -2.660744 10.771653
19.288920 -3.120118 11.312592
19.500216 -2.756775 10.457978
20.304270 -3.199851 10.204581
19.773114 -3.485350 10.941733
19.707412 -4.289288 10.435375
19.831021 -4.413258 9.499223
19.898151 -5.295890 9.850623
19.138815 -5.233924 9.279135
18.366921 -4.679560 9.341496
18.480490 -5.623594 9.395628
18.377424 -5.368543 8.483841
19.020210 -5.491974 9.175665
18.262061 -4.917863 9.227009
18.153487 -4.100310 9.703295
17.314144 -4.483689 9.938994
17.089504 -3.650910 10.342784
16.296332 -3.129411 10.419897
17.038784 -3.626994 10.090950
17.568210 -4.128913 10.703170
17.022098 -4.876923 10.481191
16.202132 -4.525710 10.814861
15.538161 -4.788197 10.184566
14.977546 -5.432579 10.605888
14.496262 -5.545977 9.791925
13.905665 -5.988329 9.189803
13.487709 -5.326742 9.732616
13.234195 -6.232950 9.879407
12.492514 -6.775032 9.628240
13.300005 -6.364625 9.334038
14.137070 -6.580449 9.733750
13.672670 -7.138470 10.350170
13.185723 -7.378590 11.132636
12.527471 -7.068693 10.518065
13.051143 -7.640529 11.071057
13.607045 -7.247655 11.737130
14.194628 -7.941605 11.453918
13.623057 -7.762030 12.194249
12.965304 -7.082680 12.080787
12.598115 -6.772215 12.902866
13.469196 -6.389641 12.859452
13.139284 -6.626450 13.720910
12.695436 -7.468731 13.696610
13.579464 -7.116613 13.657393
14.520048 -7.177451 13.520901
15.339830 -6.930552 13.938066
14.644579 -7.133354 14.556553
14.255149 -7.188813 15.423904
14.850294 -7.453765 14.729187
15.009187 -6.977462 13.919917
15.641431 -6.296058 14.127250
15.261450 -6.830774 14.817701
15.692150 -6.493446 15.597275
15.264083 -7.093783 16.200088
15.266095 -6.891094 15.269528
15.807244 -6.253412 15.725103
15.446894 -6.286954 16.606041
15.191276 -7.202359 16.545022
15.781889 -6.773115 17.156541
15.903647 -6.997427 16.238996
15.302684 -6.332356 15.917197
15.567053 -6.975656 16.567814
15.897397 -6.082452 16.577246
15.285423 -5.739967 17.221622
15.548507 -6.015726 16.348826
15.618678 -6.617777 15.614224
16.413158 -6.930536 15.192309
15.817766 -7.243185 14.517929
16.440873 -6.812939 15.095557
17.136385 -6.674378 14.459873
16.541124 -6.470365 15.174767
16.066912 -7.189351 14.768306
15.645725 -6.335545 14.742902
14.795857 -6.504785 14.347792
15.709741 -6.240080 14.389927
15.791437 -6.537270 15.291056
15.074872 -6.753361 14.702100
15.180415 -6.038774 14.081409
14.797792 -5.227966 13.760132
14.888058 -4.284297 13.668637
14.022543 -4.675391 13.739050
14.514502 -5.265184 14.302212
13.854874 -4.976209 14.925441
13.317167 -4.203850 14.779278
12.715074 -3.479148 14.640285
12.973630 -4.391214 14.549110
13.608683 -3.731408 14.810630
14.075185 -2.981947 14.453259
14.615880 -3.751355 14.302633
14.877548 -4.470807 13.736110
14.941432 -3.876225 14.477339
15.390207 -4.455365 15.085802
15.752272 -3.774518 14.526887
15.222399 -3.028575 14.262630
14.480989 -3.004032 13.665354
14.250293 -3.866097 13.332709
14.687797 -3.266870 13.929825
14.212707 -3.261365 14.755227
13.905121 -3.073543 15.636784
13.223287 -3.535115 15.158157
13.284829 -2.916363 14.436778
13.464809 -2.172070 13.870505
13.121441 -1.329555 14.152100
12.625641 -1.971673 14.650996
13.570575 -1.855199 14.674732
14.067461 -2.575301 14.298451
14.788297 -2.548434 13.676597
14.195089 -2.764891 12.963660
14.805113 -2.126409 12.606953
14.497589 -1.319991 12.204275
15.042717 -1.066512 11.465619
14.350383 -0.812360 10.863033
15.153609 -0.938203 10.367029
14.598446 -1.599256 10.769310
14.927738 -0.924971 10.182850
14.325420 -0.317491 9.764269
14.625941 0.434665 10.265245
15.479822 0.014178 10.298530
14.809466 -0.253909 9.677416
14.438211 0.313810 9.008914
13.603931 -0.099478 8.808415
13.647517 0.401888 7.999859
13.106164 -0.304340 7.660434
13.269424 0.153033 6.841175
12.763345 -0.634189 6.664558
13.434823 -0.660382 7.339436
13.322617 0.281169 7.250430
12.770777 -0.143959 6.600994
13.451453 -0.174492 7.266409
14.188820 -0.513771 7.764614
14.947267 -0.741857 8.293543
15.598129 -0.047455 8.258692
16.350858 0.327740 8.705522
16.324630 0.993120 9.386411
16.780873 1.612810 9.947532
15.847427 1.654894 10.131747
16.559958 1.928557 10.701340
15.774138 1.833710 10.171697
15.142662 2.345183 10.668350
14.501831 2.901849 10.236506
14.065450 2.066502 10.373605
14.112000 1.208049 9.963825
14.210758 1.406595 9.037620
14.850494 1.568007 9.724433
15.170050 0.748959 10.090595
15.972809 0.628487 10.588686
16.561960 1.029449 11.220476
15.672162 1.271088 11.459013
15.972088 1.692555 10.659364
16.394464 0.965479 10.212164
15.791791 0.730012 9.513329
15.852049 -0.114790 9.077777
15.232927 0.418226 9.567277
16.054856 0.671799 9.158423
15.186370 0.961038 8.895547
16.135427 0.885777 8.921203
16.600287 0.091803 8.675154
16.879770 0.620812 9.416145
16.160627 0.937439 8.877990
15.752794 1.146281 9.712908
15.086145 1.341611 9.061407
14.285306 1.824690 9.241185
13.701370 1.614297 9.963531
13.247987 0.942196 9.463778
13.780739 1.268229 10.182741
14.364827 2.017271 10.252063
14.857989 2.328558 11.005005
14.925433 3.053326 11.619165
15.376229 3.712358 11.100041
14.530876 4.128211 11.239598
14.025309 4.799071 11.688350
14.241631 3.882800 11.544542
14.874162 4.526636 11.240552
14.238614 4.789355 10.581700
14.953652 5.207201 11.051971
15.582279 4.550664 11.336256
14.829150 4.966366 11.744933
15.463794 4.616157 11.127188
14.719702 4.882782 10.595901
14.295545 4.332155 9.944802
15.177241 4.285970 9.587718
14.405545 4.105341 10.115816
15.343642 3.978149 10.219860
15.474871 4.875879 10.509495
14.870275 5.240269 11.148802
14.724830 4.610273 10.449530
15.673572 4.656392 10.380313
14.968384 5.064340 10.873585
15.618818 5.345926 11.509725
15.786787 4.986237 10.644023
16.294270 4.183137 10.711265
17.055604 4.013597 11.257757
16.826453 4.499305 10.471242
16.994032 3.599243 10.208879
17.541779 3.991790 9.535893
17.221556 4.837155 9.835634
17.019124 4.091675 10.392690
17.694043 4.090480 9.720744
17.417773 4.314671 10.604170
18.120824 3.736391 10.884068
17.564956 3.172228 10.355144
17.243363 3.038612 11.241571
18.007201 2.520271 11.475888
18.617021 1.886101 11.840546
17.748985 1.591427 11.582265
18.648952 1.367663 11.365431
18.014946 1.081049 10.715110
18.202080 1.592348 9.933711
18.161535 2.362956 9.375548
18.144228 1.446159 9.118230
18.562761 2.204714 8.722689
18.960501 1.557638 8.148123
18.578561 0.817268 7.686600
