9.619048 -12.999972 -5.000000
8.872810 -13.555733 -5.203196
9.141579 -13.356336 -6.094843
8.796715 -12.488832 -5.906335
8.049082 -12.619286 -6.481709
7.648694 -11.997190 -5.881946
8.172330 -11.520189 -5.245310
7.421851 -11.389254 -5.816858
8.125207 -10.750423 -5.881777
8.869686 -11.302125 -5.661762
8.356361 -10.647252 -6.125087
7.951886 -10.180650 -6.850147
7.071956 -10.448586 -6.603240
7.001948 -9.641295 -6.102830
6.365287 -9.141664 -6.604886
5.717452 -8.574109 -7.011360
5.311730 -7.715223 -6.942551
4.893830 -8.370756 -7.492701
4.452150 -8.089355 -8.288165
4.800941 -7.509915 -7.617625
4.436105 -7.163364 -6.809030
4.885565 -6.574681 -6.210309
4.380002 -6.769903 -6.993458
4.887778 -7.115258 -6.265501
4.641570 -6.700892 -7.086910
3.899981 -7.227568 -7.369201
3.928099 -8.173191 -7.259503
4.686441 -7.613451 -7.122987
5.092883 -8.216750 -7.737693
5.590332 -8.437711 -6.956190
5.864568 -8.196875 -6.076517
6.718555 -8.546231 -5.840540
5.887063 -8.307381 -6.238787
6.703906 -8.481329 -5.781033
6.481113 -9.154355 -6.416979
5.997393 -9.886601 -6.047031
5.342472 -9.218830 -6.226443
5.317790 -8.866954 -5.341793
5.034357 -9.609216 -4.816682
4.874247 -10.343621 -5.401528
4.176776 -10.732749 -4.882738
4.151540 -11.386321 -4.190470
3.206061 -11.330047 -4.290128
3.833785 -10.930532 -4.884586
3.684485 -11.558270 -4.184097
3.828671 -12.187702 -4.884137
3.110470 -11.600281 -5.098967
2.989012 -11.050459 -5.867064
3.732470 -10.721267 -6.362980
3.139402 -11.245140 -6.892940
2.515862 -10.846384 -6.293590
3.292536 -11.395309 -6.243694
2.755463 -10.931498 -6.878882
2.809531 -10.060040 -7.259231
2.525240 -10.967040 -7.199577
2.373507 -11.513992 -7.964331
2.860230 -10.913091 -7.408411
2.421402 -10.105033 -7.656405
2.651865 -9.455732 -8.313919
2.754771 -9.848232 -7.452303
2.849822 -9.025703 -7.922876
3.635782 -8.707230 -7.489435
3.742828 -9.090028 -8.354905
2.944542 -9.319835 -7.889116
2.959485 -10.253423 -7.701448
2.635141 -9.383871 -7.915249
2.227036 -9.061825 -8.713225
2.897458 -9.115104 -8.038891
2.396023 -9.697161 -7.476040
2.548002 -8.785727 -7.706734
2.122048 -9.038530 -6.893295
2.439983 -9.726277 -6.316275
1.913470 -10.322943 -5.793012
2.611924 -10.630679 -6.362652
2.171268 -11.210318 -5.748754
3.110795 -11.294947 -5.879731
2.502384 -10.858336 -5.291313
1.629424 -10.482171 -5.232398
1.081154 -10.956303 -5.850160
1.809465 -10.517611 -5.421041
2.383433 -10.536471 -6.180801
2.807030 -10.707029 -5.345034
3.062207 -11.512767 -5.784011
2.677371 -11.557557 -6.654026
3.309314 -11.050690 -6.153264
2.970338 -11.624924 -6.833249
3.903024 -11.761529 -6.969139
3.723341 -12.308588 -6.210542
4.154100 -11.561385 -6.614477
3.602138 -11.031745 -6.047159
3.958746 -11.547982 -6.763650
3.365971 -11.757808 -6.048372
3.397455 -10.805950 -6.050690
3.973086 -11.287771 -6.636802
3.334162 -11.069758 -5.965030
3.874531 -11.650142 -5.437598
3.656402 -11.081738 -4.705228
4.213766 -11.289850 -3.961545
4.100766 -10.405479 -3.626656
3.267147 -10.444719 -3.167777
2.620650 -10.013549 -3.718379
3.326465 -10.616361 -3.505137
2.686152 -9.958629 -3.758944
2.229010 -9.537267 -4.480405
2.357180 -9.695685 -5.410730
2.242478 -9.377701 -6.301100
1.775541 -10.142225 -6.624370
2.068242 -10.945150 -6.204053
2.977887 -11.184744 -6.055157
3.576055 -10.443815 -6.039353
4.061406 -9.718234 -6.420136
3.620873 -8.934570 -6.105763
4.152377 -9.634592 -5.739017
4.533010 -8.761636 -5.748795
4.009124 -7.969333 -5.679309
3.588070 -8.823440 -5.663653
3.575985 -9.646006 -6.143515
3.216504 -8.978390 -5.567241
3.664041 -8.224966 -5.940191
3.535050 -7.752348 -6.756907
4.169066 -7.132652 -6.409009
4.805037 -7.815143 -6.600778
4.149235 -7.124546 -6.595453
4.544709 -6.628390 -7.305707
4.394096 -6.920942 -6.411973
4.264656 -7.857344 -6.527850
4.159543 -7.565755 -5.627319
3.468559 -8.166942 -5.888366
2.932734 -7.452179 -6.218572
2.940730 -8.399990 -6.125724
2.094038 -8.665011 -6.471997
2.783119 -8.010798 -6.407181
3.672014 -8.000794 -6.065430
4.590256 -8.248036 -6.117714
4.064935 -8.929778 -6.525509
3.126107 -8.839127 -6.657463
3.567928 -8.608083 -7.468908
3.583312 -7.656138 -7.444517
3.168010 -6.960702 -6.943596
2.666923 -6.339584 -6.423834
3.074650 -6.615686 -7.239037
2.763925 -6.051887 -6.537176
2.454529 -6.635094 -5.850755
2.781888 -7.395385 -6.321737
2.857189 -6.933958 -5.492011
2.676814 -7.261876 -6.367776
3.028405 -7.183690 -7.249422
2.230578 -6.679136 -7.375629
2.883319 -6.524232 -8.051620
3.624431 -7.013780 -7.707927
4.537341 -7.260217 -7.821484
3.828463 -7.429818 -7.208493
4.661646 -7.526936 -6.757490
5.573391 -7.388814 -6.995550
4.788077 -7.805761 -7.336823
4.003950 -8.310596 -7.143650
4.613550 -8.717675 -7.751684
4.472495 -8.993765 -6.851180
5.053035 -9.128770 -6.108363
4.629350 -9.559678 -5.372266
4.122165 -9.619370 -4.568382
4.360521 -10.189980 -5.292689
5.210161 -10.470050 -4.966038
5.944796 -10.381938 -5.565686
6.600591 -10.108397 -4.931542
5.815298 -10.175846 -4.396944
5.778750 -10.600621 -3.545322
5.359247 -11.411787 -3.275030
6.096188 -11.632105 -2.713418
5.301613 -11.660951 -2.189157
6.203947 -11.851502 -2.426886
6.628164 -12.633305 -2.767259
6.060928 -13.308917 -2.408345
5.846324 -13.919671 -1.709807
5.544773 -14.669350 -1.205745
5.249127 -14.278562 -0.389102
5.218744 -13.717496 -1.158070
4.878038 -13.111249 -1.808771
4.533732 -12.249785 -1.593450
3.903250 -12.890787 -1.907514
4.185115 -13.790495 -1.772957
3.380640 -13.316784 -1.584685
2.674690 -13.758052 -1.122142
3.140130 -13.969764 -0.318667
3.230325 -13.905268 0.627238
2.690778 -14.675778 0.478130
2.017489 -14.002204 0.481116
1.365508 -14.260010 1.125699
1.545907 -15.173609 0.926140
2.259878 -15.669051 0.536511
2.162058 -16.086708 -0.313797
2.270746 -16.711348 0.396866
1.604911 -16.400040 -0.208760
2.123252 -16.308871 -1.002511
2.173745 -15.564625 -0.410415
2.643023 -15.376533 -1.217528
2.591490 -16.055845 -0.552013
2.122072 -15.386911 -1.041099
1.589951 -14.921812 -0.402695
2.070908 -14.282737 -0.919700
2.634619 -14.804404 -1.482836
3.281359 -14.109053 -1.410416
2.418192 -14.215859 -1.022389
1.782831 -14.864007 -0.733856
1.579167 -14.565058 -1.614867
1.554750 -15.198532 -0.904131
2.176315 -15.831626 -0.557895
1.244435 -15.991849 -0.671727
1.107635 -15.882942 0.264465
0.484539 -15.175257 0.130437
0.252221 -14.318179 -0.213763
0.931990 -13.674058 -0.040404
0.274447 -13.866675 0.621083
1.211362 -13.828610 0.454442
1.252367 -14.556594 -0.158246
1.093865 -13.690876 -0.522169
0.336063 -13.818470 0.040402
0.072477 -13.080850 -0.501326
0.615262 -13.848005 -0.655886
0.980020 -13.230521 -1.282539
1.121188 -13.893365 -0.613406
0.998662 -14.520953 -1.319203
1.332939 -13.815250 -0.773977
1.597584 -14.279243 0.014505
1.966886 -14.949872 -0.551978
2.390571 -14.425393 -1.224616
2.670474 -13.825096 -0.540271
2.112632 -13.984934 -1.295450
2.714091 -14.373194 -1.923567
3.336889 -14.676718 -2.577040
3.582204 -14.215939 -1.780465
2.933383 -13.891422 -1.163416
3.642420 -13.345446 -0.837523
4.382850 -12.939954 -1.278397
4.354686 -13.813303 -0.899586
3.545850 -13.696205 -1.388565
2.879025 -13.124401 -1.020576
2.184946 -12.536322 -1.302437
2.489230 -13.426272 -1.452201
2.190965 -14.097125 -2.058850
2.515515 -13.204851 -1.984384
1.880331 -12.546203 -2.248490
2.510737 -12.876975 -2.881109
1.854874 -12.933652 -3.569339
2.534505 -12.350274 -3.245609
3.270341 -12.717760 -2.765473
3.846865 -12.107902 -2.315227
4.564850 -12.508355 -1.834432
4.294594 -13.100057 -1.138817
4.998483 -12.463521 -1.218767
4.939809 -13.153811 -1.872284
4.270524 -13.093714 -1.197394
4.775331 -13.725031 -0.693770
4.184025 -14.428027 -0.945134
3.406143 -14.070886 -1.362723
4.036429 -14.251397 -0.671937
3.354619 -13.617457 -0.872647
4.051102 -13.801321 -1.495652
4.474348 -12.980172 -1.264120
3.775701 -13.124413 -1.895085
2.919384 -13.360920 -2.238328
3.732540 -13.798900 -2.005992
3.478370 -14.710942 -1.902999
3.753116 -14.178058 -1.163013
4.699752 -14.167481 -1.059103
3.803215 -14.092412 -0.746668
3.739452 -13.382673 -1.378517
2.891664 -13.060160 -1.668808
2.229276 -12.664003 -2.226779
1.597409 -13.033550 -2.836048
1.483408 -13.857382 -3.300089
1.073084 -14.290397 -4.042490
1.580070 -13.833340 -4.706640
0.947346 -13.691486 -5.404183
0.630168 -12.859651 -5.742531
1.434391 -12.493402 -6.097657
0.638261 -12.088651 -5.766927
0.816983 -12.755210 -6.423271
1.644228 -12.685205 -6.889956
2.427304 -12.269492 -7.237812
2.546853 -11.398232 -6.872240
2.021429 -10.670381 -6.554137
2.138323 -10.431438 -7.468616
2.775354 -9.783090 -7.752983
3.405878 -10.490533 -7.658148
2.767761 -11.031987 -8.112751
2.012399 -11.382872 -8.574635
2.442167 -10.740106 -9.130676
2.171287 -11.123406 -9.959370
1.235336 -11.128618 -9.783304
0.466271 -11.145628 -10.344801
1.173465 -10.516452 -10.239704
0.566562 -11.161820 -10.589272
0.753592 -10.241189 -10.745752
0.746602 -9.337450 -10.445355
0.097060 -9.915776 -10.833509
-0.754092 -9.510310 -10.698724
-0.551247 -10.438924 -10.639057
-0.207207 -10.691268 -9.787595
-0.916626 -10.770255 -10.418084
-0.843934 -9.882770 -10.755893
-0.274915 -10.607013 -10.998210
-0.769929 -11.390344 -10.778245
-1.709853 -11.498157 -10.887549
-1.542970 -10.850547 -10.209477
-0.627226 -10.655993 -10.384375
0.215595 -10.354894 -10.058766
0.177891 -10.511493 -10.997427
-0.403452 -11.042798 -11.532949
-0.427952 -11.993929 -11.575139
-0.108413 -11.384727 -10.916507
-0.773810 -11.728340 -11.504900
-1.069040 -12.629041 -11.412135
-1.704247 -11.986483 -11.111036
-1.628971 -11.729430 -10.197096
-1.170297 -11.175055 -9.573144
-1.646815 -11.847734 -10.050074
-2.274788 -11.498694 -9.424892
-1.845068 -12.044397 -10.076490
-0.946813 -12.349725 -9.993159
-1.533463 -11.932461 -9.369651
-1.171586 -11.282087 -9.963863
-0.693558 -12.027197 -9.612680
-0.733767 -12.841778 -10.104483
-1.523114 -12.423572 -9.774235
-0.602136 -12.287057 -9.974718
-0.072940 -11.517074 -10.159401
0.310610 -10.851599 -10.722484
1.065033 -10.353658 -10.422603
0.626907 -10.977819 -10.993127
1.019488 -11.347547 -11.778118
0.369936 -10.853893 -11.286774
0.907183 -11.333497 -10.663576
0.666584 -11.807788 -9.873519
1.163491 -11.015438 -10.053225
2.071100 -11.034065 -10.341201
1.580232 -11.804922 -10.073137
2.079131 -12.431623 -9.557992
2.995622 -12.596110 -9.357942
2.888941 -11.910487 -10.010300
2.013573 -11.535369 -10.017141
1.896533 -11.360880 -9.088225
1.544444 -11.546771 -8.223062
1.857065 -10.927679 -7.570358
1.292431 -11.592795 -7.952248
1.267948 -12.540785 -8.040258
1.519102 -12.431379 -8.952388
1.929061 -11.674013 -8.545743
1.579682 -12.240291 -7.864352
0.896258 -11.580570 -7.933108
0.524974 -12.200538 -7.312771
0.972817 -12.819183 -6.743786
1.686526 -12.188892 -6.724227
1.473970 -12.862036 -7.363544
1.713429 -13.719672 -7.701403
0.906824 -14.214460 -7.593690
1.646067 -13.958301 -8.136766
2.511228 -13.854916 -8.521262
1.968457 -13.821438 -9.303125
2.087815 -14.225691 -10.157151
2.638741 -13.911138 -10.867480
2.898012 -14.702892 -11.328928
2.725983 -15.368186 -10.669519
2.097605 -16.034943 -10.409509
2.770472 -16.072098 -9.736531
3.280443 -15.475374 -10.275865
3.033712 -14.776675 -9.677556
2.437303 -15.504610 -9.531143
2.417408 -16.350921 -9.094807
1.475874 -16.248076 -9.194643
1.713597 -15.429257 -8.770316
2.020110 -14.976041 -7.990781
2.585892 -14.701777 -8.706113
2.171356 -15.342960 -8.136837
2.076774 -14.731344 -8.860722
2.557647 -15.351108 -8.320646
3.396787 -15.144679 -8.720971
3.190852 -15.894161 -9.271332
3.911009 -15.575610 -8.735673
4.470198 -16.104908 -8.175156
4.013333 -16.718573 -8.742358
4.907616 -16.935909 -8.497298
5.693056 -16.875491 -7.962075
6.197699 -16.444673 -8.645274
6.762430 -16.700163 -7.922202
6.405759 -16.001441 -7.382198
6.048028 -15.467299 -6.679525
5.749199 -14.981596 -7.442299
5.494709 -15.709871 -6.883837
4.651632 -15.992410 -6.542630
3.810865 -15.927950 -6.985330
4.116811 -16.063130 -7.877044
4.536769 -15.210059 -7.822866
3.623662 -15.274789 -7.560042
3.176804 -15.492839 -6.747761
3.750763 -16.049234 -6.230050
4.259954 -16.037216 -7.034791
3.604954 -15.526101 -6.569211
3.275687 -15.871675 -7.393342
2.419540 -15.467432 -7.496447
2.467274 -15.348631 -8.440182
2.860076 -14.588672 -8.021615
2.072828 -14.236510 -8.425658
1.592096 -14.109521 -9.237939
2.203723 -14.831240 -9.347781
3.111890 -14.563416 -9.245152
2.733526 -15.006080 -9.998756
2.196287 -14.403673 -9.493276
2.363492 -13.523479 -9.816279
2.283886 -14.386988 -10.210036
2.514036 -14.370266 -9.286034
1.869704 -13.816645 -9.716578
1.435108 -14.337272 -9.047921
2.050323 -13.719268 -8.665024
1.823703 -13.187258 -7.908295
1.943277 -13.871615 -8.559745
2.096215 -13.699908 -9.483950
1.345947 -14.268495 -9.628296
0.701937 -14.793361 -9.162682
0.959775 -14.093886 -9.755373
1.600586 -13.481632 -9.406750
2.090136 -12.965347 -8.773648
1.431598 -12.469353 -8.296838
0.487561 -12.578639 -8.359131
-0.229350 -11.951995 -8.378793
-0.046172 -11.036473 -8.190920
0.725044 -10.924569 -8.738398
0.795377 -11.533970 -9.466898
0.490810 -10.962730 -10.165435
0.349298 -10.364978 -10.893238
1.160044 -10.662658 -10.491857
2.007679 -10.744152 -10.918359
1.861477 -10.359566 -10.059436
1.617153 -9.833010 -9.304404
1.323380 -10.150030 -10.153065
0.560541 -10.226482 -10.718096
1.199336 -10.141502 -11.419345
0.760455 -10.915173 -11.759706
1.134426 -10.373383 -11.071492
0.995991 -11.229875 -11.464286
0.477319 -11.741717 -10.851076
1.326610 -11.449458 -10.534347
2.262570 -11.415150 -10.361622
2.624910 -11.241226 -9.498205
3.393287 -11.082218 -8.958442
4.082943 -11.582945 -8.533380
3.781255 -10.908850 -9.134722
4.294163 -10.763153 -9.923852
5.041061 -11.138176 -9.467200
5.004659 -10.383612 -8.887253
5.379880 -9.834636 -9.569062
5.524985 -9.023951 -9.090770
4.603928 -8.871881 -8.902202
4.503869 -8.889036 -7.955247
3.774305 -9.378638 -7.587748
3.353460 -8.532381 -7.470416
3.422237 -8.353521 -6.537513
2.867014 -8.282945 -7.308082
2.739061 -8.120664 -8.237770
2.703370 -7.170373 -8.289776
2.774318 -6.538410 -7.580821
2.439973 -7.175632 -8.204671
2.073774 -8.050960 -8.122632
2.101203 -7.308992 -8.719090
1.705030 -7.707486 -9.488036
0.759206 -7.657432 -9.388334
0.916592 -8.188544 -8.613622
0.915719 -8.927476 -8.012783
1.729130 -8.501879 -8.266274
1.135268 -9.080725 -8.734562
0.857188 -8.279591 -9.168019
0.492133 -7.643886 -8.560036
1.017244 -6.860799 -8.425631
1.559292 -6.619910 -7.680524
0.870525 -6.605987 -7.022926
0.234396 -7.067548 -6.485030
0.211635 -7.931431 -6.885303
0.115060 -7.895044 -7.832075
0.578844 -8.499305 -8.403742
1.198645 -9.210122 -8.271019
1.601329 -8.753766 -7.538479
0.699823 -8.491925 -7.377991
0.115114 -8.092973 -6.740823
0.928460 -7.598278 -6.712989
1.554687 -7.550076 -5.997066
1.168439 -7.956922 -5.227444
0.518403 -7.328191 -4.928810
1.092443 -6.568313 -4.938507
0.585654 -5.970006 -4.397930
0.679900 -6.746245 -4.941622
-0.078078 -6.960851 -5.476824
-0.079445 -6.927408 -4.525031
-0.748790 -6.996620 -5.198987
-1.358182 -7.485720 -5.743462
-0.804588 -8.054166 -6.270181
-0.130020 -8.510181 -5.776179
-0.785916 -7.862499 -6.015635
-0.458995 -7.262052 -6.678670
-0.148357 -7.698729 -7.465974
0.450257 -8.292089 -7.909386
1.075510 -8.861672 -7.471590
1.052269 -8.006884 -7.052273
1.756471 -8.600674 -6.810321
0.975516 -8.931305 -7.243705
0.613573 -8.131517 -6.874427
1.189558 -8.885392 -6.957750
1.549718 -8.515084 -7.757866
1.049960 -8.990540 -8.414533
1.661863 -8.405252 -8.850473
1.261605 -8.910812 -8.149593
1.370140 -9.567576 -8.830703
2.120742 -9.476019 -8.251702
2.681657 -8.819387 -8.653247
3.279138 -8.227833 -8.205910
3.285434 -7.359179 -8.596332
4.138249 -7.540001 -8.979791
4.970830 -8.001215 -8.946370
5.048983 -8.945293 -9.044549
5.036895 -9.322662 -8.170206
4.591050 -8.644924 -7.671282
3.957070 -8.546651 -6.967407
3.482642 -7.721130 -6.945935
4.022031 -7.158940 -7.493686
4.658577 -7.397019 -8.160887
3.857723 -6.905501 -8.005738
3.088530 -6.761233 -7.463004
3.446863 -7.147510 -6.669646
4.208022 -7.717372 -6.723708
5.075452 -8.110510 -6.717681
4.560072 -7.313222 -6.641895
5.186514 -7.639454 -7.280779
4.737876 -6.802868 -7.357440
4.429654 -7.658094 -7.073510
5.218910 -7.644242 -6.540677
4.572890 -7.590889 -7.238417
4.677039 -6.969045 -7.952205
5.025514 -7.173849 -7.089853
4.312481 -7.684629 -6.718751
3.591202 -8.285784 -6.878121
4.407838 -8.726951 -6.664802
5.085398 -8.741661 -5.995678
5.595384 -8.471537 -6.753290
6.471082 -8.782021 -6.544050
5.927820 -8.254975 -7.122080
5.449447 -7.681722 -6.530836
5.855686 -7.798673 -7.384254
5.802105 -7.567520 -6.461906
6.101385 -7.985921 -7.263405
5.909716 -8.635762 -7.932732
5.299165 -7.927962 -7.750319
5.381851 -8.596649 -7.077229
5.330291 -8.104872 -6.263271
5.939842 -7.954600 -5.547103
6.083623 -8.700787 -6.121178
6.403128 -9.587170 -5.982364
7.112192 -10.200352 -5.814241
7.441103 -10.023027 -6.690256
8.011450 -10.450890 -7.321656
8.473410 -11.270372 -7.470221
8.784064 -12.095594 -7.110313
8.383450 -11.349689 -7.546390
8.216032 -10.501322 -7.147298
7.375287 -10.886041 -7.375700
8.269807 -10.652619 -7.604562
7.591910 -11.015215 -7.042414
6.884970 -10.880001 -6.418730
7.424751 -10.370562 -7.015503
7.046081 -10.242469 -6.151078
6.492251 -9.732363 -6.734252
6.193306 -9.786013 -5.831600
6.657955 -10.303370 -6.482348
6.586188 -11.186997 -6.830315
5.717859 -10.899247 -6.565298
5.536293 -10.538690 -7.427888
4.780068 -10.433379 -7.997152
5.317211 -11.207264 -7.857125
4.604252 -11.766150 -8.151005
5.343580 -12.365984 -8.126043
5.742405 -12.065345 -7.315127
6.020953 -12.189274 -8.217391
6.564399 -12.962922 -8.102645
7.178066 -13.598227 -8.458778
7.779333 -12.883814 -8.271370
7.202719 -12.138629 -8.410093
6.586417 -12.458238 -7.758133
6.008333 -11.718151 -7.916628
5.748358 -10.903410 -8.335723
5.063173 -10.712745 -8.969124
4.162652 -10.417814 -8.873690
4.638123 -11.026880 -8.316917
5.299524 -10.374317 -8.526059
5.649940 -11.016506 -7.916279
4.884823 -10.453956 -7.988133
4.519477 -11.111517 -8.572227
5.298514 -10.563779 -8.561585
4.519717 -10.069660 -8.324205
5.166064 -10.126470 -7.627041
4.461548 -10.478531 -7.091561
5.021273 -11.098239 -6.633632
4.594388 -10.840311 -7.444971
5.459929 -10.691898 -7.813539
6.166434 -10.546050 -7.191762
6.813888 -11.237082 -7.293291
5.990998 -11.545450 -7.660430
6.662403 -11.676060 -8.323142
7.168363 -11.196458 -8.971999
6.811193 -10.759182 -8.205026
6.684488 -11.238436 -7.391828
7.094923 -11.247824 -6.532477
6.223705 -11.621242 -6.625037
5.592012 -11.424010 -7.309942
4.757221 -11.758321 -6.996272
4.315067 -12.580150 -6.806208
5.122106 -13.067666 -6.940549
5.728008 -13.801037 -6.894970
5.576092 -14.577694 -7.424833
6.448087 -14.526466 -7.804349
6.152831 -14.921158 -8.619255
5.724042 -14.405251 -7.943230
5.134015 -14.763659 -8.599310
5.601362 -15.557338 -8.841572
6.040025 -14.755756 -8.573112
6.646962 -14.315533 -9.160361
6.564934 -15.262560 -9.101684
6.334460 -14.386449 -8.807848
6.878216 -13.927644 -8.174714
7.554885 -14.352275 -7.656218
7.160476 -15.101343 -8.092530
6.398802 -14.682307 -8.481490
7.022393 -14.144512 -8.003013
6.344061 -14.745609 -7.710477
7.006407 -15.242255 -8.181294
7.817862 -14.974176 -7.760932
7.325120 -14.351127 -8.286331
7.282586 -13.874225 -9.109609
7.240014 -13.255070 -8.387206
6.691750 -13.563388 -9.102312
5.943033 -13.188738 -8.648341
6.249882 -14.051975 -8.908525
5.914871 -13.219373 -8.589822
6.749641 -12.761838 -8.618980
6.090688 -12.170709 -8.970228
6.625316 -12.774483 -8.463613
6.516614 -13.508343 -7.866402
5.856138 -14.186985 -7.967627
5.983254 -13.699707 -7.159275
6.284727 -14.544110 -6.838140
5.377919 -14.833849 -6.866073
6.137271 -15.397910 -6.755406
6.391898 -14.729281 -7.384000
6.361338 -15.628800 -7.695386
7.062685 -15.856367 -7.092596
6.507468 -16.580706 -6.820391
6.955587 -16.074921 -7.491510
6.949333 -17.026979 -7.515478
6.195409 -16.730296 -7.014871
5.968547 -16.070267 -7.662888
5.340098 -15.395507 -7.901176
4.780770 -14.692094 -8.216441
5.102725 -15.266127 -8.904817
5.485320 -15.759137 -9.624255
6.297557 -16.204202 -9.846106
6.638698 -15.494579 -9.310300
6.540894 -14.733647 -9.874609
5.952619 -14.022916 -10.110879
5.256882 -13.904950 -9.471298
4.635533 -13.278534 -9.112750
5.115339 -12.967603 -9.874417
5.666316 -13.295377 -10.578702
5.229281 -14.128610 -10.431223
5.036483 -13.917842 -11.339757
5.661284 -13.374092 -10.869662
4.710427 -13.371036 -10.923438
5.658067 -13.414978 -11.007567
5.010850 -14.008574 -11.376054
4.756463 -14.370736 -10.532754
4.800906 -13.999047 -11.408483
5.523603 -13.389585 -11.293179
5.230737 -12.483436 -11.305610
5.629235 -12.980475 -10.597669
6.261152 -12.267950 -10.601717
6.300769 -11.362465 -10.309212
5.888464 -11.941906 -9.675744
6.378894 -12.184531 -8.896231
5.996661 -12.876979 -8.365719
6.462522 -12.825434 -9.194782
6.425578 -13.091670 -8.281117
6.121741 -13.585808 -7.525776
5.652132 -13.080191 -6.869385
5.938917 -12.205228 -7.112745
6.610533 -12.821421 -7.388910
6.770240 -12.858571 -6.450750
6.230925 -12.263242 -5.939133
6.620231 -13.120620 -6.081869
5.814321 -12.782320 -5.703595
5.104407 -12.720881 -5.071712
5.889182 -13.213904 -4.852428
5.413875 -13.614820 -4.131053
6.136983 -13.471742 -3.527999
6.628263 -13.944702 -4.192817
5.918049 -14.579210 -4.197759
6.379738 -15.411146 -4.239663
6.043997 -14.545315 -4.028368
6.644851 -15.156359 -3.612881
7.498910 -15.162298 -3.191478
7.223085 -14.795190 -2.357104
7.752517 -14.573438 -1.597132
8.352697 -14.518473 -2.334555
8.417211 -14.050434 -3.161481
8.417588 -13.683776 -4.040452
7.796896 -14.402030 -3.963766
8.585620 -13.875834 -3.873979
8.931892 -14.522704 -4.481173
8.516672 -15.149969 -5.065263
8.196093 -15.807721 -5.674870
8.451180 -15.515684 -4.804999
8.335895 -14.910768 -4.078490
8.228288 -14.649508 -4.987991
7.618131 -14.812452 -4.275119
8.336834 -15.383958 -4.527857
7.994171 -14.676695 -5.065808
8.272121 -14.988486 -5.921705
7.517683 -14.624458 -6.374845
7.058823 -14.494619 -7.199234
7.205534 -13.861920 -7.895795
7.523865 -13.440731 -8.688446
7.852653 -14.248789 -9.070509
8.150256 -13.816186 -8.275954
7.236205 -13.836452 -8.542651
6.511201 -13.219517 -8.570766
6.828854 -12.522635 -8.004655
6.162161 -11.975691 -7.600425
5.576346 -12.417493 -6.993250
6.297836 -11.798456 -7.050478
5.637225 -11.129851 -7.204067
5.501634 -11.868483 -7.789787
6.185171 -11.224435 -7.631645
6.585350 -11.829541 -7.014608
6.352409 -12.745270 -6.895417
7.238551 -12.400023 -6.946258
7.835237 -11.659057 -6.990580
8.472072 -12.366683 -6.963457
8.756484 -12.130803 -6.085675
8.584172 -11.610907 -6.864808
8.779193 -10.988281 -6.171026
8.261936 -10.577318 -6.857017
7.529008 -10.380666 -6.281541
6.769122 -9.807225 -6.253825
6.247167 -10.231500 -6.928052
5.838514 -11.022460 -7.266305
6.085452 -11.898486 -6.985892
6.065942 -11.036988 -6.580344
6.179217 -10.191331 -6.157183
6.542752 -10.007797 -7.018105
5.966092 -10.592360 -7.500577
6.282230 -9.951240 -6.871250
7.163072 -9.794245 -6.544910
6.244592 -9.935032 -6.753724
6.102846 -9.861617 -7.692631
5.769322 -9.064663 -8.093449
6.342223 -8.397745 -8.459558
6.443423 -8.215352 -7.530300
5.530102 -7.948715 -7.572471
5.707724 -7.538374 -6.731578
5.287085 -7.435423 -5.883349
4.709578 -7.760021 -6.567566
4.088203 -8.068884 -7.219889
4.313203 -8.126288 -8.143529
4.512243 -7.416216 -8.746198
3.879728 -7.065928 -8.126317
3.577050 -7.866600 -8.543857
4.304385 -7.776572 -7.935656
3.954076 -7.348159 -7.160558
3.117463 -7.782403 -7.024397
2.301597 -7.292340 -7.059510
2.841555 -7.471893 -7.823209
3.347689 -8.237378 -7.568470
3.321218 -7.285444 -7.556193
2.734033 -7.251892 -6.807115
2.039954 -6.830727 -7.305013
2.674654 -7.511757 -7.104058
2.316558 -7.617434 -7.980202
2.049090 -6.874739 -8.513020
1.217621 -7.324895 -8.627245
0.665368 -7.360675 -7.852155
0.246538 -7.964092 -8.458371
-0.220065 -8.708159 -8.090028
0.604417 -8.321027 -8.368213
1.416472 -8.251811 -7.875461
0.576182 -7.839668 -7.699172
1.233602 -7.460876 -7.123547
1.031409 -8.036982 -7.854470
0.461585 -8.484467 -7.236338
-0.018978 -8.924526 -6.541762
-0.286009 -8.047949 -6.282268
-0.622744 -7.338140 -5.743928
-0.381346 -6.746570 -6.450187
0.454826 -6.581661 -6.025155
-0.167977 -6.181778 -5.425789
-0.248605 -7.021639 -5.867561
-0.779127 -7.244551 -5.108690
-0.630117 -6.611817 -4.412649
-0.662834 -7.019102 -5.272926
-1.248636 -7.751625 -5.107772
-1.894077 -8.450893 -5.069587
-2.182712 -7.546430 -5.144859
-2.348357 -7.587910 -6.081807
-1.966962 -8.136065 -6.760846
-1.413160 -8.376209 -6.024190
-0.908119 -8.982830 -6.557082
-0.251376 -9.106706 -7.235590
-0.509565 -9.355432 -8.117918
-1.044775 -9.990142 -7.651310
-1.248620 -10.537969 -8.403216
-1.702179 -10.063735 -9.093445
-1.930190 -9.168778 -9.326023
-1.744691 -9.456811 -8.437397
-2.292265 -8.691831 -8.289077
-2.736984 -9.255555 -7.663401
-2.588132 -9.688370 -6.828210
-2.029944 -9.003735 -6.472216
-1.364211 -9.213092 -5.824142
-2.019209 -8.917339 -6.449072
-1.477950 -8.478127 -7.098041
-1.239366 -8.024519 -7.900753
-2.043371 -8.247676 -7.441617
-1.559253 -8.767216 -8.076233
-1.597182 -7.819883 -7.985960
-1.973738 -8.432134 -7.361154
-1.246423 -8.011339 -6.912853
-1.911450 -8.336692 -7.511949
-2.130372 -8.746503 -6.680590
-2.472402 -8.858645 -7.562332
-2.510099 -9.034846 -6.627152
-2.190529 -9.491064 -7.399661
-2.741729 -8.796277 -7.746763
-1.998947 -8.418839 -7.285411
-1.320841 -9.064838 -7.458293
-1.067386 -9.493922 -6.646704
-1.486982 -8.693159 -6.347125
-0.574058 -8.512209 -6.549250
-0.460750 -9.276367 -7.106255
0.487670 -9.227849 -7.178169
-0.231426 -9.796763 -6.920748
0.338817 -9.890723 -7.677731
-0.275189 -9.379490 -7.159400
-0.263067 -9.039267 -8.048855
-0.022834 -8.136775 -8.235473
-0.437810 -8.590496 -7.508177
0.080463 -9.325226 -7.822176
-0.828763 -9.123965 -8.021756
0.036915 -8.837342 -7.747022
-0.267561 -8.917805 -6.848217
-0.691737 -8.993779 -5.998905
-0.994438 -8.529052 -6.773133
-0.728811 -8.988651 -5.982411
-1.509521 -8.665314 -5.543122
-2.047019 -9.129953 -4.908901
-1.276890 -8.812880 -5.370850
-2.159918 -9.127211 -5.202066
-2.055353 -9.320857 -4.275461
-2.695818 -8.916425 -4.852755
-3.328629 -9.477980 -5.290060
-3.762075 -10.118642 -4.734448
-3.392140 -10.980842 -4.570774
-2.537278 -10.794557 -4.946990
-2.937930 -11.364151 -5.596659
-2.365772 -11.559317 -4.860741
-1.980224 -10.714283 -5.071212
-1.388084 -9.991095 -5.253970
-1.147537 -9.200167 -5.726831
-1.581458 -8.459920 -6.140084
-1.435550 -9.090551 -5.441482
-1.630659 -9.429758 -6.309756
-2.385374 -9.671830 -6.837805
-2.331903 -8.998776 -7.509496
-3.156490 -8.556794 -7.331342
-3.368341 -9.368612 -7.782009
-2.843187 -8.659954 -8.141240
-2.534861 -9.243344 -7.454493
-3.021446 -9.794319 -8.060044
-3.739748 -9.853569 -7.437500
-4.220749 -10.340048 -6.774925
-3.748810 -11.023105 -6.308301
-3.820615 -10.120178 -6.602574
-4.180269 -10.909738 -6.995350
-4.092910 -11.206710 -6.094681
-3.262971 -11.491833 -5.724631
-2.572553 -11.946996 -6.197050
-3.082790 -12.119136 -5.411521
-3.087088 -12.637068 -6.210745
-2.449065 -13.225238 -5.818302
-3.248662 -12.841093 -6.164865
-4.163810 -12.781249 -5.908053
-4.778758 -12.396878 -6.525410
-4.949063 -13.005310 -5.812784
-4.346953 -12.710260 -5.136443
-4.962685 -13.083618 -4.513139
-4.846175 -13.723939 -3.817838
-4.350547 -14.295005 -3.238816
-3.512840 -14.727786 -3.104732
-3.255867 -14.018742 -3.686327
-3.890674 -14.550279 -4.156983
-3.050931 -14.656572 -4.593519
-2.266389 -15.097632 -4.282090
-2.592702 -14.518309 -4.963950
-2.008511 -14.930503 -4.334787
-1.451288 -14.158190 -4.342830
-0.831107 -14.862090 -4.178727
-0.209336 -14.332941 -3.688388
-0.454826 -13.652102 -3.069337
-1.034257 -13.134542 -3.620173
-1.330118 -12.436381 -3.043922
-1.844461 -13.052229 -2.530880
-1.790094 -12.131293 -2.767422
-1.264568 -12.878077 -2.496930
-1.783121 -12.092890 -2.643944
-2.404733 -12.387209 -3.302733
-2.564060 -11.606743 -2.780701
-1.786862 -11.086948 -2.961820
-2.625750 -11.096573 -3.412599
-2.360414 -11.703678 -4.096741
-3.103250 -12.160252 -4.479839
-2.634810 -12.697123 -5.111791
-3.319596 -13.011237 -4.529186
-3.820591 -13.652928 -4.034953
-4.245262 -14.426869 -3.677601
-4.838938 -13.705171 -3.861262
-4.465058 -13.445797 -3.024620
-4.106656 -14.186674 -2.545373
-4.066149 -15.128168 -2.683135
-3.607109 -14.658031 -3.372544
-2.821151 -14.177085 -3.131731
-2.025496 -14.688085 -3.018406
-1.794914 -15.459646 -2.509924
-1.373149 -14.822179 -1.941786
-2.252138 -14.578222 -1.668123
-1.622908 -13.977609 -1.280356
-2.415121 -13.680689 -1.717696
-2.766409 -14.243050 -1.034048
-2.739797 -13.293772 -1.106109
-3.664735 -13.342178 -1.327863
-3.457760 -12.706478 -2.006152
-3.297911 -12.405669 -2.895530
-3.943303 -12.162923 -3.552473
-4.004551 -11.218417 -3.658241
-3.107291 -11.133282 -3.350499
-2.226734 -11.012390 -3.692602
-1.440686 -10.626017 -3.318606
-0.691875 -10.828904 -2.766202
-1.172860 -11.127237 -2.000251
-1.062430 -11.070594 -2.944510
-1.593349 -11.653399 -3.478829
-2.043270 -12.470542 -3.670861
-1.107624 -12.609148 -3.782146
-1.547772 -13.448623 -3.689517
-2.040478 -14.041544 -3.130307
-2.321930 -13.373203 -3.747668
-2.185152 -12.729348 -3.059357
-2.945610 -12.225489 -3.332963
-3.084257 -11.925783 -2.439664
-2.475851 -12.652670 -2.531905
-1.585045 -12.323715 -2.604588
-1.892506 -12.406797 -1.707038
-2.017884 -12.496318 -2.646876
-2.694701 -11.849713 -2.471232
-2.492547 -12.471243 -3.163955
-2.776068 -13.326729 -3.471834
-2.565243 -14.221928 -3.719223
-1.659853 -13.955566 -3.591354
-1.079464 -13.825930 -4.335245
-1.761593 -13.332410 -4.780405
-1.800872 -12.804277 -3.988849
-1.538728 -13.422238 -3.313250
-1.048737 -14.135183 -2.914943
-1.197086 -15.033095 -3.195613
-0.769909 -14.944451 -2.349037
-0.170943 -15.540624 -2.788180
-0.713683 -15.913392 -3.476298
-0.692206 -16.581320 -2.797739
-1.331241 -15.965839 -3.143930
-1.777506 -16.027819 -3.982998
-2.095119 -15.605112 -3.190868
-2.462119 -16.000841 -3.975558
-2.984434 -16.513754 -4.584768
-3.381548 -17.371127 -4.704113
-3.257970 -17.024740 -3.825607
-2.665394 -17.765018 -3.914337
-2.049199 -17.942589 -3.210205
-2.238730 -17.800886 -4.132717
-2.063960 -18.289610 -4.931236
-1.508579 -18.931589 -4.499443
-1.049300 -18.366437 -3.885688
-1.665413 -17.810763 -4.353298
-1.776100 -17.299836 -3.557225
-2.336222 -17.307716 -4.327440
-2.980507 -16.951118 -4.931397
-3.272131 -17.575404 -5.588855
-2.970454 -16.926745 -6.217554
-3.503351 -16.350769 -5.677830
-3.396876 -17.284768 -5.830599
-3.523275 -17.555781 -4.926385
-2.793644 -17.266675 -4.386861
-2.426854 -16.501708 -4.819667
-3.206690 -16.940019 -5.146421
-2.928700 -16.295315 -4.502909
-3.522949 -15.708688 -4.960910
-2.739679 -16.061285 -4.549579
-3.256573 -16.704418 -4.073943
-2.657020 -16.747393 -3.335215
-2.085588 -16.040435 -3.619302
-1.687745 -16.741746 -4.126169
-1.504155 -15.956953 -3.618798
-2.320371 -16.436832 -3.516147
-2.554176 -16.985752 -4.258475
-2.943438 -16.950692 -3.389985
-2.401115 -16.182141 -3.240843
-1.541335 -15.776452 -3.297642
-1.980490 -15.202564 -2.677300
-1.061258 -15.355497 -2.480700
-0.459950 -15.987064 -2.097839
-0.137824 -16.411679 -1.308557
-0.547456 -16.972993 -1.959830
0.178415 -16.370298 -1.829841
0.228327 -15.504068 -1.437178
0.887388 -15.196301 -0.822404
1.388387 -14.549538 -0.334831
1.302270 -15.243415 -0.981475
1.599930 -14.440311 -0.564999
1.133421 -13.921908 -1.213580
1.491968 -13.276162 -1.814817
2.062394 -13.329880 -2.575578
1.358982 -13.686820 -2.041879
0.895305 -13.182374 -2.703368
0.154870 -13.520387 -2.208863
0.214386 -13.863625 -3.095246
-0.297793 -13.466498 -2.397398
-0.366716 -13.640390 -3.331230
0.025659 -14.339810 -3.844924
0.263550 -15.208484 -4.154510
0.843325 -14.834681 -3.497881
0.962710 -15.631650 -2.990319
1.140088 -14.969418 -3.651391
0.495404 -15.433162 -3.125697
-0.104869 -15.389553 -2.387591
-0.252781 -14.507963 -2.059035
-0.034879 -15.312310 -1.597977
0.653184 -14.943609 -2.143559
-0.024320 -14.820741 -1.485590
-0.189636 -15.407271 -0.753687
0.495309 -15.878832 -0.289457
1.070929 -16.275615 -0.936184
0.813014 -16.733047 -0.141661
0.579466 -17.268731 -0.893675
0.684070 -16.335630 -0.734277
0.999701 -15.636781 -0.169462
0.907179 -15.205300 0.674513
1.501540 -15.669622 0.092990
1.156631 -14.804723 0.293031
0.637266 -15.087299 -0.453588
0.256558 -15.347428 0.379734
-0.263870 -15.623595 -0.368541
-0.722164 -16.087312 0.325694
-0.252304 -15.268180 0.449321
-0.970086 -15.797129 0.114610
-1.735596 -15.919230 -0.438666
-1.400774 -15.248474 -1.026041
-2.121207 -15.059247 -0.432577
-2.757378 -15.724596 -0.676761
-2.980469 -14.830025 -0.438009
-3.658300 -14.743087 -1.101346
-3.155244 -15.210558 -1.761220
-2.721858 -15.987032 -2.102239
-3.537409 -15.515938 -2.243580
-2.887932 -16.164647 -1.989831
-3.214696 -15.548491 -1.341290
-2.741788 -15.347350 -2.143118
-3.193700 -15.651233 -1.361799
-3.941010 -15.686496 -1.951131
-3.394092 -15.204940 -2.564331
-3.991510 -15.378566 -1.843238
-3.271480 -15.523929 -1.237057
-2.750276 -16.273759 -0.966630
-1.871294 -15.961538 -0.774435
-1.412158 -16.633875 -0.280283
-2.303192 -16.303546 -0.217271
-1.569100 -16.860365 -0.458291
-1.953335 -16.161529 -0.978888
-2.732910 -15.663570 -0.752329
-2.572895 -15.035569 -0.054446
-2.875439 -14.388497 -0.684364
-2.316306 -15.159066 -0.709330
-1.740037 -15.863277 -0.428206
-2.235292 -15.473189 0.285646
-2.576215 -14.686153 -0.128331
-2.638103 -15.307257 -0.847657
-2.337812 -16.129026 -1.223891
-1.681333 -16.071696 -1.911481
-2.178523 -16.813139 -1.579675
-1.723847 -17.368536 -2.205641
-1.041984 -17.450980 -1.545871
-1.640512 -17.428368 -2.286331
-1.198243 -16.820251 -2.870816
-2.122270 -16.674081 -3.049246
-2.700699 -16.134510 -2.518855
-3.151693 -16.956144 -2.687830
-2.409900 -16.625113 -3.185013
-2.478310 -15.690904 -3.012961
-2.185426 -14.784779 -3.026642
-1.642087 -14.097922 -2.652425
-1.327170 -13.516324 -3.337699
-1.947216 -13.007870 -2.823844
-2.357406 -12.259135 -2.401741
-3.169588 -12.752936 -2.461326
-4.112513 -12.696251 -2.340050
-4.212369 -11.868617 -2.800572
-4.351639 -10.927090 -2.834632
-4.444104 -10.961830 -3.781877
-3.753741 -11.615422 -3.838857
-3.063345 -10.969402 -3.953056
-3.562696 -11.123839 -3.156924
-3.115782 -11.702247 -3.767450
-3.503398 -12.522891 -3.478787
-2.601719 -12.347508 -3.730273
-2.655023 -12.093146 -4.646509
-3.137772 -12.468569 -3.916413
-2.632918 -11.861667 -4.449162
-3.244422 -11.674521 -5.154902
-3.663832 -11.874541 -4.323569
-2.913764 -11.592651 -3.808821
-3.102072 -12.467180 -3.482066
-3.063646 -13.175099 -4.117993
-3.593522 -12.637503 -3.537260
-3.667822 -13.358945 -2.919984
-3.359783 -14.198231 -3.248220
-2.767090 -14.878806 -2.943976
-3.301473 -14.097531 -3.049211
-3.860367 -14.588477 -3.643888
-4.634985 -14.316372 -3.161231
-4.552340 -14.381780 -4.107763
-4.001008 -14.947456 -4.639809
-3.178208 -14.867392 -5.112692
-2.578341 -14.577523 -5.793255
-2.396785 -14.844197 -4.897179
-2.014030 -14.136003 -5.406090
-2.656071 -14.622531 -5.914127
-3.394952 -15.211662 -5.795762
-3.503768 -14.868265 -4.914134
-2.764832 -15.071755 -4.348806
-3.057231 -14.190741 -4.135857
-2.622253 -13.365800 -3.942738
-1.967764 -14.003728 -4.210544
-2.278968 -14.843782 -3.887293
-3.197942 -15.059532 -4.013658
-2.627654 -14.679685 -3.352207
-2.033723 -15.100849 -2.738289
-2.886118 -14.833341 -3.068275
-2.729238 -13.894491 -3.036978
-2.970249 -14.352786 -3.836296
-3.102569 -13.629717 -3.230745
-2.836620 -14.503071 -2.959536
-2.151810 -15.026150 -2.554010
-2.819453 -15.657323 -2.804814
-2.407056 -15.707271 -3.661822
-3.120142 -16.303390 -3.454025
-2.931347 -15.671829 -2.766628
-3.478233 -16.350310 -3.150826
-2.925284 -17.043747 -2.803808
-2.576037 -17.430060 -3.601190
-2.327381 -17.030898 -2.773017
-3.096538 -16.469345 -2.763768
-3.263165 -15.783078 -3.402753
-2.627091 -15.368544 -2.827775
-3.510876 -15.708205 -2.724899
-3.783081 -15.002939 -2.145647
-3.195588 -14.431137 -1.660957
-3.401615 -15.113963 -1.029823
-2.582852 -14.790445 -0.666516
-3.181019 -14.565171 -1.372546
-3.704330 -15.265728 -1.749900
-3.630110 -15.499904 -2.670053
-3.863861 -16.191758 -3.281386
-3.052070 -15.696465 -3.333444
-3.440978 -15.236418 -4.071101
-4.272099 -14.782019 -3.972156
-4.351260 -14.092523 -3.319962
-4.123413 -14.237135 -4.233309
-4.644918 -14.467549 -3.470437
-4.168083 -13.649863 -3.365328
-3.598832 -13.459800 -4.104827
-3.135410 -14.183208 -4.515865
-2.658313 -13.577876 -5.075312
-1.754286 -13.429235 -5.335448
-2.024477 -14.017584 -4.636969
-1.609971 -14.834469 -4.897570
-2.265630 -15.048367 -5.554373
-2.151682 -14.828484 -6.473990
-1.353530 -14.317490 -6.568170
-1.828362 -14.905905 -5.989090
-1.115846 -14.682171 -5.398080
-1.337503 -14.304987 -6.244029
-1.569458 -14.668699 -7.093110
-2.350384 -15.184072 -7.270800
-3.136886 -14.738934 -6.970304
-4.022191 -15.072802 -7.078913
-3.816525 -14.387827 -7.707833
-3.868751 -14.777221 -8.575401
-3.256623 -14.141716 -8.216985
-3.022754 -14.813126 -7.583310
-3.209330 -15.653549 -7.990627
-3.910924 -15.067048 -7.724523
-3.606942 -14.596417 -8.494673
-3.222461 -15.294822 -7.973679
-4.130170 -15.491823 -7.763240
-3.801102 -15.662826 -6.886028
-4.262864 -16.134619 -6.199575
-3.623850 -16.389240 -6.858256
-3.096194 -17.078418 -7.250227
-3.761430 -16.526165 -6.850842
-2.868163 -16.549943 -6.521390
-3.562920 -16.929576 -7.050750
-3.938918 -16.272148 -6.473305
-3.831453 -15.333740 -6.595257
-3.394128 -14.689010 -7.143069
-3.096871 -14.980366 -6.286460
-2.276153 -15.040625 -5.807064
-3.225238 -15.010073 -5.880103
-2.665257 -15.361451 -5.194549
-2.648309 -15.467035 -6.140907
-2.051811 -14.948790 -5.609267
-1.265203 -14.475338 -5.356048
-0.578948 -13.938127 -4.972007
-0.618645 -13.488286 -5.810515
0.068110 -13.727927 -5.195724
0.755564 -13.556768 -4.559216
0.644352 -14.383075 -4.098916
0.233171 -14.026661 -3.317296
0.347819 -14.550272 -4.104517
0.633994 -14.713423 -4.998114
1.022163 -14.026764 -4.464396
0.468338 -13.256820 -4.550968
-0.129710 -13.543801 -3.867586
-0.404057 -12.964195 -4.571731
-0.918124 -13.327087 -3.856836
-0.511814 -12.775290 -4.518246
-0.978598 -12.104250 -4.029528
-1.739733 -11.532477 -4.057455
-1.039497 -11.875481 -3.510603
-0.420965 -11.152270 -3.473022
0.046301 -11.195183 -4.301787
0.265151 -10.597487 -3.593343
-0.440579 -11.090433 -3.185938
-0.102813 -11.975246 -3.286189
-0.656223 -12.268750 -4.003560
-1.112031 -11.668420 -3.421433
-0.622404 -12.221856 -2.820598
-0.367383 -11.933775 -3.691807
-0.793338 -11.141258 -4.004069
-0.552709 -10.279765 -4.331111
-0.677321 -10.601327 -5.218861
-1.429452 -10.561330 -4.635998
-1.900411 -10.148423 -3.918549
-1.541940 -9.613756 -4.620445
-1.771048 -10.358940 -5.167472
-0.983641 -10.012094 -4.759162
-0.467996 -9.331448 -4.337428
-1.077817 -9.078812 -3.650898
-1.655489 -8.458468 -3.216735
-2.236623 -7.991989 -3.809787
-2.483373 -8.384644 -2.977943
-3.144056 -9.036215 -3.192378
-2.874720 -9.083338 -2.280092
-2.717804 -8.595199 -3.082668
-2.689538 -9.109154 -3.883967
-1.971172 -8.493975 -3.995926
-1.510080 -8.382557 -3.170088
-0.637854 -8.731763 -3.325995
0.165220 -8.225693 -3.403422
0.226418 -8.642683 -2.549370
0.038215 -8.370170 -3.442312
0.809278 -8.576327 -3.961919
0.416195 -8.579884 -3.094450
-0.383202 -9.086744 -2.989153
-0.161627 -9.841150 -2.451748
0.184624 -10.685691 -2.179923
0.737875 -9.916178 -2.273689
1.630640 -10.238023 -2.353789
1.514939 -10.420679 -1.426276
2.211116 -10.951002 -1.801942
3.042298 -11.098213 -1.360926
2.272408 -10.668806 -1.000500
1.546619 -10.582292 -0.389947
1.317716 -10.375105 -1.290894
0.392481 -10.152321 -1.254333
0.694495 -10.036708 -0.358538
1.205274 -10.592858 -0.938908
1.910005 -11.205340 -1.126662
1.968934 -12.087608 -0.772882
1.257241 -12.700510 -0.930594
2.070485 -12.340425 -0.590003
2.053378 -12.904682 0.177037
1.904036 -12.212290 -0.459611
0.997200 -11.998872 -0.261798
0.236939 -11.645279 0.189871
-0.261643 -12.293355 0.678176
