20.956522 -12.999975 0.000000
20.482778 -12.637463 -0.632690
20.022977 -13.339333 -0.860953
19.303633 -12.850794 -0.864968
20.136316 -12.733687 -0.643453
19.349856 -12.660329 -1.007105
19.520608 -12.617998 -1.858689
20.069679 -12.320811 -2.463953
19.713861 -12.526714 -1.697702
19.653623 -11.998783 -1.009367
19.961715 -11.205517 -1.188124
19.319806 -11.540763 -1.669485
19.528453 -12.041483 -0.989860
19.193215 -11.612284 -0.311960
18.714399 -10.974424 -0.658390
19.056854 -11.520824 -0.075024
18.500504 -11.451549 0.589670
19.369261 -11.489044 0.589009
19.568399 -12.321968 0.438260
19.171535 -12.813723 1.035604
19.970950 -12.847152 1.376133
19.491210 -13.525026 1.633971
19.326402 -13.392934 0.790446
18.579931 -13.002359 0.575091
18.292381 -13.570282 -0.017296
18.207556 -14.412294 0.182613
18.512924 -14.869022 -0.491399
18.470113 -14.222120 -1.070907
17.723360 -14.585031 -1.329360
17.822282 -13.731474 -1.462764
18.274409 -13.121957 -1.887283
18.832999 -12.602881 -1.469337
18.134873 -12.624362 -1.987315
18.613726 -13.210633 -2.415250
18.339983 -12.591921 -1.868987
18.761162 -13.222139 -2.295106
19.133929 -12.961135 -1.554117
19.867677 -13.035360 -1.093413
19.401287 -12.533820 -1.629213
18.804848 -12.823863 -1.066825
18.246338 -12.880934 -0.402782
18.697535 -13.504973 -0.806690
18.106935 -12.868738 -0.756283
17.344191 -13.215610 -0.988761
17.655094 -13.683556 -0.325051
16.924633 -13.338454 -0.646728
17.651644 -13.813897 -0.607323
17.323638 -14.365274 -1.194297
16.761166 -14.706156 -1.763128
17.050197 -15.302319 -1.199929
17.264728 -14.632221 -1.710897
17.607030 -14.240069 -2.407452
18.176608 -14.011790 -3.023580
18.097164 -13.356611 -2.457387
17.296730 -13.467885 -2.136344
17.681950 -12.809217 -1.719324
18.004943 -13.582335 -1.951936
18.648337 -14.152087 -2.084490
19.279440 -14.725447 -1.913871
18.872823 -14.092309 -1.478049
18.525831 -14.761711 -1.044875
17.901505 -14.655777 -1.640810
18.581406 -14.912705 -2.118163
18.056387 -14.338134 -2.505935
17.762915 -14.979785 -1.997701
18.011701 -15.375690 -1.264551
18.728995 -15.393359 -0.773308
19.419063 -15.920240 -0.821748
19.189291 -16.045670 0.007478
18.423946 -16.130902 0.411366
17.985974 -15.617617 -0.137143
18.666257 -16.149849 -0.237583
19.252163 -16.157570 0.404911
19.435870 -15.502083 -0.136137
19.896719 -14.880153 -0.532324
19.848111 -14.241168 0.055450
19.277523 -14.321815 0.706656
19.770096 -13.840366 1.237432
20.454492 -13.870685 0.701870
20.233663 -14.434510 1.325953
20.215024 -14.129638 0.511798
20.339616 -14.328708 -0.325455
20.088390 -14.798171 -1.012937
19.503503 -14.375672 -0.527607
19.596042 -14.385738 0.336962
19.229083 -13.753702 0.808145
19.589256 -14.530373 0.960461
20.028988 -13.975557 1.465395
19.622146 -13.859867 2.225157
19.308595 -14.544471 1.790248
19.097290 -13.854826 1.304570
18.880897 -14.409272 0.670610
18.845175 -14.090752 1.478949
18.399797 -13.401415 1.766345
18.991840 -12.951510 1.315552
18.482202 -12.774883 1.997619
19.147747 -12.522869 2.497302
18.505945 -12.185550 2.017250
18.619117 -11.744843 1.276229
18.306361 -12.252533 1.909141
17.743067 -11.759321 2.351390
17.800800 -11.016027 1.903814
17.378865 -10.907237 1.151298
18.122601 -11.202178 0.810695
18.677639 -11.718770 0.385010
18.049265 -11.264320 0.778410
18.127830 -11.757846 0.066790
18.722128 -12.359988 -0.134152
18.187860 -13.037142 -0.023862
17.977493 -12.378290 0.503210
17.268511 -12.727356 0.866035
17.376047 -12.319266 0.105743
16.709052 -12.741394 0.470531
16.046955 -12.178485 0.500590
15.614383 -11.529464 0.116145
15.659405 -12.129033 0.744344
16.129522 -12.032855 1.469523
16.790466 -12.582393 1.337981
16.436602 -12.287280 2.075430
16.983471 -12.962227 2.114467
16.532796 -12.562388 2.741496
17.092212 -13.117436 3.109082
16.771076 -13.895937 2.892399
17.419170 -14.202843 2.400539
17.200437 -13.621049 3.008663
17.558520 -12.847591 2.836370
18.251688 -12.358814 2.644646
19.079759 -12.106449 2.726825
19.576941 -11.590658 3.219690
19.133169 -12.139939 3.727134
18.736717 -12.831190 3.379079
18.051635 -13.008295 2.873668
18.498684 -13.719371 3.098748
19.105043 -13.112658 3.241480
18.501806 -12.488300 3.192209
19.090990 -11.889167 3.415917
18.936920 -11.498322 2.654572
18.767157 -11.919961 3.395885
19.321218 -12.037093 2.736006
18.701860 -11.430280 2.670303
18.348876 -10.772039 3.115573
18.973217 -11.094985 3.627478
18.732182 -11.559470 2.933001
18.972181 -12.268699 2.490803
19.758711 -12.632314 2.418019
19.280261 -11.906211 2.416038
18.973992 -11.703730 3.204292
18.305769 -11.560359 3.741941
17.756290 -11.043931 3.308906
17.213901 -11.379218 2.717687
17.016610 -12.010487 2.153133
16.449243 -11.645597 2.701852
16.324278 -12.309455 3.249410
15.585698 -12.006389 2.904745
16.186054 -11.420500 2.675723
16.984014 -11.106227 2.532071
16.982933 -11.835554 3.005594
17.339631 -11.074876 3.229823
17.491044 -11.132611 4.084157
17.780657 -11.321861 4.881937
17.224881 -10.753830 4.528952
17.260188 -11.359699 5.151703
16.831281 -10.778210 4.667912
17.494117 -10.595786 4.135452
17.051114 -10.042617 4.639332
17.123900 -9.288332 4.212834
17.450540 -9.277468 3.407023
16.915592 -9.581543 2.792603
16.421521 -9.233732 3.417954
16.674219 -9.926218 3.879203
17.370813 -10.433595 3.763146
17.953530 -11.048596 3.567291
17.600467 -10.583432 2.922999
16.765777 -10.784805 2.785574
16.087797 -11.180426 3.159701
15.927235 -11.863726 2.646413
16.433460 -11.952869 3.347792
15.766256 -11.395578 3.327565
14.928922 -11.629008 3.304601
14.716569 -11.708359 4.144097
14.851330 -12.069298 4.923652
14.443071 -11.514333 5.454201
14.975628 -10.830430 5.384892
14.337763 -11.235339 4.954404
14.151911 -12.083226 5.006278
15.018748 -12.023361 4.972310
15.618993 -12.613610 4.754466
15.182294 -13.349423 4.909440
15.533252 -14.138123 4.804912
16.338299 -13.822952 4.898243
17.197928 -13.909856 4.800111
17.615337 -13.855730 4.039202
18.180615 -13.203979 3.930451
18.794717 -12.776499 4.373488
18.798882 -11.948123 4.109063
18.543427 -11.347890 3.534078
18.353719 -10.657585 4.027670
18.866645 -10.662071 3.325509
18.093957 -11.005393 3.122463
17.339338 -11.407096 2.963316
17.932211 -11.028787 2.451918
17.381666 -11.502423 2.930157
17.875116 -12.116619 2.562173
17.733551 -11.519424 3.178177
17.287461 -11.325716 3.899026
16.801364 -11.751043 3.316832
17.349550 -11.076059 3.311123
17.244320 -11.698003 3.909669
16.557441 -12.224129 3.996457
16.154057 -12.585556 3.316168
15.513887 -12.213733 3.772320
16.175327 -12.765137 3.651510
16.055293 -11.920190 3.818243
16.746648 -11.625312 3.380957
16.877255 -10.855809 2.997617
17.289653 -10.501340 3.676162
17.991875 -10.783582 3.247946
18.805177 -10.632643 3.516089
19.310275 -11.257257 3.183106
18.772217 -11.777980 3.625243
18.903436 -11.197572 2.991168
18.256360 -11.638827 3.368965
18.530459 -11.559769 2.547526
19.111729 -11.019962 2.191327
19.554902 -11.757766 2.067287
19.284549 -11.298017 2.754079
19.627229 -12.041806 2.461690
19.588023 -12.587257 1.785605
19.132607 -11.856698 1.908173
18.718410 -11.405670 2.525554
18.387757 -10.925590 3.170794
18.752970 -10.144206 3.060330
18.085385 -9.594123 3.149114
18.734182 -9.697285 2.579409
18.586128 -10.217530 1.898549
17.733903 -10.245802 1.728087
17.350891 -10.784303 2.293295
16.844674 -11.166410 1.698415
17.066197 -10.464654 2.161675
16.393655 -10.794877 1.720332
15.807743 -10.544727 1.128491
16.615042 -10.303856 0.913104
17.079129 -9.745467 1.391611
16.618397 -9.134626 1.804823
16.530203 -9.910091 1.421392
16.499006 -9.355275 2.090234
17.138517 -8.776486 1.979907
17.798218 -8.214281 2.049651
18.227570 -8.785687 1.554377
18.811284 -9.332266 1.212804
18.626624 -8.635804 1.699616
19.145645 -9.245688 1.360790
19.429184 -9.944108 1.794333
19.406683 -10.133860 0.946022
19.406118 -10.852582 1.435495
19.036748 -10.080910 1.591163
19.295743 -10.013139 0.763835
19.180032 -9.269464 0.328287
18.881205 -10.049626 0.087056
18.209024 -10.418322 -0.323287
18.438816 -10.299599 0.506921
18.651557 -9.762099 -0.142677
19.074602 -10.248053 0.441296
19.353236 -11.067120 0.528684
19.980892 -11.455646 0.069077
19.759430 -12.121354 0.582820
20.527562 -12.525994 0.631653
20.187994 -13.322839 0.708303
19.730623 -13.862575 0.202692
20.396923 -13.426435 0.551937
20.240902 -12.774917 -0.002433
19.607174 -12.403519 0.462966
19.372067 -13.164636 0.811636
19.338020 -13.147986 1.680374
18.773375 -13.612623 1.209809
18.349910 -13.059297 1.730050
19.217310 -13.057955 1.791380
20.011743 -12.777481 2.006677
19.918143 -13.401133 1.407977
20.090012 -14.251775 1.462873
19.823832 -14.817330 2.067390
19.532892 -15.495543 2.527306
19.184743 -15.371271 1.740228
18.514156 -15.894734 1.920350
18.035936 -15.332021 2.379483
18.227240 -15.793282 1.667595
18.836947 -15.908829 2.276734
18.962654 -15.751502 1.430808
18.544046 -15.239829 0.865917
17.930043 -15.780190 0.570699
18.147816 -16.401273 1.139008
18.842289 -16.164062 0.672551
19.174745 -15.627763 1.270882
18.836557 -16.031857 0.579160
18.861913 -16.466184 -0.173742
19.000437 -16.273116 -1.010210
18.590966 -15.615095 -1.404528
18.132671 -16.287905 -1.710201
17.358483 -16.094117 -2.055488
18.199303 -16.211527 -2.243584
18.756299 -15.569995 -2.428883
19.126603 -16.129387 -1.875621
19.333926 -15.367885 -1.510551
18.589574 -15.716059 -1.794908
17.833447 -15.815597 -1.377167
17.727865 -16.371902 -0.717227
17.739759 -17.206970 -0.475021
18.255174 -16.736126 -0.993477
18.897528 -16.631692 -1.570208
19.522477 -16.090694 -1.840214
19.674433 -15.271208 -1.592231
19.217348 -16.004452 -1.690053
18.604159 -16.615689 -1.770880
18.333467 -15.994560 -2.315920
18.148725 -16.532501 -2.973670
17.894070 -15.791824 -3.351416
17.376128 -15.334256 -2.823675
17.577417 -15.848962 -3.495020
17.385521 -15.659885 -4.321803
16.879170 -16.165890 -4.815475
17.550607 -15.664432 -4.583405
18.244278 -15.367986 -4.150874
17.918979 -14.688221 -4.584744
17.240025 -14.764866 -5.122601
16.852850 -13.986768 -5.094285
16.415263 -13.422609 -5.590657
16.972757 -12.972287 -5.098160
17.302588 -13.535583 -4.523657
18.127554 -13.260710 -4.528054
18.510781 -14.040875 -4.503043
17.893410 -13.896812 -5.098226
17.442370 -13.903178 -4.354812
18.056064 -13.833211 -4.966880
17.499231 -13.432954 -4.432208
16.968632 -13.909085 -4.930110
16.928523 -13.132622 -5.319519
17.383513 -12.896038 -4.617269
17.555787 -13.422603 -3.947049
18.002851 -13.019447 -3.319558
18.115402 -13.241687 -2.486441
18.025530 -12.588467 -1.919546
18.316157 -13.118649 -1.294577
18.953451 -13.620373 -0.981094
18.570512 -14.235702 -0.500603
18.723463 -13.901273 -1.288579
18.948744 -13.596939 -2.071377
19.507865 -12.996757 -1.782743
19.980588 -12.857589 -2.499200
19.545567 -12.690566 -1.765030
20.288094 -12.342626 -1.475659
19.671923 -12.073913 -0.924052
20.071558 -12.534457 -1.544000
19.442969 -12.510454 -0.943630
19.165623 -12.852077 -0.193619
19.086538 -12.270670 -0.835379
18.425797 -11.705809 -0.813102
18.776878 -12.123333 -0.135932
19.209604 -12.839558 -0.372392
18.681688 -12.696908 0.303698
19.302913 -12.150323 0.036367
19.559467 -12.455893 -0.736258
19.516486 -12.981980 -0.045223
18.712703 -13.259800 0.136139
19.052793 -12.473947 -0.015246
19.427144 -12.546510 0.766251
18.756866 -12.064877 0.492574
19.345191 -11.549503 0.872583
19.926170 -11.015111 1.237319
19.934146 -10.708595 0.423606
19.962449 -11.573702 0.340343
19.115269 -11.768443 0.317872
19.702925 -11.478623 0.889543
19.343335 -12.231523 0.644635
19.784957 -12.661886 1.257742
19.419757 -12.238120 0.592013
20.070877 -11.816646 0.985137
19.257879 -11.626133 0.742481
19.600857 -12.380510 0.478991
20.082334 -11.664431 0.586486
19.754030 -10.937084 0.931923
19.323044 -11.578290 1.330984
18.545249 -11.963490 1.278070
18.137455 -12.601280 0.850202
18.609264 -13.139397 1.344134
18.219683 -12.369810 1.454152
18.362825 -13.019059 0.893681
18.447335 -12.214455 0.574912
17.656643 -12.576073 0.561441
17.013946 -12.193300 0.118079
16.474156 -11.972259 -0.526833
16.103116 -11.287710 -0.913957
16.074734 -12.146269 -0.778993
15.923354 -12.573304 -1.521197
15.380179 -12.465041 -0.850837
16.029783 -12.176459 -0.349958
16.248990 -11.719431 0.356595
16.464363 -12.393255 0.862282
16.778418 -12.935937 1.464785
17.582310 -13.244815 1.344388
17.902734 -13.087070 0.551551
17.543002 -13.577134 1.173303
17.636902 -13.094848 0.455858
18.032470 -12.381466 0.154598
17.437254 -11.747742 0.138588
17.937320 -12.168707 -0.434881
17.414182 -12.247147 0.255277
16.831264 -12.716783 0.697761
16.112221 -12.916828 0.251552
15.456737 -13.484383 0.185476
15.601328 -14.075118 0.806982
15.386884 -13.645008 0.082301
14.661732 -13.172462 0.165955
14.400022 -13.882129 -0.263024
15.053422 -13.494242 -0.685818
15.045570 -14.115574 -1.294118
15.127334 -14.799820 -1.824463
15.501579 -14.022754 -1.935157
16.352889 -13.944659 -1.776048
16.892937 -13.410924 -2.199863
16.329848 -13.371950 -1.538383
15.927290 -12.701509 -1.158120
15.358303 -12.051290 -1.256160
15.751430 -11.295772 -1.431627
15.134964 -11.898785 -1.319878
14.936177 -11.053671 -1.270791
15.464560 -10.554584 -1.748147
14.936336 -10.520572 -1.058244
15.183444 -10.180860 -0.296879
15.075112 -10.589648 0.462923
15.552843 -11.083543 -0.069977
15.747345 -10.276900 -0.330050
14.979873 -10.680260 -0.396613
14.580267 -10.146750 -0.955026
14.490484 -10.817555 -0.409038
13.626714 -10.876243 -0.327791
13.078750 -11.532177 -0.487888
13.352618 -10.906319 0.050110
13.758248 -10.580216 -0.646499
12.963386 -10.321154 -0.407281
13.362322 -10.778770 -1.029842
13.423013 -11.454583 -0.486024
13.586103 -12.152806 -0.977990
13.335257 -11.321146 -1.017512
13.700723 -12.013532 -1.395903
13.033121 -12.428631 -1.767578
13.345818 -11.617997 -1.802750
12.745473 -11.949243 -1.267955
13.612767 -11.946756 -1.330706
13.530478 -11.278731 -1.881265
13.711414 -11.325497 -1.032019
14.202135 -11.823910 -0.515375
14.644963 -11.081879 -0.418230
14.245502 -10.658738 -1.064393
13.942534 -9.843674 -1.069301
13.755733 -9.439810 -1.816390
14.427814 -9.910708 -1.528804
13.704413 -9.935657 -1.046921
14.567677 -9.894512 -0.950864
14.216381 -9.295450 -0.427547
14.760678 -9.698092 0.118130
15.253216 -9.843234 -0.583642
14.711423 -10.521054 -0.527388
15.284285 -10.027177 -0.956407
14.996410 -10.372696 -0.212170
14.819180 -10.516006 0.626993
14.030105 -10.276931 0.350682
13.643884 -9.770991 -0.241772
13.888055 -10.146377 0.503621
14.718452 -10.334243 0.326728
15.410079 -9.952489 -0.036671
15.516057 -9.612417 -0.829933
15.009929 -10.184870 -1.244993
14.614187 -10.947972 -1.376171
14.053316 -10.309343 -1.192538
14.523707 -10.494834 -0.485099
15.160668 -10.528097 -1.076130
14.398388 -10.931052 -0.963439
13.749465 -10.571386 -0.509916
13.647044 -10.774605 0.329343
13.999483 -11.539048 0.547418
13.868083 -11.965843 1.293557
13.907479 -12.053364 2.157810
13.654917 -11.377229 2.642780
13.063479 -11.749818 3.160006
13.566031 -11.085015 3.408244
13.927223 -10.487102 2.890380
13.578446 -9.715023 3.086317
13.177293 -9.154078 3.615997
13.425543 -8.436258 3.192617
13.032056 -9.137197 3.524273
12.518557 -9.178253 4.224828
12.074299 -9.414637 3.515672
12.443197 -9.720288 4.241369
12.230827 -9.027393 3.760807
12.030892 -9.462708 3.035086
11.479563 -9.846063 3.587551
11.246358 -9.369452 4.276465
10.645237 -9.958365 4.495504
10.377798 -9.323154 3.965290
11.196101 -9.043179 4.055497
10.626502 -9.642148 4.325565
10.082480 -10.277859 4.562323
10.286363 -11.029273 4.175086
10.935872 -10.796781 3.645719
10.346505 -11.069530 4.223991
9.913058 -11.690299 4.651675
10.008205 -12.396139 4.152795
9.671317 -11.994755 3.458863
9.520946 -12.706291 2.982157
10.069957 -13.043861 2.398396
10.804013 -13.396011 2.703838
10.246959 -12.776715 2.953452
10.431382 -13.619140 3.065041
10.349787 -14.448447 2.816572
10.455722 -14.121441 2.017830
9.961879 -13.412963 1.916236
9.212623 -13.801111 2.126236
8.592690 -13.600841 2.702185
8.823792 -12.907244 2.231377
8.772573 -12.418554 2.948804
9.153465 -11.752761 3.358420
8.812168 -10.985917 3.131239
9.522367 -10.851110 3.614548
8.961428 -11.511553 3.541710
9.226385 -12.113467 2.972817
9.238208 -12.752439 2.383140
8.996583 -12.025995 1.970781
9.643260 -12.607297 1.964309
9.530398 -12.985971 1.189705
9.547148 -12.371650 1.804907
10.330825 -12.389318 2.181312
10.695959 -12.931919 1.608245
11.501231 -12.950722 1.280637
11.689345 -13.243797 2.077421
12.312804 -13.050430 1.502920
11.578289 -12.601064 1.381676
11.964104 -13.187243 0.868174
11.567020 -13.550057 0.184922
12.184625 -14.102602 -0.078521
11.510799 -14.496274 0.305048
11.988490 -13.904919 0.727251
11.813390 -13.422802 1.429424
11.542218 -13.076733 0.679194
11.325441 -13.918809 0.671462
11.844840 -13.923259 -0.025925
11.979725 -13.090827 0.186222
12.786103 -13.181142 0.498855
12.181757 -13.769873 0.709343
12.313543 -13.875381 -0.143678
12.835773 -14.442877 -0.545384
12.579103 -14.999751 0.071183
12.325737 -15.830108 0.021602
11.584510 -16.018062 0.435607
11.422036 -15.346146 -0.091911
11.672473 -16.071081 0.317837
11.040376 -16.592805 0.027318
11.322793 -17.234534 0.541681
10.875077 -17.161386 -0.200170
10.586257 -16.909148 -0.980621
11.158232 -17.322897 -0.472881
10.741781 -18.013277 -0.147167
11.366493 -18.141327 0.444002
12.021331 -17.968818 -0.101499
12.415123 -18.714366 -0.314173
11.816774 -18.441539 -0.883109
12.314784 -19.126854 -1.079253
11.589626 -18.684450 -0.893325
12.261231 -18.653873 -0.341823
12.301950 -18.826163 -1.193175
12.528772 -18.110461 -1.631883
11.847364 -18.359681 -2.111170
12.140494 -17.751365 -2.659050
12.180002 -18.395586 -3.241770
12.743150 -17.986450 -2.720602
13.554857 -18.186375 -2.481216
13.979070 -18.736655 -1.958360
13.372378 -18.118002 -1.885301
14.024401 -17.595329 -1.644837
14.144049 -16.959803 -1.063514
13.994150 -17.805225 -1.201126
14.698284 -18.049323 -1.649183
14.116061 -17.971365 -1.008026
14.333042 -18.078380 -1.843257
14.885949 -18.163180 -2.509025
14.360046 -17.566472 -2.157586
14.566675 -17.868230 -2.946503
13.834522 -17.950597 -3.408360
14.382781 -17.288264 -3.278470
14.683077 -17.003935 -4.043403
14.975403 -16.421308 -3.467873
14.464768 -16.043976 -2.873721
15.168039 -16.549428 -2.951637
15.773037 -17.129423 -3.183427
15.092270 -17.229007 -3.715203
15.516157 -16.804481 -3.085725
15.088598 -16.630357 -3.822623
14.903574 -17.021954 -3.068593
14.404360 -17.647354 -3.408892
14.704914 -17.564545 -2.597133
14.734452 -18.216304 -2.022258
15.105720 -17.435669 -1.927855
15.100895 -16.681410 -2.360537
14.499851 -16.663930 -1.732377
13.657559 -16.534262 -1.559535
13.959768 -16.311442 -2.343859
14.274013 -15.975515 -3.081793
13.640140 -16.439223 -2.708531
13.518963 -16.372171 -1.850065
14.089903 -15.784770 -2.141835
13.806137 -15.461603 -2.897603
13.657543 -14.909106 -3.552438
13.355929 -15.609626 -3.134773
12.921137 -14.861580 -3.048017
12.481342 -14.319967 -2.529000
11.794103 -14.497921 -2.026826
12.379470 -13.878757 -1.853261
12.246860 -14.562339 -2.374100
12.586986 -15.089985 -1.772397
11.952801 -14.847183 -2.315535
11.918971 -14.792826 -3.182740
12.314111 -14.843288 -3.955697
12.888993 -14.192671 -3.907188
12.117017 -13.844421 -3.709908
11.775350 -13.073575 -3.922518
11.205120 -12.899373 -4.555477
11.951829 -12.996094 -4.990466
12.256510 -13.785258 -5.191793
12.785090 -14.300464 -4.732108
13.287761 -13.603592 -4.865658
13.862541 -14.145805 -4.502647
14.542595 -13.807812 -4.079055
14.305240 -14.614934 -3.859144
13.735528 -14.360347 -3.253539
14.342830 -13.833259 -2.922621
13.579511 -13.652160 -3.297710
13.568064 -14.518875 -3.228306
14.169576 -13.914819 -3.399895
14.850763 -14.444871 -3.294190
15.176763 -13.661723 -3.485363
15.802746 -13.272498 -3.946657
16.400823 -13.825083 -3.641539
16.497957 -13.596337 -4.474837
17.193457 -13.074488 -4.484582
17.309723 -13.846518 -4.101703
17.388602 -13.237912 -4.717757
17.152040 -14.048406 -4.925801
17.987649 -13.808775 -4.903929
18.502067 -13.572148 -4.243985
18.959626 -14.100132 -3.726283
18.425865 -13.542121 -3.326450
19.118910 -13.021609 -3.396443
19.239514 -12.637930 -2.625477
18.451479 -12.983890 -2.501155
19.267512 -13.266190 -2.398488
19.755847 -12.808323 -1.843483
19.227085 -13.264071 -2.361988
18.739992 -12.903668 -1.738294
18.713957 -12.387387 -2.437523
18.218194 -12.416845 -3.151311
18.879509 -12.882797 -2.832413
19.521225 -13.037776 -3.398385
19.350951 -13.554917 -2.720362
19.596511 -13.898597 -1.960278
18.804516 -14.257478 -1.950739
18.307779 -13.912107 -1.326147
17.705014 -13.469483 -1.769883
17.212203 -12.758608 -1.680791
16.644179 -12.112522 -1.554040
17.268870 -11.635397 -1.182210
18.109826 -11.744103 -1.374873
18.304292 -12.409502 -0.849923
17.858930 -13.118258 -0.614422
18.197807 -13.032723 -1.410657
18.965219 -13.139104 -1.805506
18.450606 -13.603170 -1.280187
18.523912 -12.881167 -0.801145
18.203060 -13.074297 -1.585937
17.448668 -12.770630 -1.893868
18.293663 -12.951181 -1.991477
18.111798 -13.794057 -2.103858
18.782371 -13.977969 -1.581697
19.264025 -14.568291 -2.000830
18.659253 -14.484603 -2.620016
19.232135 -14.082127 -3.135732
19.701210 -13.561496 -2.620897
19.912447 -13.719297 -1.792271
19.082444 -13.969357 -1.723648
18.647223 -13.625344 -2.393261
19.185086 -13.047417 -2.028779
19.004957 -13.856104 -1.764730
19.491078 -13.191070 -2.043226
18.990152 -13.095790 -1.338856
19.400395 -12.671620 -1.977545
18.873028 -12.293527 -1.398690
18.087460 -12.614113 -1.589088
18.748365 -13.143175 -1.390487
18.442896 -13.530416 -2.106642
17.900249 -12.950213 -2.460257
17.525497 -13.312372 -1.764163
17.349565 -12.503941 -1.496525
17.076574 -12.780574 -0.718648
16.659726 -12.210015 -0.211850
17.246028 -12.848003 -0.138608
16.408126 -12.871637 0.092708
16.791166 -12.338577 -0.477619
17.469715 -11.847335 -0.710850
17.393872 -11.334557 -0.012674
16.718128 -11.881323 0.010972
16.023932 -12.077179 0.496643
15.272239 -12.503223 0.594565
15.827564 -11.914457 0.276584
16.610650 -11.536808 0.293966
16.761343 -10.982659 0.946924
17.473989 -11.220990 0.509343
17.949656 -11.611457 -0.105003
18.382155 -12.344462 -0.283305
18.912656 -11.936002 -0.838168
18.939703 -11.806708 0.021306
18.840584 -12.242759 -0.724468
18.443772 -11.645604 -0.232442
18.384299 -11.873963 0.604492
18.109045 -12.137982 -0.176963
18.620159 -11.632314 0.312124
19.187221 -11.575539 0.968905
19.166444 -10.802549 1.366646
19.171284 -10.987577 2.216284
19.862143 -11.263537 1.766057
20.242237 -11.836833 1.234075
19.856371 -12.548573 0.916776
20.238721 -13.326211 0.989101
19.740177 -13.948839 1.335413
19.210461 -14.385440 0.801631
19.843583 -14.668429 1.326242
20.137066 -13.854827 1.236448
19.793265 -13.171590 1.650129
20.130897 -13.957481 1.493529
19.590703 -14.359530 2.043701
19.150283 -14.116729 1.334320
18.620433 -13.552117 1.730065
17.857252 -13.440733 1.328453
17.289449 -12.824929 1.561966
17.161758 -12.995758 2.404970
17.893575 -12.651347 2.085645
17.421737 -12.220362 2.675361
17.416024 -12.932611 3.174171
17.421614 -13.581262 2.595063
18.044917 -14.170102 2.739646
18.107905 -13.397455 3.133591
17.746919 -12.774283 2.646262
16.900488 -12.893000 2.806274
16.858402 -12.836176 3.672959
17.478418 -13.106687 3.126564
18.055230 -13.662780 2.788640
18.854964 -13.947691 2.600510
18.968494 -14.638864 3.115810
19.563063 -14.155900 2.704257
18.894639 -14.255055 3.251542
19.016350 -13.755323 3.952682
18.533206 -13.981238 3.265894
19.175563 -14.478379 3.576330
18.392104 -14.125068 3.708643
18.186783 -14.856467 4.131777
17.502987 -14.398411 3.851150
16.877757 -14.224192 3.272463
16.368533 -14.789676 2.851674
16.290921 -13.929701 2.954446
15.658203 -13.517841 2.522957
15.314078 -13.027862 3.153546
15.509592 -13.605066 3.773830
15.916543 -14.373397 3.788100
15.824947 -15.047678 4.329485
16.150065 -15.711765 4.787120
16.220300 -16.457330 4.345143
16.865249 -17.037944 4.289720
17.242377 -16.262129 4.399390
17.085288 -16.970995 3.920876
16.789661 -16.215735 3.607297
17.222523 -16.887382 3.950321
17.338093 -17.469597 3.314859
17.395643 -17.813626 2.518319
16.890373 -17.418538 1.931163
17.092077 -17.292462 2.767563
17.776236 -17.511630 2.277630
17.775023 -17.011400 2.988903
16.987709 -17.309843 3.206186
17.464530 -17.831628 2.699702
17.868546 -17.091044 2.910535
17.266810 -17.239118 2.300508
17.597811 -17.918942 1.871064
17.985345 -18.019336 1.099130
17.621989 -17.532558 0.476906
18.336004 -17.068908 0.299839
17.467143 -17.057461 0.266779
17.076317 -16.396340 -0.141041
16.415793 -16.829144 -0.505091
16.632723 -17.436544 0.078132
16.843543 -18.250466 0.300010
16.712929 -18.909156 -0.252450
17.333890 -18.348237 -0.488926
16.955050 -17.808119 -1.055403
16.278816 -18.006955 -1.564632
15.473998 -18.124651 -1.872138
16.257029 -17.931444 -2.197220
16.623664 -18.512439 -1.664146
15.937162 -17.981785 -1.607008
15.458103 -17.694083 -2.273247
14.927752 -17.538619 -2.944590
15.728902 -17.394554 -2.638734
15.609695 -17.970463 -3.279251
15.013217 -18.568651 -3.073029
14.588277 -18.285289 -2.369270
15.281463 -18.401095 -1.857192
15.410405 -18.557517 -2.702798
15.173261 -18.089675 -3.396362
15.882127 -17.589892 -3.458570
15.700179 -16.960792 -2.886493
14.868882 -16.932423 -3.140036
15.583145 -17.145762 -3.587760
16.144623 -16.982904 -2.944049
16.424302 -17.660509 -2.476314
16.476492 -16.805197 -2.624167
16.037893 -16.522112 -1.928726
15.734912 -17.144625 -1.402586
16.002867 -17.379492 -2.195796
16.068502 -16.653618 -2.670076
16.599577 -16.471274 -3.334043
16.308210 -16.650582 -2.534607
15.896775 -17.410737 -2.629618
16.010624 -16.959323 -1.895175
15.726122 -17.020667 -1.075761
16.205596 -16.931103 -1.795641
16.421578 -16.445752 -1.107215
16.241201 -17.010937 -0.471468
15.497872 -16.741049 -0.109851
15.680652 -17.281260 -0.766287
15.461163 -16.632268 -0.230770
14.746028 -17.037977 -0.513837
15.083490 -17.537243 0.113057
15.186253 -17.951897 -0.644337
14.840086 -18.629296 -0.223097
15.293413 -19.370987 -0.246156
15.215427 -18.552890 0.038064
15.651920 -19.211269 -0.325469
16.049303 -18.755250 0.299254
16.681295 -18.437323 -0.206366
16.577212 -18.650017 0.630337
16.978947 -18.213542 1.266137
16.784894 -18.841379 0.696658
16.710157 -18.227504 0.085336
16.362147 -17.465705 -0.148534
16.792782 -16.774708 0.156786
17.012425 -16.009623 0.506851
17.265883 -16.515323 -0.153580
16.781625 -16.617103 -0.868618
16.246963 -16.456480 -0.201924
16.322121 -16.796610 -0.998672
17.074983 -17.028347 -0.630377
16.514848 -16.815049 -0.000380
16.951671 -16.847355 -0.751569
16.496807 -17.161719 -1.422701
17.096450 -16.677069 -1.824803
17.876522 -16.928777 -2.115105
17.125297 -17.042797 -2.537957
17.089569 -16.646883 -1.764577
16.744983 -17.006636 -2.477305
16.177800 -16.517159 -2.918735
16.534676 -15.974026 -2.340989
17.045318 -15.435285 -2.793919
16.178790 -15.363227 -2.784904
16.698705 -14.938330 -2.232369
17.043440 -15.631097 -1.835660
17.468086 -16.311624 -2.171370
18.042425 -15.991834 -2.740590
17.217812 -15.745129 -2.616922
16.605380 -16.149030 -2.150086
15.991503 -15.559300 -1.972556
16.761102 -15.948488 -2.083879
16.228015 -15.635043 -2.695201
16.068932 -14.922294 -2.223157
16.222364 -14.769543 -3.065338
16.753843 -14.891649 -2.388017
17.494502 -15.082159 -1.974163
17.363510 -15.669053 -1.346040
16.706247 -15.106251 -1.259991
17.170718 -15.567968 -1.832030
17.767529 -16.149483 -2.080629
18.373947 -15.705037 -2.517514
18.961393 -15.272416 -2.044343
19.664677 -14.796068 -1.858257
19.158323 -14.090371 -1.899991
18.321463 -13.911288 -2.054058
19.057530 -13.790604 -1.607087
19.258148 -13.861090 -0.763922
19.540445 -13.166268 -1.204005
19.199466 -12.472211 -1.601700
18.607010 -11.933143 -1.940145
18.847921 -11.515227 -1.216645
18.520037 -10.738627 -1.430023
19.056093 -11.323209 -1.786468
19.735596 -11.777785 -1.490190
19.286263 -11.359510 -2.106056
18.587309 -11.451048 -2.615200
19.067700 -11.768277 -1.963483
19.780668 -12.112227 -1.603597
19.320235 -11.883961 -0.902142
18.886035 -12.170359 -1.598985
18.679325 -12.995977 -1.777231
19.333358 -12.757324 -2.298220
19.096548 -13.501891 -1.916534
18.672882 -13.998767 -2.490786
18.458203 -13.166747 -2.357374
18.368064 -13.567723 -3.123688
19.164683 -13.264675 -3.296033
18.895311 -14.077178 -3.142996
18.448509 -13.851030 -3.853888
18.021321 -14.143146 -4.552690
17.418333 -14.654306 -4.914995
17.184731 -14.039530 -4.346115
17.319117 -14.804512 -4.737123
17.550174 -15.612581 -4.514005
17.019039 -15.160593 -3.994634
17.311448 -14.704340 -3.314579
17.519103 -14.275823 -2.586983
17.003877 -14.963693 -2.719353
16.776879 -14.508933 -3.424910
17.373159 -14.133610 -2.915276
18.210210 -14.204545 -3.139904
18.935547 -13.950898 -3.546957
19.414079 -13.378623 -3.100134
19.159290 -14.151698 -3.406045
18.908943 -14.518688 -2.658524
18.772372 -14.187120 -1.866341
17.954743 -14.046162 -2.126643
18.738789 -14.416578 -2.191511
18.724306 -13.735366 -1.651247
18.490814 -13.096070 -1.110023
18.258650 -12.296794 -1.361820
18.964061 -12.241196 -0.856400
18.413155 -12.166019 -0.187823
18.964003 -11.579461 0.141810
18.785557 -11.073312 -0.542378
18.392253 -10.979663 -1.312239
18.535006 -11.208830 -2.138828
18.029730 -10.713885 -2.644663
17.543483 -10.064272 -2.332076
17.812662 -9.522166 -2.956421
18.569194 -9.940763 -3.049041
18.162453 -9.533316 -2.397357
17.387237 -9.728308 -2.055068
16.694391 -9.277919 -1.784406
15.862094 -9.166854 -2.010437
15.661969 -8.490977 -1.501238
15.277620 -7.838366 -1.074017
15.562275 -7.199596 -0.557211
14.893830 -7.449154 -0.060174
15.510223 -7.705046 0.497251
14.793134 -8.186245 0.395395
14.780220 -8.902277 0.888624
14.436652 -9.661084 1.138257
13.672525 -9.648885 1.553111
12.854777 -9.649230 1.848801
13.495799 -10.100905 1.473002
13.204870 -10.697523 0.911263
13.651557 -11.226072 1.437810
13.217802 -10.618683 1.883993
13.182637 -11.188445 2.539950
13.045038 -11.998978 2.823228
12.631940 -11.292030 2.530451
12.922851 -11.988875 2.099265
13.286637 -12.758229 2.277867
13.840218 -12.760986 2.948451
14.119167 -12.363354 3.669714
14.931640 -12.400577 3.362070
14.338972 -11.764640 3.383826
14.459398 -12.432452 2.840072
14.858028 -13.014834 2.332066
14.372723 -13.619719 2.725431
14.384069 -12.871032 2.283297
15.214523 -13.017450 2.071043
15.879681 -13.069317 1.513352
16.149642 -13.115040 0.688020
16.310793 -12.317883 0.380262
16.571910 -12.722263 1.104443
17.381252 -12.719493 1.422410
17.906791 -12.343164 0.840749
18.087581 -11.497688 0.933635
18.279615 -11.320003 0.104362
17.736232 -11.656223 0.694137
17.414734 -11.769883 1.494052
16.771446 -11.622987 0.927707
16.159018 -12.239583 0.897963
16.596116 -11.968593 1.599143
16.963296 -12.756353 1.571663
17.560585 -13.325157 1.296250
18.055160 -13.939967 1.661692
17.396997 -14.087302 1.112823
18.104750 -13.596347 1.231948
18.721054 -12.983814 1.265382
19.406483 -12.627257 0.866387
19.463094 -12.907040 0.045010
19.962580 -12.254572 0.329515
20.292283 -11.567781 0.748749
19.562237 -11.350981 1.168479
20.272117 -11.146888 0.709610
20.399705 -11.969216 0.961883
19.742072 -11.411695 0.848602
18.944516 -11.380138 0.503563
19.687116 -11.567338 0.091683
19.139917 -11.130316 0.607172
19.877030 -10.891503 1.001860
19.716272 -10.193938 1.495523
19.740491 -10.820066 2.098450
19.367617 -10.045368 2.228649
18.668167 -10.091622 1.714088
18.587165 -10.589603 2.422323
17.810221 -10.469883 2.050613
18.201438 -10.541259 2.823917
17.740170 -10.227357 2.156951
17.238739 -10.797017 2.581450
16.611210 -10.364310 2.999917
16.744390 -10.788837 2.252801
16.816577 -11.651725 2.332531
17.115058 -12.336906 1.888031
17.093890 -12.518813 2.738094
16.611645 -12.817909 3.396976
15.972668 -13.407420 3.378878
15.481181 -13.618884 4.064347
15.577397 -12.848346 4.455698
16.106014 -13.276657 3.914166
15.323033 -13.654558 3.930747
15.930756 -13.191586 3.515448
16.653923 -13.091959 3.042957
16.357976 -13.214444 2.234528
16.436469 -13.924808 1.739183
15.737557 -13.571230 1.361494
16.092189 -13.804602 0.602602
16.441754 -14.555478 0.867428
17.233355 -14.625797 0.514487
17.764810 -14.201852 1.056677
18.139688 -14.965954 1.234888
18.654697 -14.363974 1.593398
19.048703 -13.653444 1.903318
18.463315 -13.230926 2.388028
18.400706 -14.076667 2.195814
18.830870 -14.151407 2.947822
19.056506 -13.505770 2.410808
18.422593 -13.228090 1.884317
17.867583 -13.810367 1.554072
17.336625 -13.293410 1.099119
16.766833 -13.606680 1.676477
16.276162 -14.129043 1.184011
16.655827 -14.792726 0.769859
16.566640 -14.255218 0.092161
15.978060 -13.615344 0.108844
16.131766 -14.424865 -0.168994
15.274706 -14.540335 -0.078116
14.553914 -14.804185 -0.486753
14.917683 -14.117203 -0.876462
15.742704 -14.015734 -1.131777
15.751630 -14.724303 -1.635756
15.155109 -14.286694 -2.092706
14.669059 -14.245493 -2.812569
14.474462 -13.592079 -2.272823
14.649159 -14.214521 -1.691281
14.015756 -14.658383 -1.293876
13.718315 -14.111431 -1.900931
14.147797 -13.363964 -1.786990
14.768618 -13.505341 -1.194760
15.068711 -13.178960 -0.446720
14.656711 -13.725252 0.089903
15.357763 -14.145771 0.386269
15.525132 -13.605052 1.046385
16.153076 -13.275611 0.543097
15.408099 -12.866322 0.726498
15.698323 -13.296412 1.424306
15.264891 -12.807137 0.850816
14.674377 -12.405058 1.346566
15.119897 -13.143286 1.233984
15.546620 -12.445625 0.938484
14.686327 -12.567469 0.973040
15.333348 -12.827359 1.492622
15.037791 -13.388783 2.087259
15.649361 -13.954281 1.837582
15.993840 -13.892733 2.633628
15.774751 -14.003553 1.799443
16.296291 -13.329204 1.970891
16.533648 -13.989469 1.457221
17.105374 -14.375863 1.986344
16.471162 -14.963889 2.076596
16.099634 -15.586209 1.596149
16.063203 -15.945743 0.805230
16.131360 -16.154230 -0.036216
16.662380 -16.163543 -0.724746
16.466182 -16.321917 -1.556953
16.442453 -17.164268 -1.771487
16.918163 -16.484085 -2.030708
16.893137 -17.266643 -2.409023
16.188119 -16.969240 -2.822115
16.027625 -17.010105 -1.968467
16.332897 -17.737507 -2.334309
17.005163 -17.332640 -1.959763
16.161887 -17.496014 -2.095183
16.706366 -16.902937 -1.766633
16.348369 -17.462198 -2.328067
16.931904 -17.560440 -1.690903
16.362612 -17.754924 -2.318777
16.734313 -17.239267 -1.725414
17.290121 -17.070341 -1.078355
17.602329 -17.878720 -1.150422
16.972970 -17.744606 -0.565558
17.116691 -16.972833 -0.191587
16.544265 -17.215267 -0.799615
16.154823 -17.867030 -0.375723
16.314344 -17.643608 0.449371
16.694084 -18.134989 -0.159305
16.654316 -17.320185 0.141790
16.507700 -16.475010 0.284358
16.559559 -15.788550 -0.246892
16.256837 -15.152177 -0.756335
16.641603 -15.824815 -1.150868
16.344863 -15.359946 -0.478570
16.965779 -15.889237 -0.177808
17.638877 -16.401919 0.022788
17.592032 -16.518950 -0.837591
17.974864 -15.845708 -0.442208
18.087647 -16.352158 -1.140013
17.745298 -16.638701 -0.393800
17.626828 -17.441263 -0.080747
18.075826 -16.825092 -0.498931
18.606295 -16.311345 -0.958073
18.772930 -15.526439 -1.293183
19.602642 -15.391375 -1.070740
18.984838 -15.606478 -0.497858
19.435749 -15.228766 -1.138294
19.049444 -14.734730 -1.740656
18.885547 -15.322100 -2.360557
18.044305 -15.103262 -2.384344
17.838064 -15.540363 -3.107221
17.232537 -16.033733 -3.489409
16.593935 -15.624031 -3.064585
16.965630 -16.203059 -3.596293
16.913330 -15.391407 -3.288674
16.542548 -15.798356 -3.961770
16.617345 -16.648150 -3.793253
15.876739 -16.332436 -3.464664
15.283956 -15.962402 -3.982183
14.667228 -15.550448 -4.436149
14.054909 -16.100417 -4.716759
14.727422 -15.601917 -4.952063
14.408492 -15.838861 -5.725552
14.130403 -16.297299 -5.040976
13.400672 -16.764428 -5.114645
12.724847 -17.015065 -4.628246
13.433348 -17.378495 -4.278835
13.657341 -16.551016 -4.424604
14.502721 -16.643938 -4.243383
13.666700 -16.537661 -4.029098
14.127290 -16.360991 -4.745191
14.737323 -15.878012 -4.356946
14.850197 -16.310721 -3.611180
14.432159 -17.034916 -3.372583
14.858476 -17.669125 -2.957641
15.540707 -17.531763 -3.479019
15.322158 -17.181905 -2.713526
15.918129 -16.685410 -2.320517
16.705503 -16.588378 -1.964472
17.147454 -16.166950 -1.345423
17.457015 -16.202008 -0.533581
17.326730 -15.370102 -0.750610
17.143404 -15.973175 -0.151579
17.168842 -15.129408 -0.360275
16.580249 -14.537993 -0.115470
16.870820 -13.896343 -0.625368
16.117806 -13.759040 -1.037997
16.457551 -12.992910 -1.269860
15.660403 -13.095844 -0.938044
15.886201 -12.288757 -0.706161
15.569743 -11.571423 -0.330090
14.972946 -11.332310 -0.915583
14.591105 -11.034280 -0.193420
14.623177 -10.400528 -0.787955
13.970340 -9.846963 -0.634610
13.319493 -9.336823 -0.365725
12.732417 -9.694941 -0.897926
13.249533 -9.005397 -0.782758
12.819287 -8.412157 -0.314677
12.452455 -7.925239 -0.934749
12.405207 -8.148358 -0.095625
11.567510 -7.943438 0.015798
12.267320 -7.679080 -0.427512
11.656966 -8.298245 -0.411817
11.206807 -8.804153 0.133672
10.380230 -8.788100 -0.135873
10.995117 -9.316712 0.178172
10.498231 -8.850774 -0.362336
10.433400 -9.620527 0.036939
9.896189 -8.948003 -0.086594
10.040057 -9.149113 0.747073
9.568446 -8.576081 0.293904
8.893164 -9.104168 0.439720
9.133315 -9.004643 -0.390079
9.757494 -8.952630 0.213111
10.004102 -9.476125 -0.435950
9.461259 -8.962070 -0.880037
8.881396 -9.480259 -0.490957
9.326731 -9.070717 0.133621
8.857003 -9.236612 0.846347
9.132217 -9.625548 0.118934
8.514706 -10.155094 0.426189
8.213112 -10.937803 0.655425
8.639594 -11.109183 -0.082739
7.834410 -11.431830 -0.143747
8.541475 -11.651144 0.312437
8.303849 -10.843835 0.531363
8.190685 -11.501329 1.089073
8.842076 -10.976588 0.851417
9.252177 -11.229390 0.127503
9.349829 -11.737915 0.826081
8.707183 -12.173464 0.434358
8.157336 -12.716126 0.833519
7.967821 -13.417439 1.311418
8.500239 -13.136755 1.939025
9.171205 -13.174290 2.490877
8.558118 -13.654110 2.103527
8.671411 -12.814977 1.905631
8.822607 -12.362562 1.178580
9.445344 -12.767096 1.631010
9.680482 -13.593418 1.496676
8.999206 -13.322840 1.028919
8.406540 -13.959022 1.041710
8.763638 -13.340702 1.538002
8.324785 -13.778529 2.147804
8.299608 -13.290325 1.428661
8.776879 -13.918497 1.062935
8.220691 -14.404517 1.521828
8.656097 -13.680739 1.728493
9.474462 -13.732117 1.439039
9.013919 -14.409213 1.731590
8.458239 -13.810981 1.432454
9.170145 -14.237620 1.173008
8.720897 -14.272092 1.916736
8.247719 -13.573613 1.706088
8.853946 -13.030554 1.399952
9.546448 -13.238840 1.882862
8.822276 -12.899343 2.224123
8.023864 -12.800198 1.894195
8.447684 -12.251408 2.418931
8.560303 -13.101213 2.564852
9.106477 -13.762751 2.706991
9.357594 -14.436786 2.218359
9.270600 -13.941541 1.508917
9.233627 -14.491471 0.836345
8.794323 -13.758502 0.997313
9.203782 -13.052464 1.297310
8.609807 -12.611417 1.754273
9.214770 -12.820954 1.165836
8.560977 -13.185138 1.608632
7.960310 -13.737560 1.908918
8.503250 -13.329770 2.452117
7.959098 -12.651570 2.442675
8.515298 -13.179617 2.032857
8.433705 -13.988883 2.340385
8.200369 -13.458809 2.989013
8.316177 -12.797017 2.436960
8.898805 -12.909753 3.072553
9.471611 -12.260127 2.994944
10.015499 -11.992431 3.618378
9.274366 -12.264520 3.982842
9.188830 -12.259818 3.117507
9.844119 -12.362064 2.555114
10.530945 -11.837382 2.459608
11.233507 -12.225285 2.124822
11.717555 -12.722419 2.648940
11.184663 -13.242919 3.097547
11.812430 -12.780087 3.482044
12.025197 -13.325611 2.839178
11.865762 -14.115166 3.166785
12.465293 -13.530900 2.931544
13.112921 -14.030523 3.226669
13.090683 -14.297990 2.399559
12.226959 -14.328517 2.303687
11.706592 -14.793054 2.822885
11.096827 -14.247252 3.116877
11.746403 -14.775975 2.883110
12.273377 -15.162616 2.309567
12.736604 -15.681049 1.787272
13.126992 -15.593913 2.559379
13.884238 -15.848850 2.216263
14.467806 -15.278086 2.515964
14.627668 -14.672063 1.913201
15.395581 -14.493137 1.546542
15.770420 -13.732958 1.740880
15.642623 -13.135589 2.359718
15.391790 -13.824070 1.891510
15.360745 -13.164054 2.456804
15.286763 -12.993939 3.306352
15.630627 -12.991197 2.507670
15.276276 -12.251236 2.219508
14.813060 -12.983086 2.296779
15.425600 -13.503288 1.964622
15.686497 -13.488831 1.135243
15.058014 -13.697024 1.698990
14.947184 -12.867270 1.934294
14.352130 -12.655663 2.532019
14.819770 -13.352728 2.304960
