9.619048 -16.999972 8.000000
8.687070 -16.848096 7.875979
8.044912 -17.550929 7.902250
8.010689 -18.463220 8.173510
7.814922 -19.240867 7.659730
8.186926 -19.915468 7.099769
7.441970 -20.508781 7.092851
7.804449 -20.872348 7.895010
7.666257 -19.932080 7.956880
7.545960 -19.094799 8.394510
6.912690 -19.801131 8.310289
6.253025 -19.652562 8.980959
6.908972 -20.196485 8.555624
6.282079 -20.743145 8.091731
6.515782 -21.656541 7.957119
7.296248 -21.426419 8.452040
6.812214 -20.820440 7.899293
6.051347 -20.255946 7.802044
6.251262 -20.721994 8.608185
7.044509 -20.196216 8.571470
7.551708 -19.413021 8.762214
7.928124 -20.100173 9.303658
7.767735 -20.651628 8.543919
6.837820 -20.802062 8.403717
6.269868 -21.556153 8.529441
7.050223 -21.250433 8.981781
7.084310 -20.298707 8.990932
7.895366 -19.800793 8.954850
7.220570 -19.346815 8.459287
7.811130 -18.992902 9.117324
8.585490 -19.095038 8.572380
8.151897 -18.374461 9.019365
8.848708 -18.012358 8.480509
8.530997 -18.454651 7.699185
8.802449 -17.685359 8.190645
8.894518 -18.441632 7.619153
8.810129 -19.230886 8.145450
8.179553 -19.713896 8.670906
7.985327 -19.561413 7.751093
7.592879 -19.277402 6.931124
6.782103 -19.015906 6.505340
6.693299 -18.067691 6.499655
6.787109 -18.985912 6.734386
6.237103 -18.211831 6.807336
6.326502 -17.781664 7.652318
5.940580 -17.196661 7.007442
6.385230 -16.633124 7.633335
5.906906 -16.082793 7.020659
6.688003 -16.523441 7.341199
5.750543 -16.582325 7.498464
5.824800 -16.010846 8.256703
5.907300 -16.611770 7.522460
6.116330 -15.831640 8.027171
5.756484 -15.656512 8.891388
5.714127 -14.840848 9.381211
5.250801 -14.200104 9.912065
4.616403 -13.841269 9.299034
4.959490 -14.656936 8.946887
4.892456 -15.538238 9.301630
4.692282 -16.405520 8.962835
4.369334 -15.547284 9.220061
4.116690 -16.067907 9.976468
4.822819 -16.058949 10.615476
4.693002 -16.862142 10.120443
5.218212 -17.340320 10.754895
4.892612 -16.468225 10.956052
4.904010 -16.348596 10.011283
5.682528 -16.796886 10.327473
6.522050 -16.379062 10.493770
5.870473 -16.135180 11.144153
6.153637 -15.226696 11.105364
6.707698 -15.470878 10.370230
6.725524 -14.948790 11.166556
6.264744 -14.134229 10.989915
5.637436 -13.741670 11.589426
6.256448 -14.464262 11.630865
7.070300 -14.940271 11.496374
6.549238 -14.439998 10.875689
6.307217 -13.527955 11.004657
7.219094 -13.672162 11.238568
6.323385 -13.860742 10.975562
6.656390 -14.492418 11.605738
6.608527 -13.815949 10.937062
7.196523 -13.545511 11.635742
6.613740 -12.968336 11.151735
5.678480 -13.147845 11.141990
5.857553 -12.233904 10.942806
5.115070 -11.841443 10.493671
4.677490 -11.696534 9.660272
4.933860 -12.277747 10.369846
5.479150 -12.819375 9.807417
5.312819 -12.387088 10.639577
6.092637 -12.188077 11.148800
6.444373 -11.928919 10.302545
5.630387 -12.239415 10.687313
5.871266 -11.446451 10.218043
5.127479 -11.121869 10.716497
4.765270 -11.430302 9.891450
5.055861 -12.022102 9.204165
5.699321 -11.323885 9.278203
4.964821 -11.461978 9.868515
4.156178 -11.031319 9.608402
4.159776 -11.734117 8.965679
4.965720 -12.234938 8.884052
4.817811 -13.174154 8.939061
3.883762 -12.998976 8.876658
3.257297 -13.645434 8.565750
3.491690 -13.727178 7.646290
2.893821 -14.103800 8.284834
3.758945 -14.494463 8.207546
3.415331 -13.666542 7.885822
4.038134 -13.011429 8.185775
4.682429 -13.331659 7.561784
5.526786 -13.574864 7.929129
6.359621 -13.662807 8.382650
7.197265 -13.713964 8.832944
7.635227 -14.391965 8.327440
8.154526 -14.862700 8.972239
7.358574 -14.756210 8.460233
8.017179 -14.246086 8.921799
8.731379 -14.847011 8.732496
8.742727 -14.930771 7.783873
8.506150 -14.219852 7.195950
8.649440 -14.160132 8.135594
7.992002 -13.624050 8.568515
7.219424 -13.434585 9.092209
7.545311 -12.589014 9.385189
6.708752 -12.159553 9.536059
6.548526 -13.096613 9.478842
6.163865 -13.674322 8.826677
5.744730 -14.248777 9.460204
5.651117 -13.423252 8.994612
4.745217 -13.612861 8.770064
4.626099 -12.951743 9.445167
4.795760 -13.763641 8.977123
4.337126 -13.712863 9.810252
4.000622 -14.532395 9.460736
3.341954 -14.774678 10.104542
3.975800 -14.624173 10.799248
3.909169 -15.206187 11.550148
3.536980 -15.017576 10.694033
2.783952 -14.669882 10.225966
3.321418 -15.228945 9.673149
2.863995 -15.915840 10.148510
2.715674 -15.074062 10.568557
3.491955 -14.554896 10.381782
2.953912 -15.241193 9.998983
3.215068 -16.152706 9.909694
2.868346 -15.686222 10.664151
2.162139 -15.899118 10.061676
1.338117 -16.047555 9.607822
0.737907 -16.125847 10.343110
1.332141 -15.701441 10.954497
0.701346 -15.094781 11.330117
0.086410 -14.602450 11.865370
0.403678 -14.349968 12.727126
-0.136996 -13.914534 13.379121
0.776991 -13.886372 13.112923
0.009521 -13.484811 13.508861
0.013464 -14.294819 14.009763
-0.229182 -15.213362 13.943198
0.176260 -15.935314 13.472632
0.996839 -16.415622 13.418011
0.516264 -17.227437 13.287500
-0.045595 -17.715860 13.881458
-0.682818 -17.808133 13.179701
-1.237084 -18.364632 13.718336
-0.640658 -18.703613 13.057732
-1.145150 -17.896344 13.028887
-1.451296 -17.176110 12.486146
-1.716594 -16.340831 12.113377
-1.430130 -16.746182 12.926187
-1.246234 -16.633070 13.853773
-1.892946 -15.958697 13.669340
-0.952411 -16.087167 13.592408
-1.169165 -15.165030 13.690952
-0.620525 -14.437313 13.414455
-0.630715 -13.929211 12.609000
-0.949843 -14.635196 13.162870
-0.413727 -15.421514 13.126638
0.260590 -16.063812 13.326088
0.599023 -15.520467 14.031261
-0.248800 -15.795737 14.366598
-0.058563 -16.558531 14.904171
0.541048 -16.785273 14.199839
0.849891 -16.102645 13.611908
0.817657 -15.172755 13.408692
-0.117077 -14.991830 13.432522
0.453301 -14.632335 14.105174
1.105244 -14.957057 14.718815
1.821195 -14.329083 14.709295
2.610144 -14.348325 14.176173
1.957842 -14.887458 13.739290
2.518841 -14.397426 14.332736
3.243424 -15.014647 14.365106
3.033680 -15.923226 14.171403
3.708417 -15.718570 14.811617
4.405872 -15.326744 14.294841
3.565515 -14.955450 14.545779
3.045573 -14.173046 14.389144
2.996005 -13.459139 13.760726
2.198633 -12.960771 13.609537
1.683431 -13.572943 14.126105
1.030632 -14.237003 14.325875
0.442327 -13.672161 13.834064
1.251094 -14.093693 13.559775
0.940152 -13.222172 13.785155
0.616357 -12.609735 13.131621
1.289635 -12.492620 12.468288
0.723000 -13.059070 12.983155
1.205664 -12.420948 13.499746
0.367125 -12.870946 13.536947
0.365640 -12.836557 12.585189
0.972367 -12.250901 13.027815
1.606516 -12.407395 12.334710
1.551795 -13.257305 12.760961
1.353325 -12.692500 13.501660
1.850390 -12.047929 13.007208
1.123544 -12.494758 13.430373
0.758714 -12.248276 12.585876
0.866543 -12.432910 11.657807
1.718890 -12.063033 11.448700
0.849271 -11.892731 11.099714
1.294975 -12.476632 11.705881
0.613984 -12.420147 11.042488
0.130257 -12.501630 10.226156
0.283208 -12.299064 11.144090
-0.613162 -12.119379 11.411046
0.057362 -11.547812 11.772623
-0.422872 -12.022461 11.100973
-0.102355 -11.125998 11.075431
0.263056 -11.713249 10.420725
0.265851 -12.506073 9.893041
0.013910 -11.590039 9.959639
0.593909 -12.150539 10.466068
1.364787 -11.644048 10.228912
1.403125 -10.848417 9.706868
1.089809 -11.572217 10.240699
1.270401 -12.451506 9.922474
1.475021 -11.756972 9.303780
2.092700 -11.032462 9.328003
2.429377 -10.608197 10.111379
3.277914 -10.312512 10.426949
3.765967 -10.963554 10.921901
3.844375 -11.552731 11.666047
3.650554 -11.439355 10.740514
4.280827 -11.908410 11.278820
3.553965 -11.322285 11.091316
3.674130 -12.041357 10.478515
4.212722 -12.374604 11.189778
3.634586 -11.836967 11.722444
2.911247 -11.301390 12.033840
3.144997 -11.651242 11.179444
3.684776 -11.277820 10.489354
4.294030 -10.924667 11.130542
3.561291 -11.389028 11.523596
3.775378 -11.665006 12.409616
4.098190 -12.557930 12.335403
4.766087 -12.144967 11.796510
4.097897 -12.819631 11.869859
3.688459 -13.679077 11.897110
3.962387 -14.340962 12.524725
3.535769 -14.298690 13.375160
4.014374 -13.606757 12.928848
4.680524 -13.441889 12.268475
4.493462 -13.902864 11.456354
3.690518 -14.303497 11.775423
2.740470 -14.358964 11.812317
1.822335 -14.119420 11.730610
1.982202 -13.644485 12.540493
1.083422 -13.913084 12.705050
0.568470 -14.604983 12.301155
0.837653 -15.467816 12.001008
1.346270 -15.333483 12.794918
1.592203 -14.673452 13.435937
2.290793 -15.319638 13.397921
1.480305 -15.696250 13.068828
2.228192 -15.133416 13.244650
1.515944 -14.994630 13.861472
2.339305 -14.731783 14.261496
2.099788 -13.955792 13.764003
1.661122 -13.614395 12.990666
2.199038 -13.117125 13.599270
3.108011 -12.833441 13.581378
3.826882 -13.387190 13.870545
3.738841 -13.653167 12.960306
4.403340 -13.501969 13.625595
5.151987 -13.200086 13.120199
5.380253 -12.563190 12.449911
5.564150 -12.514379 11.516729
4.917507 -12.882150 10.922064
4.123696 -12.541022 10.521408
3.348465 -12.213151 10.966993
2.923885 -12.380166 11.802975
3.497942 -12.461238 11.047387
4.137756 -13.134150 10.835592
4.695808 -13.110395 10.064202
4.181627 -12.651726 9.406730
3.718263 -12.056165 9.987790
3.123617 -12.680258 10.392677
3.845974 -12.541189 9.787790
4.426957 -12.096250 10.397313
4.350905 -12.783535 9.742421
3.914821 -12.159914 10.315096
3.472819 -12.491811 9.539527
3.867374 -13.354310 9.453203
3.325174 -12.576472 9.542744
3.807257 -11.790851 9.782379
4.546690 -11.369904 10.210250
4.281729 -11.721939 9.365918
5.093959 -11.228995 9.431624
5.708912 -10.971139 8.751645
5.192050 -11.524799 8.174288
5.741675 -10.943318 7.657741
5.410777 -11.835144 7.611027
5.390691 -11.151422 8.273711
4.893914 -11.804847 8.756700
5.034264 -12.746568 8.778931
5.466496 -11.979972 9.142987
4.786451 -11.320105 9.238608
4.759876 -12.037524 8.612801
3.954288 -11.546045 8.484328
4.537825 -12.027515 9.062861
3.832226 -11.804248 8.463435
4.418322 -11.760857 9.212860
4.264839 -11.042112 8.607156
3.952721 -10.211573 8.953304
3.840029 -10.944374 9.551077
3.225575 -10.331907 9.158192
2.626350 -10.301977 9.897830
2.372570 -10.868095 10.620419
1.707625 -10.758130 9.947526
1.021664 -11.141227 9.409267
0.420731 -10.846865 10.086954
0.343877 -10.124442 9.471139
0.665129 -10.883545 9.948203
1.052928 -11.314112 10.704015
0.386736 -10.911408 11.252693
-0.484903 -11.285670 11.167831
0.157920 -10.753532 10.708881
0.930411 -10.894558 10.169995
1.104794 -10.158890 9.590847
1.473006 -10.747377 8.938827
2.258350 -11.285580 8.963346
1.693256 -12.016898 8.733408
1.788493 -12.603145 9.477903
1.465693 -13.358343 9.960091
2.076163 -14.089270 9.950022
2.167452 -13.628390 10.778445
1.718076 -14.202102 11.391589
1.398480 -14.902106 10.830446
1.885930 -15.528965 10.304641
2.272371 -15.554945 9.434573
1.725976 -16.064749 8.844165
1.251760 -16.033660 9.669502
0.738010 -16.246188 10.442757
1.231402 -15.535204 10.045143
0.861969 -14.869496 9.472970
0.352398 -14.216770 9.002530
-0.189028 -14.936615 9.311901
-0.823006 -14.716832 9.987768
-1.596148 -15.096064 9.580994
-2.270299 -15.652830 9.203424
-1.577051 -15.803984 9.838710
-0.806912 -15.244619 9.870752
-0.464142 -14.942906 10.706520
-0.244288 -15.268511 9.838952
-0.668359 -14.687417 10.463069
-1.026429 -15.466321 10.048190
-1.351450 -15.546270 9.156563
-0.830675 -15.974282 8.483786
-1.727767 -16.265122 8.350862
-1.514281 -16.584704 7.479471
-0.803657 -16.554866 6.846106
-1.380625 -17.306875 6.753266
-0.868994 -17.613699 6.010888
-0.155802 -17.542836 6.638075
0.397680 -18.129995 6.132180
0.436733 -18.751984 6.852343
-0.474207 -19.029171 6.871974
-0.084208 -19.000554 6.003579
-0.527042 -19.298872 5.214951
0.196308 -18.691327 5.093779
-0.504336 -18.048155 5.044209
-0.511125 -17.802186 4.124164
-0.290459 -18.094146 5.003422
0.229565 -17.828527 5.755787
0.119555 -17.232360 6.490302
-0.050219 -16.362248 6.142292
0.424345 -16.873467 5.493853
0.995703 -17.384288 6.059222
1.112467 -18.130362 5.478904
0.584230 -17.782648 4.766802
0.938147 -18.138804 3.957528
1.134168 -18.984014 4.350243
0.369398 -19.031322 3.784630
-0.135179 -19.668230 3.287859
0.467812 -18.933684 3.225618
1.036590 -19.356351 2.589320
1.544769 -20.043481 3.009601
1.680892 -19.673391 3.876511
1.005803 -19.194780 4.347909
0.528784 -19.504945 5.111636
-0.090963 -20.184549 5.358788
-0.549265 -21.017608 5.304006
-1.121421 -21.334111 5.996459
-0.190768 -21.170913 5.876963
-0.058914 -21.697390 6.659565
0.499712 -21.111882 7.161708
-0.220313 -20.908449 6.572464
0.126019 -20.410775 7.306907
0.766712 -21.067603 7.562091
0.740639 -20.381375 6.902211
0.247862 -20.899097 7.531627
0.613419 -21.140713 8.377214
0.722681 -20.273667 8.755792
1.605072 -19.935050 8.873069
1.198570 -20.733781 9.195269
1.428988 -19.814280 9.287218
1.344718 -20.721149 9.008800
0.954012 -21.133820 9.773051
0.265768 -20.901968 10.389164
1.056014 -21.412730 10.536343
0.941010 -20.472233 10.632614
0.223153 -21.060061 10.417741
-0.008270 -21.961067 10.621854
-0.905355 -21.681713 10.777515
-0.175051 -21.097959 10.958946
-0.376727 -20.588236 10.180140
-0.984192 -20.823526 10.874872
-0.437210 -20.215289 11.362610
-1.370138 -20.170300 11.176458
-1.966576 -20.869017 10.925289
-2.593833 -21.584106 10.878112
-1.842487 -21.208211 11.326677
-1.987916 -20.383070 11.779470
-1.880078 -21.027818 12.472073
-0.998285 -20.708403 12.637731
-0.512043 -20.126630 12.061417
-1.222811 -19.581790 12.385436
-0.730748 -20.062343 11.726671
-0.439117 -19.242357 12.113459
-0.336619 -18.539010 11.479561
-1.210914 -18.591784 11.105590
-1.928864 -19.217515 11.099491
-1.049150 -19.176570 10.736923
-1.569587 -19.575428 10.046208
-2.250592 -19.073682 10.483829
-2.805875 -18.869103 11.230044
-2.738244 -18.494626 10.356990
-2.896991 -18.394990 11.290748
-2.017034 -18.152321 11.562441
-1.443248 -18.186520 10.803081
-0.688854 -18.724989 11.022105
-0.807755 -18.348107 11.888623
-1.356438 -17.572958 11.817067
-1.025873 -17.586956 10.924004
-0.318740 -17.608701 10.286415
0.332273 -17.608965 9.591282
-0.053996 -17.824487 10.434712
0.497060 -17.886822 9.660451
0.460345 -18.812240 9.438451
0.167656 -18.779041 8.532769
0.327791 -17.881000 8.259075
-0.436423 -18.123526 8.773067
0.007961 -17.696812 9.499336
-0.606836 -16.976256 9.598592
-0.764833 -17.356870 10.457195
-0.539787 -16.580072 10.960156
-0.200018 -16.161142 10.175246
-0.762925 -16.467615 10.879689
-0.902651 -15.705119 11.432958
0.039165 -15.583457 11.505138
0.590825 -16.036509 10.874706
-0.329892 -16.268619 10.800991
-0.372469 -16.937016 10.123893
-1.020303 -16.387166 10.554017
-1.372508 -17.032553 9.948661
-2.012990 -17.293028 9.293708
-2.578749 -17.280344 8.527687
-3.027958 -17.769805 9.210086
-3.092861 -16.822239 9.280343
-2.417102 -17.172446 8.707862
-3.307121 -16.859959 8.576535
-2.525513 -17.113566 8.095076
-2.284334 -16.367068 7.555073
-2.084854 -16.592948 8.458520
-2.678330 -17.249667 8.107044
-2.042604 -17.164215 7.403070
-2.028915 -16.967246 6.471380
-2.792094 -16.397726 6.456033
-3.100419 -17.265847 6.214514
-2.488920 -17.951357 5.963169
-1.964986 -18.591703 5.491490
-2.612164 -19.070210 6.000629
-2.306369 -18.237195 6.346468
-1.766010 -18.664523 7.004064
-1.776679 -17.757025 7.292791
-1.084143 -17.917367 7.926600
-1.185266 -18.526427 8.651755
-1.554790 -19.152420 8.036439
-0.809278 -18.978817 7.469778
-0.316556 -19.233261 8.244061
-0.634850 -18.744430 8.996898
-0.085070 -19.443024 8.655226
-0.448960 -19.408000 9.534650
0.198062 -18.799683 9.190642
-0.373082 -18.085108 9.455607
-0.445420 -18.871319 8.923002
-0.670750 -18.271556 8.218346
-1.052058 -18.754949 8.944958
-0.643949 -18.255259 9.645520
-1.316484 -17.673088 9.985817
-0.761752 -17.497332 10.739749
-1.630872 -17.792172 10.994170
-1.838029 -17.780394 10.064666
-1.190913 -17.296954 9.560130
-1.760117 -18.050980 9.680466
-1.553659 -17.454957 8.966910
-1.094796 -16.956540 8.297542
-0.430607 -17.545657 7.952836
-1.282990 -17.800812 7.613180
-0.899478 -18.672446 7.627428
-0.730513 -19.046356 6.767968
-1.204150 -18.337179 6.343980
-1.336941 -19.144972 6.830668
-0.943605 -18.279771 6.891852
-0.603485 -17.466550 7.252434
-1.366896 -17.654275 7.790014
-1.885070 -18.276391 8.291508
-2.537501 -17.952191 8.904906
-2.927512 -18.537823 9.546744
-2.448961 -18.010446 8.914374
-1.829650 -17.453018 9.375630
-2.183188 -18.203273 9.843773
-2.317460 -18.722468 9.056730
-3.065869 -18.761316 9.644442
-3.438121 -19.319333 10.320515
-2.968206 -19.154065 11.132239
-2.779141 -18.407504 11.692534
-1.922952 -18.054351 11.914465
-1.023452 -18.238069 12.167797
-1.786560 -17.807332 11.794753
-2.304615 -17.999754 11.019110
-1.670909 -17.568911 10.453584
-2.156315 -17.116959 9.770100
-2.984735 -17.564129 9.914287
-3.435792 -17.376300 10.731781
-2.808006 -17.363270 11.447842
-3.314403 -18.031840 11.899070
-2.729454 -18.783051 11.922458
-2.661813 -18.848907 12.870149
-2.343589 -19.047804 11.994819
-1.942467 -19.715646 12.542650
-1.124725 -20.191598 12.651263
-0.791447 -20.611620 13.438370
-0.670842 -19.703894 13.700127
-1.235075 -20.104835 13.045973
-0.984911 -19.505888 13.742903
-0.751473 -19.518342 12.819658
-0.056834 -18.872347 12.734830
0.250150 -18.208361 13.344677
-0.400319 -18.567316 12.748798
-0.986262 -19.253482 12.444044
-1.784501 -19.772699 12.460128
-2.609684 -19.300992 12.400163
-2.452792 -20.188114 12.091248
-1.867689 -20.893177 11.831306
-1.144507 -21.318862 12.281673
-0.662996 -21.928407 11.730646
0.120216 -21.473505 12.025047
0.703116 -22.157462 11.709674
0.710602 -21.530462 12.426503
1.557440 -21.190184 12.154279
2.449129 -21.428226 12.389347
3.228067 -21.081959 12.814062
3.957660 -20.712879 13.302430
3.099110 -20.821670 13.700031
3.692351 -21.498184 13.387905
2.954064 -21.265982 12.832887
3.838181 -21.613570 12.900341
4.495746 -21.127205 12.412400
4.078192 -21.079760 11.557750
4.664209 -20.430955 11.180036
5.067087 -20.040135 11.949438
5.147092 -19.124278 11.700771
4.648578 -19.739788 12.229601
5.278190 -19.815254 11.519021
6.039295 -19.573036 12.037749
6.711399 -19.059990 12.476029
7.250700 -18.466163 11.962653
6.988894 -19.002198 12.705050
6.196491 -18.610586 12.350415
5.953934 -17.853936 11.825365
5.905766 -18.401034 11.047295
5.399394 -17.880724 11.663650
4.856598 -17.817649 12.443666
4.214568 -17.199447 12.779301
3.435090 -17.158458 13.324979
3.911971 -17.728572 13.920449
4.181715 -18.393325 13.294052
3.815835 -18.093510 12.467450
3.676629 -18.848510 13.031033
2.798759 -18.487243 12.954479
2.313845 -17.949384 12.335936
2.408807 -17.165590 11.803321
2.847983 -18.004484 11.905346
2.089571 -18.401464 11.487913
1.691482 -18.743002 10.692989
1.196439 -18.526172 11.477174
1.559410 -18.093561 10.710278
1.181735 -18.933492 10.467570
0.938813 -18.094281 10.088435
0.199436 -17.811151 9.559108
-0.240421 -18.592146 9.237234
-0.929549 -19.244740 9.158150
-0.394023 -18.650978 8.640764
-1.119462 -18.584579 9.254244
-0.942629 -18.376990 10.166750
-1.145980 -19.265170 9.889596
-1.214085 -18.548346 10.512937
-1.018990 -19.357535 10.050142
-0.745883 -18.528551 10.431228
-1.399914 -19.178610 10.669338
-0.854668 -19.824915 10.231132
-0.324518 -19.266729 9.670420
0.365527 -19.754771 10.109375
1.104624 -19.720968 10.709061
1.474295 -19.107973 11.337240
2.111610 -18.468744 11.033520
1.378924 -17.876012 11.170888
0.588564 -17.570643 10.736019
1.249290 -18.069515 10.265280
1.608467 -18.754872 10.820533
2.528740 -18.517831 10.757784
1.755470 -18.823350 11.222264
1.670212 -17.988257 10.772397
2.310595 -18.009968 10.067791
3.073395 -18.496801 10.364709
2.741320 -17.817739 9.785372
2.113546 -18.203425 9.181904
2.274746 -18.986722 9.699099
3.041544 -18.543000 9.349585
2.605537 -17.969537 8.726634
2.427971 -17.647593 9.605185
1.856314 -17.019106 9.174789
1.846378 -16.363073 8.484462
2.043513 -16.709310 9.349497
1.857152 -16.017300 9.976730
1.050210 -15.533711 10.125108
1.691607 -15.510550 10.828744
1.738746 -16.067377 11.599945
1.972275 -16.661318 10.893030
2.670622 -17.235942 10.594454
2.811960 -17.893059 11.269176
3.440086 -17.181296 11.192484
3.024419 -17.798019 10.597586
2.382637 -17.521907 11.244817
1.523459 -17.381027 10.858818
0.692498 -17.319563 11.320072
1.080143 -17.809735 10.601399
0.850792 -17.441181 9.753699
0.887827 -16.642344 9.236477
0.168995 -16.106441 8.915357
0.492510 -16.686048 9.598310
0.411190 -17.232504 8.822550
1.335052 -17.204755 8.592903
1.118733 -16.903545 7.715687
0.586441 -16.209497 8.092506
0.153630 -16.606325 7.342685
0.838509 -16.952568 6.778694
1.247367 -17.812613 6.765062
0.897172 -16.994395 7.104050
0.299190 -17.437114 6.509535
-0.525040 -17.105330 6.852450
-0.087470 -17.507418 6.108215
-0.656771 -17.697565 5.368777
-1.126741 -18.510027 5.530221
-1.364580 -19.158812 6.185612
-2.020602 -18.479590 6.061836
-2.619186 -17.971834 5.522473
-3.097612 -17.160920 5.665844
-3.790040 -16.523271 5.521001
-4.087010 -15.633876 5.687779
-3.228297 -15.277866 5.480660
-3.239573 -15.095730 6.415395
-3.154418 -14.765163 5.526292
-3.699775 -14.446876 4.813335
-3.245328 -13.687439 5.165132
-3.215623 -13.909939 6.090682
-2.540350 -13.995852 5.424609
-3.126970 -14.571111 5.906255
-2.349038 -14.035723 6.029589
-2.350661 -14.744959 6.665207
-3.011348 -15.151744 6.112894
-2.694628 -14.944180 6.986757
-2.688283 -15.429776 6.167497
-3.278082 -15.039970 6.805633
-3.828114 -14.638379 7.471380
-4.034506 -13.852431 7.968089
-4.633845 -14.568179 8.156573
-4.224504 -14.933854 7.378273
-4.005550 -15.666422 7.946105
-4.552211 -16.299058 7.490077
-3.815244 -15.699466 7.423773
-3.266793 -14.982354 7.727059
-3.689993 -15.765370 7.388210
-3.017891 -16.028892 6.767031
-2.503902 -15.254882 6.557864
-2.194225 -15.857597 7.227090
-2.061416 -15.070167 7.746074
-2.565549 -15.336711 8.508854
-3.044246 -16.141536 8.335259
-3.856802 -15.877720 8.756189
-4.087186 -15.200175 8.127789
-4.501401 -14.520860 7.604353
-3.901074 -13.927741 7.162938
-3.095950 -13.435532 7.291529
-3.870939 -12.899295 7.428905
-3.018709 -12.766537 7.832770
-2.517831 -13.002204 7.057777
-2.422799 -13.923845 7.278177
-2.976360 -13.330147 6.780058
-2.643030 -13.937210 7.433812
-1.899946 -13.677893 7.970105
-1.135746 -14.073925 8.377764
-2.065097 -14.281870 8.368108
-1.971718 -13.972910 7.472086
-1.144880 -14.422079 7.325061
-1.902793 -13.913963 7.597853
-0.982093 -13.833615 7.827825
-1.593879 -14.522685 7.587133
-2.335346 -14.975548 7.977225
-2.289032 -14.896080 7.029295
-1.710541 -14.345112 6.510825
-1.893272 -13.848437 7.302628
-2.355930 -14.657080 7.104954
-3.034390 -15.178631 6.686978
-3.653970 -14.530443 7.007915
-4.234055 -14.350031 6.274442
-3.823710 -13.532988 6.007823
-3.142179 -14.171780 6.193537
-2.244842 -13.876773 6.071938
-2.990139 -14.260342 6.524086
-2.661281 -14.338480 7.414466
-3.281670 -14.868930 7.905148
-3.868544 -14.150128 8.119469
-4.578656 -14.751394 8.322569
-4.179486 -14.261219 7.610233
-3.489024 -13.882143 8.145576
-3.973241 -14.596668 8.548089
-3.195428 -14.114802 8.812362
-2.600201 -14.768496 9.166508
-2.239557 -14.359920 9.947552
-1.490590 -14.655585 10.456139
-1.721209 -15.510615 10.806521
-0.905613 -15.717972 11.252430
-1.561629 -16.361939 11.003471
-0.618361 -16.237346 10.961608
-1.176688 -16.872430 11.399750
-1.805550 -16.695906 12.092860
-1.236500 -17.181736 12.682080
-2.008767 -17.601212 13.049058
-1.986869 -18.438917 12.596510
-1.434732 -18.848186 11.937210
-2.063950 -19.551531 11.809070
-1.352704 -20.176337 11.705262
-0.423286 -20.066361 11.528863
-0.114905 -19.386842 10.937099
-0.030136 -18.957414 10.091265
0.146759 -19.652599 10.717729
-0.598777 -20.244530 10.689065
-0.592146 -21.072003 10.217605
-0.059919 -21.653519 10.752023
0.341912 -21.303252 9.962800
-0.260722 -21.702755 9.342914
-0.779612 -21.395955 8.605584
-0.755700 -22.180117 9.145536
-0.016906 -22.748290 8.949600
0.103170 -22.276301 9.768035
-0.439410 -22.761510 9.153863
-1.168468 -22.149003 9.135426
-0.549468 -21.426448 9.093220
-0.164242 -22.272504 8.886292
-0.988431 -21.823509 9.047983
-1.842365 -21.889950 9.464412
-1.197547 -22.463731 9.866921
-0.548964 -22.303090 10.545570
-0.465164 -21.401204 10.251274
-1.024198 -21.445379 9.481495
-1.785195 -20.872751 9.484547
-1.276041 -21.145960 8.727482
-1.127230 -20.273392 9.078922
-0.665196 -20.936655 9.582546
-1.073933 -20.924333 8.722423
-1.349750 -20.013585 8.761048
-0.501509 -19.585612 8.695044
-0.358922 -18.983955 9.419410
-1.047651 -19.255360 10.018593
-1.597219 -18.749013 9.428155
-2.351554 -19.163051 9.020012
-2.784252 -19.945094 8.691058
-3.652754 -19.683523 8.981427
-3.475983 -20.286635 9.696994
-3.328234 -20.155288 10.628630
-3.432176 -20.788471 9.924853
-2.809088 -21.425986 9.589644
-2.119658 -21.064562 9.040928
-2.762877 -20.399147 8.816157
-2.256618 -19.719190 8.382118
-2.920437 -19.231277 8.859942
-3.728561 -19.660000 8.595061
-4.536292 -19.240277 8.315005
-3.942126 -18.711976 8.839307
-3.148798 -18.754135 9.364553
-3.547269 -19.302642 8.695680
-4.074869 -19.999596 9.073730
-3.294641 -20.541035 9.145273
-2.570304 -21.032614 8.770154
-2.412085 -20.275230 8.214848
-3.063600 -20.964686 8.129950
-2.516295 -21.479242 7.544528
-3.276810 -21.436445 8.116205
-2.427870 -21.609173 8.511801
-2.831152 -21.909614 9.320583
-2.545500 -21.421489 10.086850
-2.667358 -20.777020 10.777387
-2.329683 -20.292648 10.030133
-1.968918 -20.834805 9.335192
-2.040027 -21.647886 8.844404
-1.331249 -21.060910 8.599206
-0.909586 -20.266808 8.913265
-0.462608 -21.051906 8.611830
-1.006073 -21.793790 8.364279
-1.934748 -21.735904 8.567362
-2.516388 -21.263178 7.979778
-3.002656 -21.852837 7.411557
-3.000079 -21.205039 6.713430
-2.469665 -21.417309 5.951438
-2.562702 -20.899730 5.157406
-1.848659 -20.603046 4.601393
-1.330869 -19.897377 4.225952
-1.169686 -20.414854 3.442838
-0.991076 -21.209770 3.936029
-0.622166 -20.812701 3.152913
-0.028361 -21.363644 2.652026
-0.493925 -20.592154 2.343670
-0.783274 -20.987084 3.160577
-1.731621 -20.957159 3.242877
-0.941824 -21.458084 3.422668
-1.491086 -20.991913 4.045585
-0.710430 -21.360296 4.447952
0.055430 -21.120181 3.935281
0.575812 -20.649815 4.579476
0.290197 -20.969431 3.729007
-0.438150 -20.366448 3.842809
0.216029 -19.874913 3.355496
0.258735 -20.728272 2.934802
-0.082381 -20.183488 3.637567
-0.873177 -19.677021 3.478935
-1.462722 -20.128286 2.882423
-0.961085 -20.650142 3.501337
-1.539550 -19.896127 3.563539
-0.810251 -20.341575 3.983930
-0.266592 -19.581667 4.168330
0.629261 -19.834750 4.369392
1.319125 -20.488583 4.309240
1.996765 -20.253619 4.935839
1.897232 -20.760052 4.135434
1.542982 -20.330214 3.362922
1.642379 -19.887126 2.525770
2.019116 -19.157260 2.043697
2.641290 -19.866421 1.913238
2.280034 -19.895597 2.793960
1.656872 -20.013138 2.083409
1.410844 -20.585621 2.803661
1.590444 -19.976403 2.093993
0.865568 -20.501149 2.419917
1.612635 -21.068084 2.585758
2.203358 -20.606019 1.998756
2.093234 -20.341770 2.907092
2.362253 -21.193669 2.577051
1.599531 -20.889738 3.059660
2.184739 -20.715667 3.790590
1.492141 -20.452232 3.192310
1.002336 -21.117996 3.665470
1.473818 -21.908371 3.910501
2.027667 -21.316064 4.409953
1.446360 -21.934114 4.842534
2.121869 -21.326952 4.556052
2.398430 -20.617444 3.984090
2.177635 -19.995726 4.670927
2.422287 -20.648997 5.319318
2.311060 -21.199555 4.550199
1.708344 -20.775991 3.946580
1.309054 -21.212728 3.200350
0.414691 -21.525146 3.102679
0.014729 -21.617103 3.962099
-0.858965 -21.971596 4.096354
-1.008641 -21.481327 3.293695
-0.304328 -21.916173 3.764736
-0.265009 -21.206036 4.398130
-0.396415 -21.029510 5.324737
-1.039324 -20.414031 4.985790
-1.582390 -19.757407 4.560407
-2.407218 -19.313853 4.387344
-2.674630 -18.758720 3.661158
-1.802060 -18.953626 3.333038
-2.403607 -18.700508 2.639423
-1.730948 -18.423108 2.024925
-1.022363 -18.501089 2.656475
-1.502459 -18.423428 3.475319
-0.752478 -18.414750 4.062246
-1.381464 -19.116260 4.201137
-1.771426 -18.247977 4.233469
-1.224500 -18.018705 4.978677
-0.864640 -17.185663 4.689589
-1.431492 -17.806277 5.137413
-1.894229 -18.081365 4.351772
-1.079936 -17.620256 4.174750
-0.376782 -17.148728 4.610944
-1.052201 -16.716583 5.124841
-1.647086 -16.117477 5.565537
-1.851337 -16.180509 6.493620
-1.146188 -16.768654 6.746362
-0.505395 -16.195316 6.336854
-0.702714 -16.569950 5.483775
-1.069816 -16.079532 4.754558
-1.864152 -16.447227 4.379244
-2.414871 -17.212578 4.245176
-2.352505 -17.955451 4.837864
-2.015973 -17.065436 4.797265
-2.530313 -17.849164 4.965356
-3.404189 -17.980309 5.320565
-3.996696 -18.395982 4.701549
-3.448650 -18.518744 3.932390
-2.510715 -18.533543 4.096970
-2.866700 -18.525490 3.213659
-2.911857 -19.393436 3.603095
-3.098661 -18.914632 4.404893
-2.441859 -18.444649 3.900160
-1.541184 -18.332427 4.188638
-2.292676 -18.513793 4.744870
-1.761408 -17.916950 4.226641
-2.389688 -18.605185 4.423181
-2.686444 -17.708680 4.546650
-2.073515 -18.163840 5.116016
-2.590661 -17.534009 4.623166
-3.322956 -17.257640 5.165747
-2.541262 -16.783294 5.432166
-3.004823 -17.035708 4.639431
-3.664934 -17.288668 5.277627
-3.213778 -17.645395 4.518527
-3.510547 -17.792207 5.411502
-2.811947 -17.400853 5.927089
-2.850418 -16.556472 6.365917
-3.168496 -16.033074 5.636596
-4.009112 -16.095958 5.193382
-4.254932 -16.357548 6.075523
-4.698851 -16.946628 5.473070
-3.823400 -17.175735 5.176214
-3.208300 -16.987409 4.473923
-3.944311 -17.435348 4.068131
-3.311174 -17.816439 3.467352
-3.648667 -17.070860 3.954425
-4.176063 -17.531054 4.600261
-3.744211 -17.607870 3.754901
-3.143101 -17.748844 3.029765
-2.334481 -18.217665 2.847091
-2.092470 -18.832435 3.533034
-1.942395 -18.483968 4.406576
-1.481775 -19.275709 4.667351
-0.865490 -19.790063 4.154847
-0.462939 -19.214423 3.511712
-0.045316 -18.723949 2.810245
0.581492 -18.078976 2.496956
0.032298 -18.522257 1.857490
0.114225 -17.841109 1.196920
-0.288660 -18.505125 1.748096
-0.164791 -17.674439 2.197149
-0.607600 -18.407448 2.613860
-1.533449 -18.586441 2.480459
-0.748960 -18.060179 2.601520
-0.287537 -17.653740 1.874247
0.120014 -17.238567 1.120215
-0.279160 -17.869699 1.711284
-0.589670 -18.327450 2.486576
-1.522785 -18.363298 2.673769
-0.773804 -18.811582 3.054686
-0.670017 -17.879113 2.891096
-0.129777 -17.547205 3.601734
0.186472 -17.460049 2.707631
-0.476435 -17.548357 2.029556
0.025827 -16.750394 2.163787
-0.131863 -15.938641 2.636248
0.232634 -16.513023 3.302773
-0.684400 -16.488168 3.046924
-1.427881 -17.075792 3.141594
-1.537594 -17.764531 2.493034
-1.156754 -18.316005 1.816375
-0.512556 -18.451006 2.504715
-0.588450 -19.055534 3.236709
-0.251691 -18.881119 2.363094
0.337302 -18.861330 1.614947
0.475392 -18.911591 2.555922
-0.066228 -18.460496 1.915461
0.382815 -17.821717 1.370162
-0.127520 -17.154473 1.818908
-0.205806 -16.215620 1.958389
-0.729343 -16.995901 2.113632
-0.166595 -17.542630 1.573787
-0.781999 -16.815804 1.579502
-0.356422 -17.656817 1.443080
-0.143979 -17.526645 2.362292
-0.473590 -16.783432 1.866288
0.372734 -17.153615 2.098085
-0.079487 -16.452399 2.557239
0.006989 -16.000874 3.391311
-0.090892 -16.659625 2.710506
0.419671 -17.404204 3.013750
0.858124 -18.249165 2.984962
0.181457 -17.600533 2.816351
0.527550 -17.272238 1.992050
1.179194 -17.829353 1.577309
1.068700 -17.221789 2.302350
1.641390 -16.572639 1.905285
2.119071 -17.066889 1.246068
1.582854 -16.628035 1.899450
2.403476 -16.867072 2.319533
1.704795 -17.212523 2.866835
1.048235 -17.900666 2.817664
0.178262 -17.809952 3.194421
0.613533 -18.071090 4.000259
1.172490 -18.270590 3.255412
0.526786 -18.033766 3.914206
0.745073 -18.648807 3.220590
1.555190 -18.151050 3.275153
2.439577 -17.964457 3.575276
1.970349 -18.716734 3.227522
1.901880 -17.970786 2.639388
1.455210 -17.601471 3.395113
1.249973 -17.892346 4.278459
1.914414 -17.469965 4.814315
1.913414 -17.973410 4.005878
1.106254 -18.475444 4.064917
1.830204 -18.601155 3.459010
2.041959 -19.454435 3.825209
1.945684 -18.755499 4.464933
1.342495 -18.747940 5.201910
0.997139 -19.626376 5.074998
1.774089 -19.131189 4.833818
1.509004 -19.959649 5.221650
1.627984 -20.844757 5.552490
0.950812 -21.064210 4.919790
1.275513 -21.224784 4.038987
0.881503 -21.605299 3.259889
0.773933 -22.220998 3.978479
-0.034783 -21.943346 4.397905
-0.851275 -21.589569 4.058477
-1.799448 -21.675873 4.035018
-1.306182 -21.088427 3.470550
-0.711680 -20.474889 3.891463
-0.811452 -21.341004 4.274764
-1.629478 -20.862620 4.179831
-1.740864 -21.174045 5.072937
-1.852614 -22.082919 5.334641
-2.265011 -22.186803 6.186795
-1.609749 -22.683745 6.667116
-1.182967 -22.088060 6.058801
-1.771400 -21.579374 6.608359
-2.245278 -22.256197 6.134671
-2.391532 -21.759935 5.335070
-2.218510 -21.379645 4.479224
-2.821273 -20.648697 4.382165
-2.360116 -21.321965 4.873157
-2.439457 -22.047262 5.485268
-2.866392 -21.474822 6.115401
-2.212118 -21.335031 6.793202
-2.639554 -21.922365 7.409130
-1.919526 -21.454712 6.996953
-1.007305 -21.678858 6.839978
-1.781747 -21.901769 7.347502
-2.654473 -21.958217 6.970420
-1.976819 -21.368118 6.654830
-1.424362 -20.640512 6.385737
-1.452815 -21.300178 5.699398
-1.241889 -21.152669 6.616339
-1.180850 -21.882283 7.225410
-0.314417 -21.494068 7.150496
-1.001889 -20.835102 7.137181
-0.967619 -19.941382 6.809890
-0.670748 -20.753683 7.208718
-0.283946 -19.950390 6.873856
-0.354076 -20.536424 6.126410
0.000370 -20.788690 6.973617
-0.755633 -21.280942 7.278866
-0.571790 -20.973932 8.161462
-0.771082 -20.714055 9.055765
-0.015990 -20.374798 9.526691
0.736370 -20.446246 8.947141
0.465148 -20.729571 9.815009
-0.154573 -20.896667 10.518610
-0.563338 -21.212832 9.718624
-1.172839 -21.268846 8.988966
-1.469010 -21.180301 9.889783
-0.865396 -20.929861 10.582575
-1.063312 -20.301579 11.270412
-0.292301 -20.130760 10.738068
0.348060 -20.361518 11.404189
-0.015360 -21.241494 11.428620
0.082086 -20.556563 12.083145
0.926225 -20.969353 11.928025
0.928350 -20.131975 12.381703
0.625295 -19.507629 13.033912
-0.089626 -18.882053 12.966290
0.558419 -19.105214 13.627550
-0.304919 -18.703177 13.634019
-1.059785 -18.328560 14.077719
-1.399328 -17.648616 13.503771
-0.720679 -17.513722 14.158193
-1.015850 -17.476390 13.253478
-1.110412 -16.984075 12.443716
-1.137952 -16.306313 13.112230
-0.296623 -16.160370 13.534006
0.472041 -16.436967 13.044434
0.105797 -15.734436 12.515902
0.480178 -14.860319 12.463108
0.968595 -14.071221 12.677124
1.587279 -14.617670 12.202094
2.104333 -15.198394 12.752043
1.258818 -14.776648 12.871470
1.643233 -15.307510 13.562440
1.458784 -15.519788 12.652525
1.151385 -15.998806 13.416119
0.559970 -16.515034 12.876890
1.035868 -15.969710 13.495900
0.406336 -16.519756 13.039645
0.145439 -16.554199 13.954946
-0.789570 -16.438710 14.094402
-1.441460 -17.015892 13.708487
-0.917049 -17.269431 12.955001
-0.259768 -17.187726 13.639350
-0.883310 -17.333619 12.934412
-1.409813 -17.800127 12.292388
-0.743280 -17.833669 12.971827
-0.896772 -17.581178 13.877210
-0.213190 -16.919419 13.919865
-0.637159 -17.335590 13.175498
-0.948290 -16.732396 13.843618
-1.862023 -16.866237 13.610789
-2.620298 -16.388496 13.288591
-2.381113 -17.000474 12.599170
-2.418428 -16.263392 11.997217
-2.009210 -15.506195 12.404921
-1.485468 -14.778597 12.083480
-2.104142 -14.497103 11.416372
-1.691973 -14.918876 12.164205
-1.690173 -14.800035 13.109140
-1.261447 -15.135810 12.327810
-2.125556 -15.512492 12.463655
-1.849970 -16.132530 11.795347
-1.918284 -17.079052 11.875702
-2.152770 -16.307644 11.368774
-1.911975 -16.657634 10.516393
-1.931616 -16.020646 11.224128
-1.127549 -15.609044 10.922319
-0.795409 -15.336166 11.772172
0.130970 -15.247301 11.974545
0.378408 -14.882816 11.130178
0.898084 -14.310615 11.686553
0.606609 -13.656688 12.314607
-0.112760 -14.222550 12.051287
-0.176257 -13.630913 11.307672
0.506013 -13.984948 10.745359
1.275772 -14.463017 10.452187
2.106252 -14.917961 10.553963
2.151174 -14.012306 10.262760
1.703018 -14.497458 9.576603
2.188227 -13.836109 9.092643
1.689066 -13.829817 9.903709
1.915569 -14.754712 9.886542
1.854491 -15.028555 10.796656
2.474071 -14.308418 10.729182
3.077006 -13.825386 11.286119
2.180523 -13.921552 10.979362
2.809656 -13.263089 10.700713
3.397451 -13.418704 9.967699
2.777759 -13.525891 10.682907
1.919309 -13.394751 10.291890
2.038064 -13.822738 9.449420
1.238534 -13.620047 9.925548
1.714782 -13.190548 9.221454
2.044451 -12.512034 8.640106
2.348815 -13.295139 9.088590
2.643702 -12.484620 9.492484
1.729173 -12.544244 9.751545
1.561177 -11.720616 9.303835
1.132969 -11.994693 10.109160
0.708285 -12.835199 10.251370
0.490304 -12.703441 11.169060
-0.449932 -12.780467 11.038476
0.306140 -12.218327 10.899253
-0.598705 -12.124595 10.617295
-0.626025 -13.066790 10.753507
-0.759890 -13.686768 10.043058
-0.999046 -13.018102 9.408456
-0.830992 -13.593813 8.668630
-1.469757 -14.131247 8.210181
-1.787498 -13.499718 8.848336
-2.546453 -13.011585 9.152872
-1.944216 -13.515498 8.613974
-1.419294 -13.826914 9.345074
-0.734524 -14.471354 9.194024
-0.705072 -14.429208 10.145015
-1.316862 -15.035727 9.738964
-2.004085 -15.421477 10.273708
-1.352106 -14.733377 10.181667
-2.050150 -15.235411 9.772125
-2.555368 -15.890433 9.300181
-2.288107 -15.625550 10.175073
-1.597872 -15.088563 9.797910
-1.821224 -14.793192 8.920471
-1.770494 -14.995653 7.991243
-1.171430 -14.401936 7.548917
-0.933091 -15.166494 8.064354
-0.287268 -14.698877 8.585196
0.400901 -15.108784 9.100394
1.142874 -15.592183 9.450866
1.391284 -16.462120 9.153324
1.089456 -17.261484 8.732673
0.516785 -17.911862 9.127750
-0.154112 -17.236835 9.092171
-0.191286 -17.491501 10.009119
0.363761 -17.209961 9.288226
1.039331 -17.613970 9.824333
0.673550 -17.255834 10.627436
1.585970 -17.280867 10.899268
2.371914 -16.751810 10.996333
1.835654 -15.972575 10.885664
0.909912 -16.185179 10.955172
1.557086 -16.226903 10.257708
0.910939 -15.953206 10.901613
0.104572 -16.381440 10.630657
-0.840417 -16.410854 10.515938
-1.396986 -15.749703 10.916112
-2.074131 -15.269528 11.382948
-2.490836 -14.677412 10.764250
-2.616653 -14.877890 11.686751
-2.934313 -14.212824 11.083586
-2.894832 -13.876202 10.193554
-3.756802 -14.171871 9.916755
-4.477358 -14.745334 9.673921
-3.914476 -15.115445 10.347130
-3.381364 -14.716734 9.666065
-2.690498 -15.369706 9.608083
-2.182599 -16.175017 9.631371
-1.537335 -15.776585 9.055250
-1.330803 -14.883128 9.312365
-1.897631 -14.342146 9.853729
-1.501333 -14.327073 8.987848
-1.152250 -13.764998 8.302835
-0.677344 -12.940556 8.345136
-1.612092 -12.784890 8.440231
-1.116159 -13.591261 8.336091
-1.542548 -14.060873 7.625679
-0.995803 -14.680702 8.098873
-0.380804 -15.357115 8.365839
-0.849677 -15.816771 9.055696
-1.327810 -15.131595 9.512809
-0.622869 -14.504268 9.641440
-1.447167 -14.117473 9.362239
-0.892079 -13.458077 9.767339
-0.193133 -13.370214 9.126414
0.500595 -12.914974 9.593883
0.236770 -12.927035 8.678852
-0.154059 -12.254131 8.129780
-0.521455 -12.935993 7.575600
0.326547 -12.506768 7.514876
-0.529590 -12.915524 7.431352
-1.258668 -13.523530 7.507539
-0.673421 -14.096074 7.021011
0.096993 -14.535483 6.674009
0.857598 -15.107817 6.704720
0.545402 -15.968540 6.966864
0.479874 -15.743721 7.890007
1.230403 -15.438962 8.390865
0.516232 -15.161939 7.824959
0.195122 -15.516971 7.001630
0.813892 -14.863082 7.312407
1.208801 -14.611168 8.141632
0.591193 -14.073569 8.628025
1.133737 -14.322170 9.370233
0.276487 -13.921983 9.260675
-0.116273 -13.056960 9.327787
-0.676249 -12.289877 9.256777
-1.232865 -13.036035 9.457913
-2.009791 -13.476932 9.788100
-1.363328 -13.123499 10.391588
-1.040790 -12.566652 11.093671
-0.328974 -12.802163 10.506404
-0.103952 -12.248429 11.247871
0.585434 -12.613819 10.701734
-0.169462 -12.651439 11.281171
0.507921 -11.981975 11.282324
1.254226 -12.105832 10.703775
