19.619048 0.000028 -16.000000
18.741720 -0.054431 -16.366552
18.237811 -0.535254 -15.717003
18.699308 0.198391 -15.322270
18.397911 1.058895 -15.597450
17.784147 0.421507 -15.245229
17.310838 1.036426 -14.693067
17.621043 0.333326 -15.255609
18.453722 0.404895 -15.712284
18.378850 -0.497015 -15.415668
18.560385 0.179750 -14.770638
19.010530 0.436345 -15.569735
18.388116 -0.163618 -15.969329
18.547854 -1.060915 -16.245682
17.878473 -1.243058 -15.593162
17.234999 -1.703291 -15.062921
17.710918 -2.119891 -15.774943
18.243464 -1.471803 -15.323938
18.267045 -1.240121 -14.400468
17.780493 -2.050032 -14.520225
18.181840 -1.423792 -13.925435
17.281223 -1.272028 -14.195409
17.497845 -0.682594 -13.479396
17.562415 -1.507868 -13.950336
17.397658 -0.754602 -13.391341
18.025659 -0.136670 -13.029672
18.385975 -0.935941 -13.401650
17.818263 -0.812404 -14.156284
17.351844 -0.221252 -14.739398
18.183669 -0.613243 -14.987271
18.996436 -1.099304 -14.886366
18.349017 -1.750216 -15.139727
17.816914 -1.006543 -15.405895
18.183181 -1.664087 -15.989430
18.788387 -1.069843 -16.422592
18.080242 -1.277821 -15.820673
17.767608 -0.738236 -16.540491
17.265247 -0.126066 -17.069558
17.891146 0.291295 -17.653587
17.709779 -0.543689 -17.232949
17.179678 -0.437418 -18.016995
17.881707 -0.938631 -17.613298
17.204976 -1.064279 -18.271537
17.638509 -0.720067 -17.496555
16.953990 -0.058177 -17.477409
17.729035 -0.497214 -17.140390
17.854005 0.069064 -17.895865
17.076031 0.536008 -17.606468
17.691605 -0.190422 -17.626444
17.264602 -0.439981 -16.812552
16.595020 -0.864276 -16.284668
17.215480 -1.459490 -16.694278
16.547036 -1.789319 -16.101468
15.921649 -2.308550 -15.605161
15.150223 -2.801717 -15.343022
15.736201 -2.244043 -14.840371
15.055175 -1.622982 -15.080200
14.655053 -1.672622 -15.943025
14.484993 -1.606568 -15.008282
14.512335 -1.458834 -15.948737
13.918081 -0.791530 -16.278278
13.769623 -0.136856 -15.602711
14.120259 0.387436 -16.316295
13.768750 -0.313883 -16.856317
14.022657 -1.036564 -16.290372
13.437422 -0.685628 -16.954731
12.736170 -0.205157 -17.384178
12.652217 -0.323811 -18.325402
12.007242 -0.653456 -17.707041
11.565803 -0.021250 -17.148044
12.181299 -0.669376 -17.476869
11.955869 -0.118880 -18.220618
11.913379 0.091185 -17.292666
11.377573 0.688587 -17.805553
11.920706 1.237312 -18.363170
12.466296 0.625406 -18.847868
13.056950 0.104142 -18.312665
13.206904 -0.774182 -17.976376
13.138784 -0.800906 -18.925942
12.592896 -1.490850 -19.290653
13.500717 -1.716194 -19.111461
13.098233 -1.097352 -19.713185
13.649560 -0.480292 -20.184677
14.443630 -0.463596 -19.659127
14.950791 0.049490 -20.280867
14.342545 0.548921 -19.744551
15.097343 0.682981 -19.179453
15.822065 1.225743 -19.474778
16.413424 1.939782 -19.692661
15.764905 1.464709 -20.203306
15.636220 1.882383 -19.357127
15.597925 1.039037 -19.797957
14.763310 1.497025 -19.771615
15.285009 1.263523 -20.533413
15.149410 1.695137 -21.371477
14.471328 1.704056 -22.040173
15.088239 1.071223 -21.685248
14.354316 1.677555 -21.657905
13.893542 1.095318 -21.061485
13.547574 1.745162 -21.665670
14.159215 2.205486 -21.099078
14.994787 2.104588 -21.544802
15.488124 1.655091 -20.865390
14.791829 2.103000 -21.336112
14.114282 1.539836 -21.697784
14.691422 1.654643 -20.948947
15.322618 1.167308 -20.428249
14.770781 0.613795 -19.884071
15.436803 0.127942 -19.407216
14.627539 0.385827 -19.838050
14.072876 0.874927 -19.237916
13.396171 0.920926 -18.569348
12.499568 1.012770 -18.261620
13.363630 1.198362 -18.616559
12.653808 0.892039 -18.060368
12.722862 1.737541 -18.493250
13.506171 1.326353 -18.845927
13.076638 0.548747 -19.189230
13.510137 -0.122523 -19.707406
12.975285 -0.365009 -20.457182
13.509670 -1.034819 -20.872891
12.647222 -0.635920 -20.936857
12.671099 -1.437922 -20.423775
12.104621 -1.138377 -19.719215
12.257148 -0.477913 -20.388210
12.285286 0.088184 -21.153567
12.005901 -0.485842 -20.446835
12.799154 -0.059103 -20.756146
12.898005 0.622905 -20.098784
13.047538 1.294188 -19.439961
13.565342 1.838650 -18.854751
12.837106 2.415007 -19.065735
12.883958 1.913181 -19.873823
12.980233 2.853159 -19.754651
13.566863 3.562692 -19.998490
13.096371 3.498812 -19.172908
13.393210 2.997724 -19.926450
14.204448 3.084758 -20.417722
14.836766 3.491772 -19.833306
15.058064 3.143890 -20.691813
14.962202 3.230309 -19.748218
15.032519 2.737143 -18.936509
15.620285 1.996990 -19.053704
14.760559 1.769695 -19.394641
15.161763 1.576478 -20.236503
15.730410 1.083747 -19.652649
16.419705 0.638857 -19.168938
16.427802 1.591122 -19.181405
17.287623 1.791829 -18.824396
17.430832 0.903227 -18.513096
16.819942 1.531776 -18.140581
17.357366 2.120116 -18.662176
17.436324 1.310600 -19.157634
17.634470 1.368854 -18.227917
16.879774 1.023136 -17.761073
16.201516 1.645808 -17.517607
16.157870 1.792617 -16.577622
16.596009 1.167002 -16.008702
16.723711 1.959280 -16.521554
16.010616 2.247952 -17.082975
15.819512 3.136344 -17.368054
16.113677 2.589649 -18.090288
16.744730 3.266663 -18.314906
17.363590 3.947078 -18.562045
16.415036 4.021277 -18.604110
16.735240 3.459807 -19.303573
16.064766 3.998229 -18.894189
15.474343 4.466584 -18.311888
16.214610 4.520173 -18.908682
16.114156 3.582397 -19.041022
16.706708 4.186519 -18.604045
16.058598 3.825828 -19.201444
15.649471 4.100904 -20.016291
16.199855 4.558806 -19.388253
15.657450 4.097506 -18.755776
15.512542 3.659549 -17.922574
15.813628 3.978725 -18.767857
15.157325 3.420986 -19.174334
14.298938 3.052075 -19.359015
14.805744 2.936515 -18.561004
13.907649 3.253458 -18.562015
14.054672 4.090636 -18.132426
14.265250 4.990794 -18.361338
14.493735 5.909707 -18.463439
15.113949 5.247450 -18.752889
14.410003 5.657525 -18.259605
14.195522 5.204662 -19.069509
15.032008 5.002546 -18.661501
14.395024 4.326620 -18.450775
14.967960 4.613496 -17.746166
14.414370 4.412421 -18.494590
14.370683 4.012808 -17.631207
13.763636 3.372731 -17.272283
13.311886 3.952671 -16.666791
13.840948 4.281543 -17.387185
13.103605 3.720830 -17.165925
12.333374 3.165227 -17.237196
12.655541 3.806058 -17.863752
13.078497 3.865806 -18.714969
13.092599 4.553283 -19.373911
13.216554 5.230417 -18.715768
13.532030 4.435556 -18.296602
14.126717 3.720948 -18.089935
13.929665 3.444261 -18.979679
14.401543 3.979666 -19.610315
14.518547 3.462865 -20.401679
13.770353 2.912361 -20.191484
13.584588 2.285349 -20.883854
12.664548 2.489461 -20.746403
13.265710 3.221120 -20.847928
13.394974 3.607848 -19.987252
13.253167 4.117596 -19.195371
13.633095 3.478576 -19.790632
14.274017 3.548134 -19.089626
14.727488 4.272585 -18.669430
14.134945 5.014292 -18.745530
14.386932 5.801515 -19.218616
13.658640 5.218503 -19.410230
14.548084 4.896032 -19.519457
13.902221 5.354400 -18.990507
13.443898 4.882460 -18.301854
13.243377 4.195318 -18.930071
13.700385 3.613998 -19.530272
13.025377 3.515062 -20.194807
13.129563 4.181237 -20.867402
13.905179 3.740173 -21.200436
13.162898 3.477067 -21.735994
12.408528 2.900948 -21.813728
12.593358 3.209241 -20.931785
13.166985 2.450191 -20.889056
13.878751 3.013401 -21.177526
13.300780 3.717982 -21.454192
14.022089 3.130857 -21.249182
13.750065 2.642680 -22.020361
13.231865 3.059101 -21.338385
13.905076 3.673580 -21.614485
14.408168 3.860548 -20.827737
13.708514 3.469802 -21.342356
13.181583 4.196042 -21.023064
12.448859 4.708513 -20.695165
12.677215 4.047000 -21.341139
13.164374 3.729750 -20.586780
13.200880 4.620587 -20.921602
12.362422 4.537768 -21.365628
12.485367 5.321124 -20.838118
11.893975 4.582145 -20.943928
11.006264 4.794418 -21.215844
11.359968 3.924126 -21.372413
11.487468 4.742091 -20.901559
11.621956 3.939551 -21.396403
12.202238 4.124840 -20.664304
11.743954 3.823416 -19.885748
10.935950 3.587323 -19.440307
10.256541 3.181373 -18.910554
10.986032 2.981206 -19.489177
11.109889 2.050401 -19.330147
11.832920 2.502476 -18.906021
12.443170 2.249370 -19.591995
11.494167 2.286039 -19.663250
11.553946 3.235131 -19.611483
11.106657 3.830361 -19.017628
11.361892 4.571321 -19.558794
10.662131 4.313735 -20.151257
9.959275 4.703231 -20.662448
9.363110 5.243911 -20.153250
10.274045 5.045413 -19.958763
9.655821 4.593366 -20.524873
10.130254 3.779924 -20.382550
10.628172 3.880964 -19.577009
10.424342 4.702559 -20.013430
10.542499 3.970854 -19.415370
10.091770 3.432529 -18.771880
9.751066 2.543641 -18.800631
10.041426 3.156537 -18.131993
9.647572 3.786045 -18.728340
10.586196 3.700530 -18.865094
9.802606 3.824746 -19.391959
9.812367 4.161255 -18.501063
10.508944 4.159716 -19.150530
10.168071 4.663900 -19.883083
9.959706 3.919414 -19.326886
10.082889 4.229830 -20.218792
10.642914 3.774447 -20.840103
11.151954 4.342829 -21.410058
11.709155 3.678350 -21.016325
10.949764 4.011869 -21.484427
10.447919 3.446566 -22.063750
9.751578 3.845419 -21.550860
9.489184 3.596371 -20.669864
9.675964 4.141221 -21.428337
10.256659 4.551544 -20.794730
10.667021 4.192348 -20.013955
10.571410 3.787030 -19.157447
11.120055 4.069755 -19.882764
10.969679 4.304670 -18.972143
11.624783 4.936472 -19.252669
11.803423 5.570632 -19.940389
11.504936 4.751997 -20.324799
11.479012 5.279150 -19.532040
10.786840 4.999458 -18.940686
10.443375 5.472477 -19.692560
11.023194 4.845308 -19.271255
11.686141 5.384287 -18.850503
11.694481 5.014817 -19.728256
12.206111 5.814583 -19.653162
13.114390 6.080870 -19.547570
13.623920 5.784198 -18.799644
13.132399 5.083950 -18.381205
12.311376 5.341988 -18.789088
12.330393 6.136471 -18.264241
11.868313 6.780791 -17.736639
11.119233 6.629707 -17.168236
11.038706 5.829740 -16.657749
10.405112 5.386150 -17.213461
9.776553 6.017318 -17.550461
10.019145 5.350862 -16.914839
9.280755 4.804684 -16.662846
9.084343 5.639324 -17.077368
9.414920 6.178094 -17.789739
9.560793 5.311047 -18.155770
9.911739 5.352582 -19.040158
9.892643 5.298611 -18.089499
9.239477 5.939072 -17.824517
8.561563 5.873115 -17.158850
7.911204 5.370808 -16.677449
8.404242 5.447234 -15.866214
8.855761 5.524269 -15.031213
9.490548 5.571860 -15.739599
9.015452 5.135181 -16.440046
8.903275 5.873505 -15.849010
8.080006 5.408299 -15.962323
7.894882 5.088879 -15.084410
8.371489 4.307193 -15.346788
8.431076 4.839452 -16.134302
8.235369 5.397108 -16.881128
8.597864 6.276210 -16.828144
9.179315 5.562018 -17.070784
9.873372 6.042170 -16.629458
10.086941 5.115514 -16.577230
9.855991 4.465950 -17.234313
10.487860 3.798889 -17.484913
10.588768 3.120282 -16.824352
10.316834 3.931709 -17.242288
9.792850 4.619254 -17.641976
9.308120 3.857059 -17.340109
9.936452 4.569853 -17.404544
10.706910 4.135430 -17.051414
10.855997 4.436141 -16.160136
11.595329 4.986460 -15.920205
11.889274 4.328280 -16.542639
11.638238 5.125255 -16.999630
11.139137 5.811580 -16.567328
10.473067 6.443851 -16.819543
10.531792 6.718954 -15.909653
10.854237 6.876769 -16.791784
10.878283 5.936912 -16.639730
11.723232 5.498096 -16.616670
10.948857 6.030105 -16.460656
11.382399 6.730279 -16.939014
10.873955 6.303963 -17.622220
11.721788 6.634705 -17.902969
12.209508 5.829232 -17.760233
12.495789 5.058737 -18.241284
13.029175 4.772956 -18.976714
12.546032 5.418067 -19.484094
11.954721 4.814488 -19.923495
12.429294 5.493153 -19.453152
12.741779 6.267372 -18.994930
11.847478 6.285172 -19.321945
11.449466 5.570324 -19.809394
10.909262 4.990970 -19.280662
10.410810 5.422681 -19.967831
10.326531 5.070216 -20.848567
10.571618 4.208773 -20.524719
10.505802 5.127630 -20.283060
11.084277 5.734000 -19.830609
11.673420 5.106169 -19.423460
11.305090 5.889685 -19.026640
11.849734 6.636654 -18.797664
12.547570 6.357805 -19.382725
12.572036 5.798492 -20.153180
11.678381 5.539504 -19.949871
11.382024 6.195858 -19.326653
10.998553 5.335927 -19.469822
11.670758 5.238891 -18.802174
10.869717 5.193720 -18.289024
10.031503 5.036258 -18.712853
10.653225 5.040736 -19.434290
9.831887 5.288419 -19.847915
10.629178 5.000938 -20.282324
10.006574 5.544489 -19.809093
10.685913 5.814873 -19.198830
11.312178 6.419479 -18.812472
11.941298 6.798855 -18.206410
11.086866 6.436260 -17.993104
11.264018 7.003457 -17.248836
11.743048 6.566066 -17.946152
12.174286 5.785190 -17.612543
12.641829 5.102077 -18.083489
12.869208 4.486078 -17.393652
13.545774 4.744595 -18.012082
12.759889 4.208542 -18.057466
12.329221 4.715697 -17.376035
12.530284 5.384695 -18.023372
12.540769 4.892118 -18.838410
12.077610 5.374750 -19.516334
11.458721 4.659454 -19.627507
11.177670 5.085473 -20.431589
10.696358 5.036229 -19.611258
11.311181 5.214899 -20.316310
11.572477 5.219718 -19.400489
11.642095 5.933815 -18.774191
12.118895 5.170590 -19.085926
12.482624 6.020971 -18.858808
12.137931 6.716583 -18.307135
12.573232 6.092199 -17.734694
12.490796 6.586197 -18.544756
11.984975 6.157963 -17.860804
11.050907 5.972597 -17.847220
11.304029 5.674492 -18.715605
10.745065 5.967774 -18.002461
10.389203 6.469467 -18.729576
9.765356 5.831740 -18.396186
9.617232 4.942642 -18.703748
8.806214 5.387302 -18.930807
8.386615 4.732578 -18.380986
7.736330 4.653844 -19.072331
7.270106 3.982753 -18.583146
6.440450 3.537050 -18.724743
7.202874 3.214396 -19.195521
7.657253 2.634594 -18.591867
7.617218 3.443734 -18.091148
8.060909 3.992629 -17.451708
8.554470 4.581032 -18.014920
7.731866 5.022668 -18.202831
7.869722 5.175951 -17.273031
8.481603 5.688624 -17.792452
9.074924 4.970646 -17.593692
8.958622 4.463452 -18.391350
9.130443 4.010064 -17.571628
8.451870 4.636606 -17.339219
7.782874 5.235073 -17.657510
8.537199 5.810299 -17.573022
9.157320 5.088108 -17.542721
8.351709 4.612390 -17.720800
8.762395 4.189210 -18.468654
8.283714 3.516271 -18.943045
8.140390 4.277290 -19.497426
8.788958 4.498208 -20.158927
9.216781 5.106614 -19.564084
9.077150 4.251182 -19.169410
9.329357 3.727289 -19.923703
10.065378 3.706741 -20.527756
10.832442 3.577931 -19.978165
10.380193 2.876767 -20.437370
10.940440 3.096496 -21.175525
10.944550 4.045386 -21.094151
10.915444 4.842300 -20.573470
10.243355 5.404306 -20.200005
9.862763 4.769458 -20.799294
10.592614 5.052651 -20.256939
10.387928 5.362353 -19.379889
9.819492 5.741010 -18.716164
10.682835 5.806413 -19.112890
11.099461 5.269554 -18.445631
10.582438 5.034123 -19.210020
9.977461 4.487120 -19.701771
10.616716 5.141803 -19.965915
11.275196 5.827349 -20.024748
11.324259 5.965675 -19.083744
10.637253 5.704376 -18.478124
10.892195 6.233780 -17.728613
10.313142 6.810138 -17.239189
10.607946 6.045392 -17.724249
10.425095 6.134658 -16.793857
10.361754 6.518232 -15.924439
10.884668 7.100892 -16.466748
10.314390 6.703110 -15.815916
9.839290 6.105992 -16.385793
9.116771 6.269362 -16.984381
8.342843 5.727001 -16.866444
8.380614 5.360592 -15.988180
8.066725 4.521851 -16.312241
8.560199 5.252280 -16.672777
9.202127 4.674194 -17.073747
8.447168 4.286649 -17.506037
8.016892 3.693549 -18.114416
7.676933 3.756101 -19.001853
8.126447 4.448252 -18.526570
8.276589 4.351197 -19.462021
7.918675 4.728806 -18.664312
7.400251 4.773426 -17.866644
7.997543 4.914975 -18.594817
8.340781 5.579178 -18.004858
8.395482 4.701970 -18.371658
8.224215 4.424010 -17.476987
8.950199 5.033725 -17.567682
8.257196 4.846161 -16.941906
8.360684 4.118344 -17.547382
7.709026 3.585415 -17.992756
8.340585 3.645944 -17.282475
8.873708 2.949799 -17.654219
9.447334 3.620004 -18.013116
10.107495 3.062366 -18.413437
9.250058 3.182480 -18.810179
9.139118 3.866048 -19.463981
9.060630 4.739951 -19.834332
9.873103 5.119206 -20.155400
10.517112 5.533823 -19.589385
10.034368 5.254937 -18.817238
10.177603 6.067891 -19.292231
10.107362 5.533351 -20.077320
11.022834 5.722662 -19.895381
11.742221 5.428419 -20.445776
11.036974 4.803265 -20.308523
10.418355 4.128177 -20.046612
9.961674 3.725506 -20.778956
9.274656 3.564538 -20.139327
8.659765 3.140226 -20.730002
8.188083 2.447789 -21.182856
7.846464 1.585169 -21.397825
8.474785 2.177226 -21.799958
7.760111 2.405236 -21.213202
7.192246 1.952639 -20.596992
7.855765 1.645027 -21.207030
8.776730 1.843125 -21.347060
9.472937 1.850657 -20.697237
10.361746 1.649724 -20.420336
9.717669 2.319110 -20.210297
10.006271 1.597602 -19.659694
10.297623 2.400794 -19.238950
10.644636 1.894694 -19.967286
10.809255 1.524147 -20.829043
10.284269 0.745331 -20.986728
9.684920 1.006026 -21.679439
9.194992 0.270115 -22.033608
8.958976 -0.652557 -22.035202
9.518404 -1.311859 -22.434439
9.126122 -0.674611 -21.845322
9.951467 -0.860047 -22.282870
10.523455 -0.178195 -21.943848
11.079214 -0.854560 -22.318938
11.794702 -1.454910 -22.132693
11.520076 -2.350206 -21.959328
11.329265 -1.912463 -21.135311
10.572726 -2.468581 -20.975906
10.984813 -1.664497 -21.277009
10.300810 -1.367854 -20.684410
10.502333 -0.509142 -20.325204
9.589885 -0.514476 -20.052370
8.742833 -0.780324 -20.397129
9.413656 -1.127106 -19.816810
10.185416 -0.897807 -20.325570
9.449603 -1.479197 -20.159458
9.986467 -1.989296 -20.758295
10.640170 -2.455422 -20.246018
10.309484 -3.237449 -20.677422
9.818489 -3.629324 -21.393235
10.278226 -4.130544 -20.726564
10.587989 -4.063977 -19.828430
10.461244 -4.513822 -18.998607
11.128726 -4.864883 -18.417011
10.520632 -5.576796 -18.242568
9.887642 -5.961173 -17.643729
10.552943 -6.439630 -18.128994
9.725642 -5.991787 -17.980539
9.227747 -5.360595 -17.469925
8.667344 -5.850898 -16.876139
9.070103 -6.262062 -16.117352
9.081900 -5.607740 -15.425432
9.910965 -5.951572 -15.106906
10.307804 -5.858800 -14.246126
10.509566 -4.932419 -14.336348
10.125215 -4.545517 -15.117124
9.590225 -3.872484 -15.526807
9.732330 -4.766576 -15.231114
10.370964 -5.458593 -15.373558
10.527459 -5.511619 -16.311495
10.541355 -6.253681 -16.908305
11.181349 -6.935491 -16.727825
11.554759 -6.130445 -17.073504
10.788691 -6.172891 -17.637745
10.505479 -6.262097 -18.542655
10.175656 -5.442938 -18.899341
9.237126 -5.524221 -18.759404
8.682722 -4.940866 -19.268681
8.240726 -5.457890 -18.602081
7.982480 -5.194483 -17.724040
7.380229 -4.571771 -18.119709
6.728811 -3.921351 -18.363919
6.671810 -3.085713 -18.817229
5.952448 -2.479524 -18.965830
6.473003 -2.238450 -18.205609
7.062457 -2.495260 -17.503026
7.333006 -2.006017 -18.274048
6.503558 -1.624450 -18.545068
7.237197 -1.019009 -18.497703
7.711770 -1.797330 -18.773431
6.859794 -1.996232 -19.149737
7.519021 -2.218805 -19.800053
6.994353 -1.674191 -19.221132
7.783185 -1.975494 -18.780689
7.041147 -1.607307 -19.250632
6.422051 -1.182554 -18.664684
6.739450 -1.796810 -18.009720
7.436632 -2.352647 -17.675036
8.114748 -1.801449 -18.053679
7.710259 -2.286240 -17.340660
7.491474 -2.197297 -16.418027
7.471431 -2.866936 -15.741113
7.493077 -2.195400 -16.416095
8.332537 -1.824170 -16.162077
8.488920 -2.710306 -16.474070
9.019648 -1.970434 -16.753260
8.901535 -2.109538 -15.818525
9.609343 -1.486727 -15.683823
8.830721 -1.778986 -16.147894
9.318302 -1.336823 -15.459572
10.027961 -1.885007 -15.138780
9.371648 -2.403736 -14.683586
8.946728 -2.246607 -13.845861
8.572188 -3.087450 -14.090260
7.733386 -2.640160 -14.032197
8.509115 -2.447070 -13.514520
7.839660 -2.998830 -13.907485
7.156114 -3.555146 -13.546504
7.430471 -2.833114 -12.989343
6.862670 -3.341692 -13.560289
6.944296 -2.939604 -12.700817
7.742700 -3.458153 -12.727026
7.576755 -2.710087 -13.292611
7.335427 -3.341042 -12.621281
6.584667 -3.012167 -13.106286
7.086261 -3.347760 -12.369530
7.928620 -3.624200 -12.717440
7.230309 -4.271803 -12.716270
7.456993 -3.968216 -13.590044
8.061625 -4.011980 -14.324574
7.943179 -4.911536 -14.035094
8.776833 -4.523774 -14.283471
9.045631 -5.112314 -14.982326
9.913253 -5.078198 -15.373602
10.690084 -4.930687 -14.842749
9.755195 -5.111459 -14.824479
10.308372 -4.932104 -15.578705
9.644162 -4.434272 -15.111781
10.116226 -3.758493 -14.634803
9.876697 -3.060630 -15.237001
10.041277 -2.795228 -16.136726
9.587838 -3.560349 -15.796119
9.375732 -3.132142 -16.619939
9.954832 -2.421763 -16.878851
10.486028 -1.725254 -16.505039
9.797657 -1.200895 -16.107267
9.155897 -0.678609 -15.635684
8.627948 -1.281597 -16.150177
8.588487 -0.685694 -16.892048
7.712914 -0.592214 -16.529191
6.858469 -0.723584 -16.129574
7.496273 -1.234841 -15.640851
7.239630 -1.964852 -15.085651
8.097565 -1.676830 -14.788971
8.305132 -1.736512 -15.716540
7.666936 -2.432966 -15.595343
6.877817 -2.430084 -16.128551
7.729913 -2.684304 -15.787475
7.973343 -3.244665 -15.056881
7.667996 -4.139575 -15.170582
8.139698 -4.720489 -15.759707
7.448040 -5.261153 -16.128923
7.152822 -4.597124 -16.744504
7.650691 -5.150850 -17.338257
8.500690 -4.787657 -17.567650
8.614016 -5.260514 -16.748753
8.036179 -5.722620 -16.149092
8.592926 -5.226965 -15.556312
8.940952 -4.476795 -16.028703
8.744417 -4.360062 -15.104162
8.212015 -5.149422 -15.126268
8.208772 -5.852211 -15.769001
8.377203 -5.259701 -16.495356
8.631288 -4.621267 -17.154805
8.154196 -4.232127 -16.428181
7.439619 -4.106020 -17.045032
7.258549 -3.234101 -16.707395
7.376725 -2.503890 -16.107514
6.851196 -1.875647 -15.621553
7.301098 -1.372541 -16.293493
7.798817 -1.215571 -17.090152
7.317266 -0.830930 -17.816230
6.535314 -1.364469 -17.711740
6.111654 -2.090353 -18.159661
5.586184 -1.309397 -18.014681
5.741183 -2.135566 -17.566963
5.484099 -1.528798 -18.254546
6.349888 -1.653693 -18.631162
7.040369 -1.483426 -19.264625
6.402361 -2.176917 -19.126622
6.640151 -1.455473 -18.552162
7.451884 -1.396394 -19.046763
8.396668 -1.462512 -18.946554
9.315677 -1.383393 -19.183601
9.358468 -1.101214 -18.274990
9.629179 -0.397942 -17.692622
9.192146 0.265330 -18.218076
9.751179 0.879910 -18.683697
10.675006 0.668990 -18.588372
10.594084 -0.262946 -18.409551
10.330593 -0.822138 -19.134056
10.040669 -0.508312 -18.282889
10.060307 -1.270810 -18.853187
9.554043 -1.312454 -18.047586
10.108781 -0.801395 -17.466110
10.737215 -1.388259 -17.875612
10.246164 -0.840086 -18.480099
10.037627 -1.717426 -18.786394
9.810574 -1.076365 -19.453116
9.640515 -1.642539 -20.199812
10.365004 -2.225031 -20.406812
10.443968 -1.650300 -21.162112
11.085388 -1.025050 -20.838582
10.295743 -1.535602 -20.687494
10.664294 -2.041931 -21.405010
11.394374 -2.633187 -21.561310
12.085763 -2.362872 -22.157918
11.752600 -1.633161 -22.671292
12.097359 -1.040166 -22.010590
11.618690 -1.271923 -21.220530
12.118176 -2.082373 -21.193838
12.825565 -2.719668 -21.215890
12.744164 -2.014614 -20.580830
13.021138 -2.335287 -21.433756
12.228720 -2.850660 -21.317597
11.871493 -3.556908 -21.847345
12.764024 -3.379751 -21.566214
13.355623 -3.742597 -20.914001
12.409226 -3.679816 -20.827850
12.026028 -3.135908 -20.146417
11.289239 -3.670044 -19.865577
10.863001 -3.290388 -20.627950
11.014991 -4.187976 -20.907708
10.070982 -4.065350 -20.936650
10.880018 -3.778169 -20.524319
11.531346 -3.665018 -19.838755
11.008432 -4.314559 -20.298850
10.681184 -4.531048 -19.431054
10.465743 -5.278683 -18.881822
10.477497 -4.669831 -19.614073
10.162237 -4.086395 -18.930521
9.932416 -3.322828 -18.409776
9.725067 -4.236211 -18.582300
10.422177 -4.351981 -17.943814
11.012537 -5.005910 -17.582039
10.363106 -4.367664 -17.302913
10.838563 -4.625340 -18.086861
10.640880 -3.916123 -17.482740
11.168470 -3.152373 -17.695730
10.451986 -2.561334 -17.485130
9.778516 -2.192073 -16.922000
10.150771 -2.845739 -16.337897
9.798860 -1.993228 -16.575410
10.590023 -2.319294 -16.993467
10.153950 -3.040901 -17.436361
10.930538 -2.676711 -17.022469
10.427271 -2.066866 -16.491583
11.047664 -2.782578 -16.591075
10.415024 -2.218550 -17.025434
10.482724 -1.791535 -16.176844
10.608800 -1.050974 -16.762252
10.599260 -1.902563 -16.335948
9.844772 -2.138530 -15.804820
9.015796 -1.825435 -15.455821
9.887314 -2.137110 -15.680196
10.010758 -2.781773 -16.370268
10.162439 -2.430479 -17.242400
10.775917 -1.950101 -16.694759
10.160490 -1.273607 -16.428989
9.897575 -0.630470 -15.777621
10.369152 -1.102773 -15.098230
9.659244 -0.469689 -15.050654
9.945330 -1.074732 -14.373081
10.225572 -1.811131 -13.838094
10.450654 -2.727409 -13.967725
11.289809 -2.738369 -14.417980
12.000133 -3.304860 -14.703559
11.417662 -2.651405 -14.328390
11.382656 -3.534966 -14.682117
12.016444 -4.233040 -14.816420
12.785188 -4.743591 -15.051788
12.164898 -4.705111 -14.330130
11.566397 -4.722315 -13.589502
12.148730 -3.971189 -13.528449
11.742344 -4.075185 -12.673426
12.100522 -4.676411 -12.027466
11.529934 -3.924361 -11.901453
12.399042 -4.308410 -11.966156
12.743629 -4.222701 -11.082447
11.852478 -3.913993 -10.949858
12.503023 -3.518924 -10.377371
12.925709 -2.834231 -9.867899
12.017897 -2.656802 -9.641126
11.746631 -1.847010 -10.062648
11.920647 -2.352974 -10.850524
11.492677 -3.107178 -11.244284
11.949301 -2.549263 -10.621986
12.663104 -2.223300 -11.161674
12.131468 -2.250951 -11.951375
12.789013 -2.051783 -11.291833
13.269294 -2.488379 -11.988787
13.145841 -1.706199 -11.459651
12.810778 -1.745302 -12.350289
12.108289 -1.149980 -12.593453
12.605625 -0.538688 -12.058655
11.976588 -1.018469 -12.588893
12.720363 -1.367173 -12.106987
12.315836 -0.511521 -12.213036
11.931817 0.213149 -11.728874
11.352099 0.317150 -10.980450
10.895179 -0.066711 -11.722679
11.561445 0.606463 -11.822460
12.168990 0.254235 -11.179144
12.342953 1.128100 -10.842802
12.656326 0.675275 -11.619832
11.950128 0.356060 -11.066284
12.024466 0.056091 -10.165439
11.824933 -0.549769 -10.872652
12.746601 -0.310565 -10.854219
12.338069 -1.001049 -10.341030
13.134373 -0.945494 -10.860494
13.503518 -1.730117 -10.466631
13.466228 -1.266802 -9.635381
13.089674 -0.483710 -10.025258
12.566362 -1.151949 -10.457267
12.077200 -0.974784 -11.254990
11.332295 -1.500462 -11.530324
11.192844 -0.904116 -10.800971
11.651864 -0.893961 -11.635373
12.369909 -1.076209 -11.036852
12.704626 -0.840452 -10.176961
13.037933 -0.130231 -9.637034
13.557831 -0.609430 -10.275082
14.186180 0.097730 -10.164932
13.816753 0.676995 -10.824483
13.315094 1.390967 -11.206074
14.004708 0.921142 -10.747023
14.185520 0.203079 -10.148089
13.572331 -0.435049 -9.796206
14.265947 -0.216750 -9.181167
13.614056 0.475022 -9.121836
14.058282 0.959892 -9.810743
13.712495 1.601001 -10.424291
13.655594 2.348131 -9.836425
14.243230 2.895354 -10.348539
13.577864 2.216588 -10.288594
13.649876 1.420306 -9.771121
13.060075 2.042359 -9.356134
13.488979 1.652510 -10.111838
13.695917 2.523514 -9.786939
13.774723 2.884126 -10.664879
12.970994 3.351624 -10.871024
12.375330 2.771260 -11.335127
12.914620 2.032037 -11.071032
13.489855 1.464918 -10.566543
12.634392 1.395006 -10.153838
12.721030 2.258708 -10.545684
12.286132 2.881481 -11.120181
11.710758 2.233947 -11.516002
12.460230 1.678102 -11.706682
11.740378 2.301612 -11.697766
12.060127 1.457377 -11.394355
12.100770 0.599024 -10.983737
11.504950 -0.142805 -11.025194
12.144039 0.463606 -10.663445
11.894656 -0.159147 -9.987414
12.641538 -0.376982 -9.438100
11.796480 -0.815472 -9.463264
11.358896 -1.649988 -9.324939
11.921396 -2.406130 -9.462308
12.592376 -3.080234 -9.511298
12.121065 -2.522037 -10.122290
12.711662 -2.915470 -9.487125
11.861208 -2.487657 -9.460059
11.229764 -1.784542 -9.578117
10.372298 -1.370130 -9.584842
9.636959 -1.861869 -9.937685
9.723313 -1.122513 -9.343610
10.551182 -1.593187 -9.332258
10.071120 -2.406622 -9.454298
9.728302 -2.051950 -10.268984
10.349297 -2.298311 -9.590235
11.153591 -2.799398 -9.495090
10.752937 -2.143169 -10.057110
11.466175 -2.373087 -9.469354
11.170318 -1.957923 -10.273803
11.706082 -2.602929 -9.822189
11.106012 -2.177445 -10.427094
11.790731 -2.661023 -10.879136
11.315210 -2.084413 -10.288856
12.250706 -1.942491 -10.397182
12.263787 -1.544685 -11.262404
11.646874 -1.321659 -10.571963
11.152505 -0.587049 -10.922642
11.605005 -0.079920 -11.589795
10.952617 0.472565 -12.009532
10.738830 -0.351425 -12.436575
11.177630 -0.806095 -11.724002
11.436248 -1.098903 -12.592570
11.208357 -0.787894 -11.721726
11.944585 -0.195738 -11.841511
12.457799 -0.980683 -12.007350
11.919090 -1.698281 -11.688170
12.297467 -1.337330 -12.484145
12.270096 -0.751561 -13.234580
12.303615 -0.020341 -12.625299
11.564964 -0.406181 -12.164266
10.680120 -0.246428 -11.850324
11.204242 -1.007162 -12.081858
11.305731 -0.799882 -13.005851
11.995870 -1.451645 -12.928753
12.151159 -2.217888 -12.384891
11.952512 -2.907131 -13.011400
11.100309 -3.234050 -12.739552
10.710940 -2.371929 -12.629234
10.250176 -1.954598 -13.350734
10.847783 -1.330578 -12.950117
10.429984 -1.160371 -12.111366
10.576658 -2.086090 -12.280362
11.218089 -1.519836 -12.698635
11.277430 -2.250706 -12.090904
11.910023 -2.827837 -12.507769
11.408731 -3.375067 -13.104657
11.117478 -3.463758 -12.202251
10.354032 -3.059209 -12.602900
9.724879 -2.698923 -11.985332
9.079730 -3.241125 -11.541678
9.760133 -3.822576 -11.216110
8.872715 -3.526561 -11.394699
9.444874 -4.282007 -11.489387
9.865459 -3.617904 -10.951702
10.743628 -3.888972 -10.701961
11.484712 -3.491267 -10.255136
10.700653 -3.731507 -10.739455
10.256782 -3.325994 -11.478081
9.843607 -3.935031 -10.873606
10.186221 -3.243750 -10.315238
10.863956 -3.200982 -9.647499
11.189839 -3.663516 -10.413588
11.827584 -3.745818 -11.116110
10.878543 -3.718780 -11.041138
11.251731 -3.462757 -11.879119
12.044341 -3.392918 -11.355743
11.367453 -3.614320 -10.723419
11.321547 -3.685067 -11.672058
11.773075 -2.886025 -11.417729
11.476355 -2.371805 -10.673038
11.909400 -1.743174 -11.242533
12.576433 -2.277733 -11.662465
13.491464 -2.439048 -11.871577
14.154877 -2.089681 -12.458820
14.839314 -1.890873 -11.827115
14.793204 -1.073632 -11.340269
14.680939 -1.119174 -10.395625
14.013048 -0.755613 -10.969014
14.040792 -1.458097 -10.326538
13.577553 -1.237270 -9.524245
13.000704 -0.691002 -10.049473
12.766042 -0.006996 -10.669230
12.406116 0.696603 -11.200673
11.629656 1.059331 -10.785261
11.094879 1.607710 -10.219290
11.777654 1.619651 -10.883147
11.670125 1.115988 -11.684264
12.316456 1.738735 -12.002808
12.666101 1.376918 -11.194188
13.328159 1.557807 -10.533894
12.956170 2.247387 -11.075311
12.054446 2.552025 -11.041876
11.428842 2.381851 -10.344244
10.730711 2.854790 -10.786931
11.097634 3.641440 -10.395041
11.091650 4.402440 -10.967642
11.571422 3.665921 -10.601052
11.573225 3.845257 -11.536394
12.163383 3.491661 -10.877826
12.928928 3.970668 -10.575298
12.177082 4.439809 -10.924102
12.789172 4.313918 -11.642799
12.038179 4.677254 -12.102173
11.455830 5.430621 -12.083790
10.833757 4.961691 -11.535922
10.038494 4.441711 -11.600776
10.724746 4.921670 -11.147206
11.213760 4.114645 -11.276064
10.830150 3.374369 -10.815778
11.208235 4.014347 -10.220370
11.103716 3.489343 -11.008074
11.296144 4.103523 -11.710060
10.390593 4.398450 -11.704829
10.885366 4.932592 -11.090890
11.402752 5.001339 -11.887516
12.112195 5.590422 -12.125637
12.213669 4.688570 -12.414425
11.812597 4.300551 -13.186184
11.996709 3.399750 -12.937810
12.430791 3.211790 -12.111208
12.639090 2.607886 -11.404851
12.284075 3.467590 -11.609548
11.725201 3.828590 -12.290993
12.342082 3.575538 -12.971032
13.138222 3.096567 -12.761800
13.971989 2.750677 -13.065482
13.180845 2.417251 -12.653233
12.746555 3.144261 -12.217483
12.608059 3.386418 -13.128092
11.740830 3.726744 -13.325890
11.581041 2.988810 -13.906365
11.661996 3.644410 -13.220314
10.970600 3.091382 -13.571257
11.543254 2.331995 -13.521976
11.105315 1.850569 -14.217294
11.063126 2.643637 -13.691660
11.761051 3.281739 -13.578721
11.604254 2.376499 -13.327755
12.468764 2.130332 -13.013024
11.958669 2.746926 -12.496647
12.231694 3.454350 -13.072874
11.806637 2.904002 -13.723623
12.318158 2.776697 -14.516825
11.699331 3.203441 -15.101610
10.903451 2.714720 -14.915183
10.749229 3.426037 -14.300958
11.546448 3.541127 -14.809116
11.814688 2.878244 -14.180099
12.451462 3.141704 -13.522728
13.122399 3.778796 -13.296929
12.963336 3.091118 -13.936324
12.435030 2.911997 -14.708230
12.064840 2.288059 -15.325230
12.885530 1.926710 -15.004412
12.514176 2.628352 -14.478272
11.807095 2.521110 -15.107212
12.221814 2.692246 -14.267124
12.907032 2.543729 -13.622570
13.013035 2.014591 -12.837836
13.335294 1.391333 -13.481830
12.821050 0.700511 -13.888460
12.420689 1.040059 -14.683096
13.001329 0.454650 -15.159733
13.462412 -0.074483 -15.803511
13.845019 -0.906169 -16.066073
14.650131 -0.805428 -15.567401
15.379343 -0.458686 -15.062374
14.710218 0.047997 -14.612293
14.453865 0.699845 -13.966996
14.876083 1.110666 -14.715319
14.530336 0.494967 -15.354383
14.427646 0.977197 -16.169207
13.906538 1.734197 -15.919350
14.478030 1.224399 -15.353192
15.010121 1.376650 -16.128259
14.216792 0.933746 -16.413732
13.909535 0.141530 -15.983596
14.629311 -0.179702 -16.518164
15.036050 0.181899 -15.736603
14.443173 -0.438548 -15.323598
14.934264 0.377397 -15.333238
14.909541 1.155800 -15.881424
15.440820 1.717629 -16.437410
16.120658 2.364618 -16.599443
15.628087 2.825370 -17.271835
15.538806 3.752568 -17.470234
16.313525 3.538350 -16.959401
17.136565 3.062879 -16.899720
16.874176 3.639536 -16.188630
17.358223 4.170798 -15.563738
17.114757 4.819141 -16.217500
16.419924 4.169514 -16.170373
16.157583 3.385549 -16.643242
15.629500 2.909084 -17.276598
15.676012 2.266872 -17.978331
14.909667 2.690424 -17.603701
14.394718 2.604114 -16.807204
15.118317 3.087918 -17.193684
15.821533 3.728842 -17.152048
15.072881 3.645647 -16.569271
14.873498 3.284825 -17.427808
15.237833 2.443934 -17.687023
14.711390 2.702618 -16.936710
15.002623 2.012927 -17.525386
15.632729 1.389369 -17.177290
15.501406 0.536118 -16.775111
14.916220 0.299898 -17.488405
15.112960 -0.545405 -17.096249
15.027270 -1.248589 -16.459681
15.629351 -1.965211 -16.283676
16.284663 -2.014266 -15.594335
16.274779 -2.906127 -15.260396
15.633198 -2.760391 -15.948991
16.021945 -3.629550 -15.970639
16.135337 -4.432000 -15.470393
16.183660 -5.015063 -14.718907
16.751998 -4.411079 -15.187122
17.521661 -4.463273 -15.745623
17.142390 -4.903752 -14.991196
16.393184 -4.477867 -15.396586
16.283968 -3.539984 -15.520994
16.161013 -2.773741 -14.968922
15.668228 -1.959377 -14.937259
15.099121 -1.951433 -14.173659
14.497840 -2.539590 -14.620382
14.218859 -1.628989 -14.618639
13.813900 -2.253698 -15.212588
13.149301 -2.920102 -15.066834
12.463671 -3.116990 -14.435822
12.204925 -2.203610 -14.512106
12.917695 -2.135407 -13.884144
13.067815 -3.014152 -14.219253
12.390976 -2.510329 -13.777576
11.835593 -3.016975 -14.362289
11.360880 -3.822928 -14.183079
10.755467 -3.311487 -14.711219
10.592654 -2.589435 -14.111916
11.013885 -3.282948 -13.613283
11.681087 -3.955967 -13.707712
11.191060 -4.166645 -14.496710
11.526054 -4.813087 -13.882772
12.022304 -4.246106 -13.300279
12.106218 -3.432150 -12.812978
12.577252 -4.098260 -12.321600
13.403736 -4.406318 -12.680843
13.830430 -4.069421 -13.462803
14.373829 -3.841292 -14.210937
13.671248 -4.139462 -13.641284
13.780757 -3.198027 -13.734750
14.466753 -3.786474 -13.434469
13.718390 -3.640495 -12.863792
13.137688 -2.886212 -12.893330
12.415308 -2.294242 -12.706869
12.424358 -2.591434 -11.802090
12.893544 -1.989473 -12.371771
13.598345 -1.375378 -12.553904
14.026768 -0.529195 -12.640264
14.652976 -1.026284 -13.157753
13.839904 -1.416558 -13.463741
14.593428 -1.987623 -13.578266
14.056163 -1.836607 -12.806533
14.118259 -1.760053 -11.859268
14.908958 -2.290408 -11.882702
15.739536 -2.680253 -11.627379
16.654146 -2.422274 -11.564407
16.204411 -1.963636 -10.861257
15.569105 -1.783957 -10.174868
15.443127 -1.429750 -11.049909
15.990768 -1.643831 -10.300717
15.988052 -0.967528 -10.971266
15.787821 -1.426595 -11.781324
15.690454 -0.575303 -12.197078
15.044915 -0.360878 -11.530496
15.111679 0.581257 -11.652774
14.638362 1.145480 -12.256640
14.219878 0.421897 -11.800210
13.700284 -0.329663 -12.068925
13.967527 -1.172404 -11.714809
13.446500 -0.462960 -11.351148
13.774375 0.430217 -11.393120
13.101783 0.696659 -10.773719
12.649079 0.134883 -11.395407
12.567476 0.850948 -12.018000
12.911521 0.398412 -12.782116
12.082620 0.051359 -12.466669
12.081268 -0.858831 -12.186346
12.443355 -0.265024 -11.535720
13.256573 0.023918 -11.132956
13.397546 0.772151 -10.560851
13.985080 0.982419 -9.841392
13.274840 1.239670 -10.421402
13.823891 1.450865 -11.170380
14.137127 0.585945 -11.417011
13.665235 1.126268 -12.043429
14.415074 0.675078 -11.667664
15.265867 0.559157 -12.079664
14.756755 1.349185 -12.233586
14.795414 2.260769 -12.506626
14.328270 3.052407 -12.257396
13.395810 3.056914 -12.063682
12.810104 3.717283 -11.706063
13.213223 3.929305 -12.542467
12.488569 3.313284 -12.493229
12.739193 2.638448 -11.869679
13.343281 3.371265 -11.798360
12.881488 2.755580 -12.359349
12.332629 2.131501 -12.824438
12.924497 1.655893 -13.399345
12.650857 2.175648 -14.149016
13.470866 2.659480 -14.126186
14.364858 2.914441 -14.333072
14.437980 3.175957 -15.245920
14.986156 3.753737 -14.723710
15.315261 3.100759 -15.333906
15.193758 3.527756 -16.176485
15.395531 3.580066 -15.247194
15.197989 4.511691 -15.238220
14.713548 4.105797 -14.525763
15.061466 4.810172 -13.987397
14.171919 4.995717 -14.272548
14.779195 4.958690 -13.539830
13.949157 5.249142 -13.174175
13.880792 4.777409 -12.349661
13.316201 5.272046 -11.763487
12.527618 4.990469 -11.309746
12.758975 5.462328 -12.104008
12.389316 5.266175 -11.248492
12.191474 5.528830 -12.142306
12.828150 4.891010 -11.834308
13.001639 4.216642 -12.484045
13.270613 5.067104 -12.150282
13.575712 4.876485 -13.032103
14.024124 5.436449 -13.658519
14.789460 5.419277 -14.225083
15.517771 5.962482 -14.510601
14.838428 5.420361 -14.899993
14.321417 5.247087 -14.119157
14.908266 5.014778 -13.405946
15.399470 4.326747 -13.844535
15.350487 4.905310 -14.599449
15.831668 5.552316 -14.092618
15.740534 4.793350 -14.660679
15.055815 4.346925 -14.171910
14.528186 4.155263 -13.402558
14.158973 4.753001 -12.759580
14.734178 5.138801 -12.105877
15.175690 4.329890 -12.346210
16.006572 3.982282 -12.036639
15.746713 4.640336 -12.674188
14.917298 4.201484 -12.837003
14.004593 3.960869 -12.710100
14.651685 4.616988 -12.950536
15.170193 4.089408 -13.550401
16.075589 3.956154 -13.286710
16.947722 3.592841 -13.166642
16.187177 3.872133 -12.666045
15.380810 3.911436 -13.171274
14.780012 4.465536 -13.660196
15.064710 4.940540 -14.435017
14.726325 5.769836 -14.758733
14.020330 5.240218 -14.400817
14.624598 5.043653 -13.691415
14.506289 5.954466 -13.439517
15.084181 5.394888 -12.929671
14.476780 5.038259 -12.288649
13.904423 5.325031 -11.583526
13.032128 4.947794 -11.521700
13.958308 5.020621 -11.731263
13.278835 4.876479 -11.079672
13.930017 4.288871 -11.450763
13.236971 3.656408 -11.287343
13.428386 4.198357 -12.046737
14.201229 4.292728 -12.595224
13.620677 4.705126 -11.962834
14.171445 4.629076 -12.736074
14.059467 5.570700 -12.647552
14.746097 4.997905 -12.319720
14.163234 5.543792 -12.838669
13.489746 5.787873 -13.466256
13.192476 5.950262 -12.576150
12.367679 5.517061 -12.773827
11.907601 4.699913 -12.940043
11.237921 4.085656 -13.225080
11.168149 3.893992 -12.294797
11.714963 3.472436 -11.638813
11.566020 2.854560 -12.348090
12.219040 3.197973 -11.745877
11.941301 3.897774 -12.329118
12.614690 4.503022 -12.033732
13.225684 4.987676 -11.487084
12.727957 4.420095 -10.906439
12.057855 5.096045 -10.873516
12.740467 4.733826 -11.430173
12.810920 5.531545 -11.945644
12.609625 4.610939 -11.807819
13.551800 4.738319 -11.863589
14.115752 4.079806 -12.257730
14.449013 4.707741 -12.891501
14.396110 4.508293 -13.821260
14.571501 4.446588 -14.755315
15.436666 4.816753 -14.608698
14.803012 4.516406 -13.964257
14.276810 5.026445 -13.355981
13.632914 4.709964 -13.982294
13.062777 4.027670 -14.323538
12.849219 4.590121 -13.585249
12.261565 5.176812 -13.118895
11.961906 4.580490 -13.798330
12.264920 3.931091 -13.171040
11.467180 3.966609 -13.690057
10.527042 3.977764 -13.841864
9.875644 4.538988 -13.432308
10.467964 4.992397 -14.024428
10.379216 4.065675 -13.823580
9.815594 3.458518 -13.353770
10.497492 3.305686 -14.000830
10.415759 3.223410 -13.055537
10.253460 2.921150 -13.943977
10.553031 3.617995 -14.519906
10.286268 3.067207 -13.790181
