5.619048 2.000028 -8.000000
4.675891 2.105533 -8.079716
4.121519 2.729770 -7.621427
4.956121 3.187384 -7.653963
4.350102 3.056555 -8.376911
3.938878 2.697026 -9.157079
4.242452 2.076611 -9.812790
3.763566 2.855586 -10.079053
3.670801 3.355208 -10.884536
4.146272 3.307807 -10.060697
4.458104 4.168682 -9.798620
4.912078 3.657618 -9.135484
4.357251 4.345525 -8.780545
4.126539 5.233035 -9.037695
3.786530 5.518793 -9.880171
3.972871 4.865632 -9.212574
3.537833 4.164302 -8.737278
4.314977 3.620601 -8.650869
4.025565 3.143825 -7.878888
3.314576 3.767976 -7.769530
3.870975 4.192058 -8.415752
3.213909 4.353221 -7.745440
2.443937 3.813410 -7.594516
2.880234 4.184827 -8.355255
3.083330 3.617669 -9.092895
2.306358 3.437507 -9.613361
2.403092 4.362585 -9.818066
2.509626 4.569810 -10.741503
1.990920 5.183595 -11.252622
2.234760 5.799304 -10.568170
1.463005 5.244819 -10.631173
1.744981 4.701469 -9.901592
1.209515 5.089492 -9.216214
1.749839 4.483243 -8.718680
0.865964 4.380762 -9.058227
0.375761 4.504605 -9.865316
-0.099506 5.129099 -10.404907
-0.177630 4.618890 -9.604523
-0.012595 5.346857 -10.196010
-0.299516 4.486240 -10.485913
-1.043348 4.295410 -11.049233
-0.675470 4.198720 -10.176109
-0.471546 4.942909 -9.617872
-0.952974 5.679677 -9.981778
-0.201608 5.955245 -10.498053
0.187761 6.744424 -10.862220
0.260670 5.977890 -10.301739
-0.262480 5.383815 -10.831286
0.276677 4.756566 -10.359166
0.839635 4.143568 -9.896196
0.609915 5.041414 -9.676810
-0.334916 4.969875 -9.580869
0.220349 5.619484 -9.160488
0.130817 5.913918 -8.259199
0.718136 6.504698 -8.720789
0.779477 7.388564 -8.371435
-0.144559 7.375670 -8.141172
0.616253 7.498821 -8.700662
-0.018144 8.107290 -9.067178
0.758705 8.258216 -9.597042
0.301927 8.643048 -8.855229
-0.137846 8.048662 -9.455508
0.326717 7.451456 -8.877098
0.647183 8.172707 -8.344060
-0.108569 8.139739 -7.765456
0.648733 8.088510 -7.190218
0.559718 8.046904 -8.137516
-0.111707 8.027925 -7.462344
-0.765694 8.638059 -7.135136
-1.453567 8.066998 -6.806884
-0.552885 7.984062 -7.105083
-0.132537 8.838541 -7.090842
-0.328610 8.180469 -7.750785
-0.761313 8.931180 -7.355526
-1.011577 8.093910 -7.734176
-1.671310 7.547750 -8.150697
-1.523663 6.662531 -8.469474
-1.481511 7.267198 -9.204070
-1.144190 6.650361 -9.846530
-1.120481 6.278839 -8.969924
-0.464730 6.920440 -9.225594
0.110344 6.617360 -9.921629
0.160693 5.975169 -10.623116
0.718059 5.382729 -10.127750
0.285422 4.535214 -10.167423
-0.354189 4.837571 -9.529843
-0.912407 5.160261 -10.230767
-0.521481 4.755098 -10.998913
0.209344 4.147884 -11.063839
0.610025 3.734200 -10.305320
-0.020574 3.069470 -10.045496
0.594842 3.477788 -10.646803
0.780803 4.271635 -10.154610
0.447281 4.789999 -9.428598
0.046502 5.480184 -9.948262
-0.566734 5.636559 -9.236561
-1.182488 5.229290 -8.634890
-1.895410 5.858016 -8.575953
-2.021026 5.530159 -7.690651
-2.426482 6.370073 -7.883469
-2.475020 7.186714 -7.395850
-2.922078 6.598118 -6.795246
-2.422376 6.596519 -7.606002
-2.881475 6.699448 -6.777954
-2.782778 6.056227 -7.473336
-3.126744 6.534641 -8.221559
-3.338070 5.893776 -8.893618
-2.628864 5.806687 -9.523278
-3.477360 6.106393 -9.211412
-2.950478 5.521170 -9.747079
-3.350290 6.313365 -9.401235
-3.011097 6.037796 -8.555045
-2.530615 5.720767 -7.796323
-3.241410 5.785034 -8.426933
-3.082301 5.304422 -9.233609
-3.790621 5.882942 -9.499367
-3.611808 6.792606 -9.281270
-3.847278 6.102094 -8.669081
-2.989593 6.468472 -8.476277
-3.565579 6.267591 -7.744897
-3.156376 5.929189 -8.535508
-2.905623 5.412713 -7.775636
-2.534234 6.220748 -8.116490
-1.874090 5.705550 -8.570152
-1.663497 6.284253 -9.296638
-1.103205 6.389818 -10.059500
-0.717937 5.912977 -9.330650
-0.406868 6.758652 -9.022270
-0.805580 7.587696 -8.775805
-1.725627 7.818136 -8.689551
-1.183778 8.290983 -9.313927
-1.784355 8.771106 -9.875904
-1.066578 8.149442 -9.802690
-0.220455 7.728177 -9.919489
0.601841 7.264786 -10.046478
0.171161 7.749367 -9.348821
0.681168 7.150926 -8.811428
0.943111 7.988587 -9.181210
1.611072 7.915772 -8.506260
0.926657 8.087992 -7.866771
0.159650 7.524222 -7.836929
-0.312454 6.770213 -8.176954
0.306891 6.488464 -7.510578
0.637442 6.500605 -6.617484
1.448922 6.997737 -6.580216
0.830991 6.958490 -5.856579
0.186901 6.506348 -6.392998
-0.022203 7.176444 -5.749355
0.760393 7.709390 -5.646682
0.905837 7.213948 -4.846423
0.178455 6.899542 -4.318130
-0.661251 7.344711 -4.256918
-0.719746 6.482499 -3.856670
-1.252338 5.866663 -4.350755
-0.795983 5.994145 -5.176901
-1.406428 5.276755 -5.036406
-0.580229 5.733034 -4.908995
-1.355285 6.275553 -4.799496
-1.865843 6.583505 -5.542144
-1.637269 7.333628 -5.001681
-1.002211 7.964944 -5.325983
-1.667878 7.665059 -5.937527
-1.351935 8.038330 -5.120289
-0.580263 8.021511 -5.678204
-1.463216 8.123900 -5.336238
-1.921377 7.330394 -5.076494
-1.486742 7.065540 -5.881463
-0.964558 6.932450 -6.666727
-0.280135 6.819746 -7.319331
-0.938524 7.060105 -7.964143
-0.346937 6.317576 -8.039680
-0.955909 5.892531 -8.635935
-0.953909 6.576698 -9.298462
-0.816782 5.635490 -9.249941
-0.175538 5.237630 -8.668957
-0.150019 4.505783 -8.060042
0.428898 4.968170 -8.658442
-0.152065 5.225559 -9.367851
-0.271089 5.404742 -10.295621
0.032411 4.554751 -9.991592
0.748699 5.141549 -10.214372
0.307138 5.749639 -10.799418
-0.628087 5.687644 -10.630475
-0.755964 6.442837 -10.064471
-1.348724 7.081560 -9.680155
-1.970319 7.285404 -8.987988
-1.181273 7.259365 -8.455298
-1.632848 7.972073 -8.013533
-2.215585 8.023534 -8.765064
-2.755867 8.781889 -8.565006
-3.135074 8.896283 -7.698896
-3.815623 8.518971 -8.248003
-3.525815 8.670489 -9.142477
-3.790398 7.911458 -8.631695
-3.166990 8.480586 -8.190690
-3.727197 7.944135 -8.743336
-2.964857 8.514981 -8.741572
-2.748036 8.955592 -7.925558
-3.098519 8.616298 -7.107590
-2.848053 8.036136 -6.395053
-3.426511 7.408253 -6.817167
-2.769663 6.944950 -7.327978
-2.552458 7.595688 -6.667378
-3.104596 8.203532 -7.149766
-3.180949 8.917873 -6.524532
-3.180789 8.023611 -6.852137
-3.943533 7.741890 -7.348003
-3.624122 7.685789 -8.243469
-4.517217 7.357476 -8.203204
-4.025212 6.577758 -8.441950
-3.355981 6.270555 -7.837975
-3.315134 5.329918 -7.694576
-4.171303 5.044248 -7.390608
-5.057074 5.304655 -7.624329
-4.377504 4.750750 -7.996354
-5.045633 4.203322 -7.595162
-4.662853 4.197823 -6.723108
-5.374997 4.707678 -7.097177
-5.405880 4.012561 -7.747475
-5.172030 3.712641 -8.620626
-4.326028 4.141805 -8.705051
-4.577312 3.248157 -8.492259
-4.356703 3.551940 -9.367518
-3.539302 3.461124 -9.847766
-3.945112 4.033247 -9.203542
-4.431019 4.648699 -8.663040
-3.840711 3.908130 -8.763655
-4.405162 4.585776 -8.404183
-3.631407 5.137470 -8.467165
-4.075991 5.741855 -9.053758
-3.560179 6.314984 -8.494750
-3.760785 7.011556 -9.112466
-4.328059 6.320382 -9.440350
-5.097500 6.520910 -8.916156
-4.650926 5.946311 -9.530514
-3.820278 6.356008 -9.752331
-3.201907 5.969906 -10.365170
-2.583011 5.346736 -9.996852
-3.087798 6.060126 -9.618308
-2.687178 5.317053 -9.177427
-1.807700 5.118184 -9.484017
-1.291471 4.770255 -8.763266
-2.139176 4.971164 -8.378479
-2.568603 5.032320 -7.530610
-2.898924 4.542713 -8.277739
-2.946781 5.006589 -9.108136
-2.362307 4.654508 -8.443712
-2.588163 5.062571 -7.613350
-3.528406 5.187885 -7.528087
-4.282536 4.614590 -7.429855
-4.005305 4.607204 -6.518747
-3.090422 4.858143 -6.434789
-3.289281 3.927330 -6.402015
-3.267783 4.663690 -5.798407
-2.713616 5.069980 -6.457843
-2.600276 4.202473 -6.834162
-3.349747 4.692592 -6.509959
-3.566212 5.352915 -5.858694
-3.482885 5.636759 -6.763967
-4.178441 6.272826 -6.900530
-4.141835 6.696647 -7.752626
-4.220098 5.767920 -7.556740
-4.815516 6.181062 -8.174656
-4.018330 6.690180 -8.285663
-4.241581 7.452168 -7.759771
-4.657061 6.622325 -7.545842
-4.178560 6.628858 -6.722420
-4.163512 7.533222 -6.424211
-3.369979 7.131475 -6.083720
-2.897453 6.916535 -6.882188
-2.479670 6.461956 -7.607339
-2.556614 6.508619 -8.555459
-1.851684 6.013882 -8.148842
-2.424897 6.614161 -8.615876
-3.060818 6.249438 -8.007919
-3.336164 6.750017 -7.245925
-3.107706 6.058813 -6.631862
-3.182872 5.632291 -5.783652
-3.550746 6.430420 -6.150653
-4.273448 5.810514 -6.171831
-4.045719 6.460586 -5.514127
-3.144682 6.706007 -5.327233
-3.691790 7.093410 -6.003710
-4.361022 7.610727 -6.441365
-3.906232 7.093130 -5.783877
-3.063290 7.401118 -5.465095
-2.504457 7.914105 -4.889267
-2.029583 7.216281 -5.330364
-2.420502 7.990661 -4.937237
-2.980857 7.677373 -5.640716
-3.417996 6.831300 -5.650651
-4.048947 6.319233 -6.147359
-3.349390 6.596077 -6.731318
-3.767181 7.171362 -6.097656
-3.332631 7.579734 -5.355075
-3.492402 8.266083 -5.995722
-4.342484 8.566256 -6.302784
-4.165488 7.630478 -6.298031
-4.345356 7.013750 -5.594951
-5.149390 7.202205 -6.069339
-5.550191 6.473506 -6.533435
-6.014854 6.134944 -7.292707
-5.471024 5.674739 -6.660654
-5.036554 5.552205 -7.499254
-4.546583 4.737230 -7.446583
-4.585353 5.591199 -7.866420
-4.570255 5.075863 -7.065651
-5.286682 4.448394 -7.072313
-4.753001 4.649119 -7.835151
-4.626091 5.073879 -6.992239
-4.179899 4.497846 -6.378947
-4.180284 4.013200 -5.559100
-5.023329 3.600747 -5.720922
-5.357922 4.190849 -6.389395
-4.840528 3.856570 -7.115750
-5.225695 3.292919 -6.451692
-5.374600 2.486067 -6.935270
-4.829878 1.709424 -7.019730
-5.154091 2.595592 -7.148650
-5.279449 3.498953 -6.874325
-5.006626 3.970100 -7.655745
-4.393366 3.321131 -7.987079
-4.036985 2.866638 -7.229809
-4.232728 2.235652 -7.915790
-4.460987 1.577970 -7.265881
-5.020063 2.237941 -7.664506
-4.443757 2.995637 -7.692750
-4.687610 3.839849 -8.060000
-4.073362 4.501763 -7.757349
-3.427655 4.436107 -7.060369
-2.583094 4.281865 -6.648112
-1.660245 4.468841 -6.791004
-2.059478 5.064239 -6.163992
-2.663971 5.796488 -6.237673
-1.865651 6.279645 -6.428129
-2.421222 7.052313 -6.464928
-3.326900 7.183540 -6.201192
-3.661140 7.974564 -6.613010
-3.214993 7.376746 -7.205122
-2.979104 7.249473 -6.291236
-3.387768 7.986227 -6.735329
-2.868771 7.290895 -6.342664
-1.985226 7.277790 -5.987410
-2.589354 7.345200 -5.254257
-2.391903 8.068615 -5.841380
-2.528225 7.865484 -6.761806
-3.224170 7.264481 -7.009765
-2.552442 6.610289 -6.842903
-3.105089 7.224252 -6.368920
-3.810959 7.107090 -5.740390
-3.397942 7.679434 -5.100963
-3.019228 6.894788 -5.485585
-3.815552 7.111698 -5.960817
-3.659360 6.463106 -5.281140
-4.297408 7.116391 -5.010690
-3.631211 6.545229 -4.640575
-4.209205 5.909843 -5.051961
-3.515485 6.493658 -4.760513
-4.248670 6.184760 -4.237014
-4.546042 6.459817 -3.375073
-4.975403 6.823454 -4.143478
-4.153225 6.774457 -3.665304
-3.648602 6.343572 -4.348475
-4.082595 6.065281 -3.547706
-3.854415 5.913967 -4.459883
-3.474032 6.780178 -4.350270
-4.386811 7.036247 -4.441338
-3.820907 6.282545 -4.304535
-4.331447 5.697735 -4.856238
-4.397349 5.080232 -4.134174
-3.912066 5.386963 -3.374275
-4.826438 5.327028 -3.114735
-4.549327 4.652653 -3.727481
-4.963848 3.810261 -3.567550
-5.676011 4.322843 -3.937834
-6.007426 4.610082 -3.092442
-5.451765 5.065485 -2.467240
-4.778756 4.790387 -3.082390
-5.419926 4.948505 -2.396148
-5.655718 4.070685 -2.111783
-4.825339 3.688730 -1.844180
-5.443151 3.445732 -2.527033
-4.670790 3.652455 -2.009584
-4.424641 4.325722 -2.636603
-4.049100 5.062641 -3.108777
-4.338794 5.068029 -2.201541
-4.426030 5.843498 -2.747496
-4.042809 6.490982 -3.331393
-3.558311 5.704386 -3.562820
-3.921324 5.348595 -2.757423
-3.305831 4.623410 -2.805435
-4.115552 4.748530 -2.319917
-4.678773 5.499036 -2.482865
-4.095731 5.456894 -3.234739
-4.953351 5.221689 -2.893865
-4.651562 5.735264 -3.636961
-4.881150 6.159504 -4.458143
-5.721149 6.007649 -4.880486
-5.121519 5.572091 -5.478619
-5.248750 5.146730 -4.636057
-4.562077 5.800983 -4.549670
-3.642270 5.880253 -4.783550
-2.867088 6.382469 -5.015718
-3.258919 5.830094 -4.346106
-3.965556 5.230080 -4.127759
-4.557932 4.701395 -3.601819
-5.376582 4.218071 -3.544904
-5.824133 4.218107 -4.385575
-4.896480 4.423702 -4.320610
-5.325269 4.235401 -5.149894
-6.190120 4.619489 -5.257310
-5.625979 3.950066 -4.882280
-5.716028 3.103847 -5.309870
-5.358922 3.763714 -5.896451
-5.474516 4.688430 -6.092839
-5.584987 4.038545 -5.405472
-4.832267 4.353431 -4.914261
-4.176649 5.041538 -4.975118
-4.750123 5.382339 -4.295404
-5.258997 5.100762 -3.541222
-5.667466 5.505012 -4.300671
-5.672734 6.339087 -4.760369
-6.161630 5.594368 -5.097122
-5.687797 6.407675 -5.242179
-5.575576 6.347968 -4.298319
-6.010359 5.673144 -3.785868
-5.461452 5.005897 -4.186509
-5.556465 5.028345 -3.239145
-5.448718 5.358228 -4.126049
-4.978830 4.713672 -4.646417
-5.689084 5.103666 -5.146893
-4.970436 5.694767 -5.349808
-4.532943 5.976446 -6.147484
-4.731395 6.652191 -6.788587
-5.070084 6.041789 -6.140722
-4.231862 6.161221 -6.576784
-5.052144 5.678349 -6.608415
-5.870779 5.902163 -6.176242
-5.718093 5.106705 -5.675281
-6.015870 4.990902 -4.778091
-5.721215 4.381817 -4.107850
-6.291968 3.649176 -3.896880
-5.904645 4.308953 -3.329690
-5.253706 4.549221 -2.677327
-5.741038 3.929503 -3.211634
-5.897190 3.226413 -3.834781
-5.349778 2.626044 -4.331698
-5.865828 2.050484 -4.887984
-6.408659 2.792210 -5.137397
-6.331087 3.142545 -4.255197
-5.660448 2.652165 -4.720815
-5.146462 1.851465 -4.679250
-4.952985 1.679530 -3.762715
-5.604308 2.048813 -4.351306
-5.249779 2.089841 -3.468324
-5.081214 2.438116 -4.338566
-5.478225 1.851637 -4.975318
-5.491401 2.776207 -4.747223
-4.828693 2.477041 -5.362324
-4.222140 2.263537 -4.659801
-3.931795 2.264010 -3.752757
-4.279563 1.613980 -4.355706
-3.668512 2.331768 -4.491455
-3.337752 2.968883 -5.117323
-3.327326 2.983209 -4.165107
-4.243687 2.727658 -4.120322
-3.552079 3.105081 -4.655354
-2.950250 3.167412 -3.919863
-3.347270 2.359130 -3.609886
-4.140115 2.428878 -3.086856
-3.540599 1.982650 -3.677187
-3.584016 2.590769 -4.408854
-3.458623 1.987176 -3.682918
-4.375466 1.818063 -3.488418
-4.420759 1.095244 -4.106891
-4.994821 0.563897 -3.563611
-5.585145 0.221458 -2.899320
-5.822719 0.941479 -3.475651
-6.420337 0.348208 -3.920522
-6.410543 0.986602 -3.213850
-5.849658 0.844473 -3.970312
-5.603987 0.743920 -4.884951
-5.995916 -0.105086 -5.065530
-5.556629 -0.677218 -5.687399
-5.829654 -0.300799 -6.518540
-5.230419 -0.855987 -6.028935
-4.755345 -0.634287 -5.233835
-4.221416 -1.115522 -5.858626
-3.604724 -0.417824 -6.058470
-2.715293 -0.553056 -5.745974
-2.192040 -1.243540 -6.141535
-2.723511 -1.422009 -6.911415
-3.260439 -0.693654 -7.208466
-2.415952 -0.396827 -7.533679
-1.913146 -1.145300 -7.227082
-1.493904 -1.946731 -6.928797
-1.324045 -2.765867 -6.473610
-1.205804 -3.472854 -7.100682
-1.108228 -4.079253 -6.372816
-0.209081 -4.341012 -6.199475
-0.181762 -3.763594 -5.442593
0.382803 -3.650735 -6.201249
0.914464 -3.370130 -6.939915
1.429576 -2.709910 -6.486264
2.132729 -2.073283 -6.571770
1.340309 -2.542260 -6.328540
0.856230 -2.273438 -5.553664
0.225173 -2.958791 -5.355959
0.443875 -2.133226 -5.777432
1.030145 -2.108984 -5.027280
1.082893 -1.698962 -4.169300
1.630690 -1.981378 -4.895378
2.023858 -2.570727 -4.258890
1.509325 -2.244764 -4.991033
0.761533 -1.950290 -5.502035
0.764263 -2.874203 -5.270931
1.624632 -3.241596 -5.449299
1.119825 -3.971136 -5.795666
1.003118 -3.035311 -5.662846
0.629830 -3.597624 -6.334776
0.394058 -4.345856 -6.874766
-0.140348 -4.026630 -7.595553
0.252962 -4.238921 -8.436546
-0.682907 -4.210356 -8.262297
-0.289760 -4.876139 -7.706241
0.330324 -4.179925 -7.511791
0.532831 -3.344772 -7.922329
1.269418 -3.591144 -7.371175
0.506774 -4.053251 -7.705631
1.103593 -3.465894 -7.251927
0.468468 -3.368578 -7.954902
1.160786 -2.768719 -7.694338
0.382420 -3.272884 -7.477559
1.184235 -3.560044 -7.051342
0.982575 -4.448451 -6.773683
1.492400 -3.844483 -6.242336
1.906327 -3.496273 -5.458471
1.945991 -3.348929 -6.398549
1.302174 -3.135655 -7.067161
1.088754 -2.318423 -6.627146
1.121745 -3.157088 -6.177053
1.849550 -3.712267 -5.914172
2.493205 -3.137011 -6.316439
3.019830 -2.424138 -6.665020
2.235590 -2.905412 -6.910730
2.184111 -2.048631 -7.323411
1.572534 -2.275396 -8.017371
2.358880 -1.749890 -7.905416
2.613527 -1.156264 -8.605268
2.702570 -0.419176 -9.201759
3.070561 -0.262472 -8.337435
2.729627 -0.707039 -9.107600
3.391519 -0.639414 -8.426164
3.755723 -0.961386 -9.245138
3.957249 -0.606653 -8.384568
4.051303 -1.545188 -8.252900
3.250068 -1.174216 -8.609875
3.600569 -1.517298 -9.426253
3.188952 -2.044187 -8.748028
3.070381 -2.638355 -9.482830
3.303631 -1.769062 -9.171458
2.521310 -2.210868 -9.487386
1.591523 -2.357234 -9.632653
1.208212 -2.999148 -9.042696
0.438037 -2.797567 -8.519987
0.450531 -2.084057 -9.150682
-0.086585 -2.635882 -8.590302
-0.592501 -2.946204 -9.335137
-1.403049 -2.955606 -8.835183
-1.221695 -3.445855 -8.039070
-1.961561 -3.573031 -7.453021
-1.253273 -3.845392 -6.877541
-1.506698 -3.237814 -6.189316
-2.192394 -3.859986 -5.966263
-2.442812 -4.700385 -6.337813
-2.519051 -3.970407 -5.730895
-2.315442 -4.769598 -6.207201
-1.780296 -4.715233 -6.993135
-0.896732 -4.404047 -7.164911
-0.345930 -3.977209 -6.515716
0.296453 -4.247370 -5.866573
-0.324245 -3.532858 -5.972571
-1.005186 -2.882944 -5.827794
-0.417551 -3.513675 -5.422957
-1.203395 -3.597197 -5.954466
-1.821014 -3.648288 -5.231302
-2.422392 -4.386765 -5.236210
-1.888468 -4.897825 -5.836852
-2.424196 -4.287282 -6.334106
-1.890758 -4.803037 -5.737055
-2.480048 -4.056381 -5.784710
-3.319622 -3.756947 -6.120097
-3.961601 -4.224646 -6.645596
-3.247302 -4.720901 -6.257605
-3.350955 -4.078840 -6.953337
-3.272133 -3.143652 -6.791351
-3.617154 -3.648534 -6.061226
-3.463743 -3.379102 -6.961726
-3.407164 -2.542127 -7.412613
-2.993428 -3.312950 -7.789022
-2.547837 -3.236630 -8.627266
-2.038397 -3.708513 -7.975479
-2.794070 -4.248492 -7.764739
-2.944397 -4.522827 -6.865199
-2.735051 -4.679955 -5.949495
-3.443547 -4.268853 -6.435354
-2.784676 -4.767463 -5.961742
-2.192896 -4.507846 -5.262154
-1.452537 -4.179661 -5.763346
-0.617210 -4.504250 -5.441010
-1.367554 -4.450200 -6.025040
-1.696680 -3.556501 -6.027717
-2.631132 -3.378375 -6.073539
-2.073760 -2.840616 -5.519301
-2.730331 -3.084432 -6.164667
-3.442803 -2.521374 -6.451685
-2.893114 -2.717150 -7.204376
-2.809434 -1.937195 -7.744469
-2.435476 -1.371284 -8.412996
-2.522903 -0.826774 -9.189459
-2.691865 -1.346416 -9.969493
-1.985309 -1.916283 -9.681291
-1.402937 -2.668973 -9.644842
-2.311962 -2.695412 -9.361994
-1.689842 -2.530282 -8.660049
-2.243432 -2.915281 -9.332612
-1.754357 -2.661813 -8.555703
-2.213323 -1.867319 -8.810967
-2.290104 -1.858890 -9.760210
-2.745285 -1.816778 -8.924706
-2.816746 -1.386528 -9.771350
-3.519391 -0.778453 -9.980072
-2.861830 -1.467260 -9.993744
-2.655919 -1.267272 -10.901838
-2.860203 -1.171306 -11.827088
-2.298399 -0.663278 -12.404420
-1.371193 -0.851507 -12.295385
-1.972970 -1.548768 -12.537710
-2.086553 -0.789737 -13.101627
-1.544773 -1.478844 -12.729290
-1.101880 -2.182889 -12.265396
-1.502233 -3.032262 -12.106300
-1.117137 -3.696790 -11.543154
-0.465252 -3.309581 -12.119474
-1.307043 -3.538048 -12.501863
-1.032309 -2.647619 -12.698553
-0.913296 -3.007903 -11.825019
-1.371708 -2.452159 -12.447946
-1.728523 -3.062985 -13.085601
-1.436268 -2.950469 -12.186181
-1.956328 -3.747365 -12.225221
-2.440314 -2.928095 -12.185420
-1.936397 -3.071100 -12.980810
-2.603026 -2.964013 -12.309120
-3.210862 -2.746214 -11.609028
-2.648541 -3.382755 -11.178168
-2.601015 -2.455417 -11.389860
-3.360712 -1.919870 -11.182306
-4.080730 -2.236144 -11.719498
-4.943160 -1.956222 -11.428145
-5.736023 -2.088222 -11.939000
-5.152573 -2.445238 -11.276312
-4.826974 -3.340168 -11.287055
-5.654562 -3.031236 -10.931119
-5.047335 -2.625250 -10.319989
-4.607836 -2.015944 -10.905323
-5.465297 -1.895599 -11.301944
-4.791092 -2.565400 -11.239944
-4.901549 -1.805272 -11.803002
-5.850435 -1.788490 -11.723236
-5.098204 -2.283031 -11.412419
-5.738185 -2.520250 -12.076633
-5.511858 -1.603955 -12.203950
-6.434210 -1.390824 -12.308212
-7.100707 -0.908825 -11.828120
-6.483375 -0.647376 -11.151676
-5.751254 -1.256466 -11.145541
-5.644369 -1.911454 -10.462464
-4.936189 -2.418002 -10.076563
-4.413409 -2.492594 -9.283992
-3.564163 -2.922893 -9.309545
-4.009420 -3.623076 -9.777005
-4.541112 -3.128163 -10.392954
-4.543184 -2.473770 -11.084905
-4.349398 -2.487380 -12.017263
-4.913770 -2.371614 -12.775625
-4.631835 -1.635816 -12.240700
-3.765210 -2.019864 -12.332893
-4.317232 -1.473875 -12.884433
-3.734990 -1.462423 -12.130849
-4.163932 -0.975370 -11.433842
-4.542640 -1.511435 -10.743738
-4.981733 -2.353754 -10.812475
-4.111651 -2.345592 -10.425278
-3.663642 -3.144660 -10.685678
-3.056500 -2.724249 -10.084294
-2.263471 -2.779144 -9.559774
-1.824470 -2.172736 -8.971066
-1.588083 -2.360750 -9.874283
-1.947616 -3.239818 -9.803528
-1.938177 -4.181463 -9.661246
-1.178219 -4.035624 -9.106068
-1.738943 -3.491611 -9.650740
-2.683109 -3.382349 -9.590395
-1.975195 -3.896950 -9.214799
-2.485211 -3.345074 -8.629695
-2.667953 -3.072089 -7.735764
-2.992071 -3.323200 -8.595369
-2.259059 -3.116573 -9.167233
-2.407018 -2.401736 -9.778908
-3.240551 -2.395585 -10.239575
-3.753551 -3.145480 -10.525090
-3.088741 -3.708537 -10.140353
-3.698002 -2.976750 -10.158205
-3.655666 -2.035158 -10.294733
-2.855658 -1.754995 -9.860537
-3.124509 -2.443909 -9.260414
-3.723761 -2.876317 -8.659625
-3.107501 -2.489546 -9.274166
-3.862376 -2.449682 -8.694852
-3.744040 -3.269287 -9.165250
-2.952427 -2.760278 -9.311160
-3.456935 -3.432544 -8.863322
-3.083953 -4.277677 -8.631668
-3.438920 -3.852747 -7.856772
-2.904034 -3.240930 -8.353370
-2.342700 -3.573018 -7.659359
-1.477810 -3.882588 -7.408038
-0.811349 -3.649329 -8.047138
-0.451395 -4.395772 -7.577793
-0.469771 -3.653994 -6.980753
0.351268 -3.186531 -7.100766
1.048862 -2.568178 -6.905750
0.370886 -2.121935 -7.403994
1.037528 -1.444571 -7.342383
1.642663 -1.504572 -6.609416
1.784598 -2.338889 -7.046222
1.137495 -2.690708 -6.442476
0.928932 -2.193930 -7.227805
0.342494 -2.559119 -6.572247
-0.419712 -2.723385 -7.119134
-0.430934 -3.231746 -7.924412
-0.832171 -2.616583 -7.318102
-1.495110 -1.935594 -7.256490
-1.871688 -2.740648 -6.914278
-1.101513 -3.194634 -6.586014
-1.329430 -3.369542 -7.494029
-2.272961 -3.240020 -7.496258
-2.263039 -2.627381 -8.225370
-2.755127 -1.951139 -7.769766
-3.205215 -1.412680 -8.413591
-4.100913 -1.279996 -8.708803
-3.486026 -1.693561 -8.110550
-3.922526 -1.195985 -8.795324
-3.979284 -1.955475 -9.367147
-3.774195 -1.028411 -9.441448
-4.474347 -0.794491 -10.043194
-5.401696 -0.858783 -9.836029
-4.669978 -1.455130 -9.709584
-4.875511 -2.379854 -9.807915
-5.276189 -1.978610 -9.042742
-5.350494 -2.275725 -9.944535
-4.487325 -2.597088 -9.702268
-5.297443 -3.097611 -9.716882
-6.139935 -2.926314 -9.307133
-5.825788 -2.418413 -8.565259
-4.965130 -2.233600 -8.201749
-4.669762 -3.139021 -8.201009
-5.339351 -3.648169 -8.647605
-5.622415 -4.077986 -9.448954
-6.230068 -3.489430 -9.011472
-5.531784 -2.905829 -8.730690
-5.969648 -2.949783 -9.575305
-5.789105 -3.584990 -8.889050
-5.787088 -2.643009 -8.748712
-5.689168 -2.700972 -9.694271
-5.071190 -2.162710 -10.179457
-5.568679 -1.430931 -9.827271
-5.674865 -2.036544 -10.554588
-5.467689 -1.528947 -11.333338
-6.238199 -2.004977 -11.627854
-6.409438 -1.120915 -11.937922
-5.687754 -1.363936 -12.509887
-4.983278 -1.405010 -13.149462
-5.408413 -0.684275 -12.694673
-6.054397 -1.382783 -12.651995
-5.426146 -1.876407 -12.133667
-6.198190 -1.906590 -11.576831
-5.477549 -1.961982 -10.956640
-4.782094 -2.031910 -11.603543
-5.461707 -1.639970 -12.143487
-4.816957 -1.720181 -11.447144
-4.246535 -0.995538 -11.684929
-4.877765 -1.252441 -11.019661
-4.715868 -2.020184 -10.479855
-5.311484 -1.573177 -9.886174
-5.410410 -2.315299 -9.297533
-5.062566 -3.104048 -8.892675
-4.488954 -2.490351 -8.443926
-3.795298 -3.045906 -8.786314
-3.521377 -2.162836 -9.014757
-3.403653 -2.143354 -8.069881
-3.792553 -2.295978 -7.214024
-2.979986 -2.148562 -7.688399
-3.184095 -2.137138 -6.758217
-4.053684 -1.868133 -7.038363
-3.786853 -2.515018 -7.684406
-3.618457 -1.577726 -7.696878
-4.194398 -1.733764 -6.954603
-4.638862 -2.479886 -6.563728
-4.210494 -2.356149 -7.405286
-4.703411 -1.546821 -7.500418
-3.932037 -1.157538 -7.099831
-3.757571 -0.249107 -6.873242
-2.909371 -0.582595 -7.149596
-3.567459 -0.403650 -6.484819
-2.965691 -1.125524 -6.330530
-3.881147 -0.949448 -6.135672
-3.283524 -1.687151 -6.060384
-3.364922 -0.856322 -6.518779
-4.045154 -0.600133 -5.903409
-4.634248 -0.978901 -5.258013
-3.762410 -1.340177 -5.386111
-4.392992 -0.781966 -4.941370
-4.986018 -1.417605 -4.552378
-4.035030 -1.366907 -4.543292
-3.275084 -1.820470 -4.191455
-2.665695 -1.205935 -4.588974
-2.241324 -0.474777 -4.150401
-1.357778 -0.532590 -4.501161
-0.700913 -0.036407 -4.022246
-1.134030 0.362699 -4.770681
-0.822258 0.547595 -5.651386
-1.564561 0.375988 -6.222846
-1.595760 0.913726 -7.008271
-0.757104 0.536352 -6.760735
-1.609610 0.829205 -6.453327
-1.861820 1.739696 -6.333226
-2.155922 0.918361 -5.951202
-1.304950 0.499490 -5.865055
-0.438678 0.842555 -6.062310
-1.023578 1.591607 -6.124308
-1.577984 2.292877 -5.795852
-1.135567 1.489708 -6.053173
-1.721504 0.896769 -6.513750
-2.181502 1.692485 -6.763282
-2.267928 1.202179 -7.575170
-1.573614 1.840796 -7.706037
-2.293644 1.273347 -7.447990
-2.452093 0.910933 -6.581630
-2.931566 0.194523 -6.986467
-2.840510 -0.436995 -6.279414
-2.165781 -0.728776 -5.673911
-1.673806 -0.168188 -5.081686
-0.829087 -0.336410 -5.488110
-0.820958 -1.056564 -6.111280
-1.365142 -0.563395 -5.504914
-2.156180 -0.736234 -5.003502
-2.853715 -1.318670 -5.288531
-3.730609 -1.485441 -4.956453
-3.382823 -1.949717 -4.201125
-3.629186 -1.521821 -5.015520
-2.985407 -0.823113 -5.081741
-3.927789 -0.959298 -5.061736
-4.126715 -0.356275 -4.351932
-3.615132 -0.918490 -3.778149
-3.485033 -1.648448 -4.375866
-4.230964 -1.858000 -3.822054
-4.288000 -1.549075 -4.721133
-5.092320 -1.155950 -5.046021
-5.456333 -0.896121 -5.886861
-5.818815 -1.521779 -5.267031
-5.101990 -1.605406 -4.645584
-5.935408 -1.490882 -4.199120
-5.900611 -1.894533 -5.061028
-5.301345 -2.623682 -4.933550
-5.394630 -3.136491 -5.730642
-4.779549 -3.627652 -5.194484
-4.503749 -3.423347 -4.306102
-4.787967 -2.594413 -4.679089
-4.335703 -3.427147 -4.774181
-3.900591 -3.404929 -3.927295
-4.352714 -2.876605 -4.578055
-3.929350 -2.062930 -4.321686
-4.246175 -2.421211 -5.145268
-4.515100 -3.303113 -4.906611
-3.595442 -3.322394 -4.659858
-3.088497 -3.381696 -5.463922
-2.403261 -3.867363 -5.912930
-2.462083 -4.733026 -5.520250
-2.001413 -3.910146 -5.387277
-2.152248 -3.416504 -6.187650
-2.583325 -4.000096 -5.570704
-3.078534 -3.858027 -6.371711
-3.206240 -3.112148 -6.949971
-3.365889 -2.555720 -6.193710
-2.581369 -2.240776 -5.755111
-3.100971 -3.037913 -5.714919
-3.195350 -3.828980 -5.193062
-3.774204 -4.304761 -5.780932
-2.938944 -4.215089 -6.229629
-3.159163 -3.817746 -7.066678
-3.990324 -3.631675 -6.640558
-4.559640 -3.105560 -7.193832
-4.987464 -2.450313 -7.736649
-4.313946 -2.142478 -7.137783
-3.666756 -1.904101 -7.794557
-3.100681 -2.470899 -7.279456
-2.875993 -2.695350 -6.381589
-3.126447 -3.534087 -6.006322
-2.923036 -3.306980 -5.104061
-2.169147 -3.528648 -4.565968
-2.869530 -4.163366 -4.682695
-2.719314 -3.573168 -5.414904
-3.373723 -4.066394 -4.929615
-4.036470 -3.382440 -4.929560
-4.317469 -2.681950 -4.348712
-4.809830 -1.954488 -4.716691
-5.420285 -1.676863 -5.392930
-4.866790 -2.202250 -5.962703
-5.552842 -1.949377 -5.352444
-6.077318 -2.660533 -4.997182
-5.230495 -3.095317 -5.026889
-5.621725 -3.003440 -5.890328
-6.540480 -2.815548 -6.056509
-7.000897 -2.168227 -6.581885
-6.408057 -1.691876 -6.008596
-6.609956 -1.463800 -5.106239
-6.070632 -1.569215 -5.884088
-6.111705 -2.100564 -6.673398
-6.021621 -2.104743 -5.725296
-5.327866 -1.697948 -5.215149
-5.612720 -2.150090 -6.003472
-6.456221 -1.780467 -6.246195
-5.809014 -1.122776 -6.481984
-6.371126 -1.834365 -6.190948
-5.647527 -1.216029 -6.224022
-4.961297 -0.644858 -6.555508
-5.898879 -0.778112 -6.656565
-6.190750 -1.117153 -5.815795
-6.612288 -0.771586 -5.034823
-6.270441 -0.280209 -5.775578
-7.062092 -0.396743 -5.259112
-7.681362 -0.371384 -5.982226
-7.670708 -1.303989 -5.789442
-6.733793 -1.409001 -5.924326
-6.856105 -2.059041 -6.609539
-7.462807 -1.566933 -7.154307
-6.807616 -1.100330 -7.664244
-6.462528 -0.773850 -6.838802
-5.999282 -0.055442 -6.418894
-5.945734 -0.822890 -5.857481
-5.202278 -0.534184 -5.336951
-5.766711 -0.032282 -5.917071
-5.786050 0.512985 -6.697673
-5.141110 1.032421 -6.227285
-5.971851 1.123748 -6.683964
-5.654535 1.958690 -7.014435
-6.285377 2.263245 -7.659660
-6.251474 2.072231 -8.592072
-6.464988 2.787426 -9.183629
-5.804538 2.544162 -9.825234
-5.266006 2.547711 -10.610728
-4.922114 3.176987 -9.984005
-4.313370 3.883904 -9.792359
-3.546195 3.997990 -10.345040
-3.168484 4.787111 -9.968675
-3.094476 4.140398 -9.273469
-3.635318 4.741523 -8.770310
-4.457682 4.561458 -8.324975
-4.356970 3.894250 -8.997076
-3.590735 3.455380 -8.640278
-3.124705 4.130707 -9.123786
-2.522000 3.743402 -8.496274
-2.693914 2.943260 -8.009192
-1.927194 2.714435 -7.492657
-2.039048 3.073563 -8.367611
-1.304880 3.241972 -8.950420
-1.023955 2.430161 -8.539235
-1.560235 2.069549 -9.238800
-0.806067 2.548617 -8.909027
0.090519 2.475389 -9.221758
0.703041 2.820689 -8.579407
0.056453 3.050621 -9.239774
-0.178612 2.454520 -8.535190
0.010986 3.256706 -9.012244
0.628997 2.623190 -9.364022
1.218297 2.012694 -9.796515
0.638318 1.340058 -9.452692
0.770195 1.616750 -10.354402
1.693276 1.697769 -10.134433
1.131950 2.315504 -9.675800
0.417269 2.767742 -10.113682
1.040420 2.133337 -10.454626
0.806314 1.716119 -11.278127
0.704808 2.500965 -11.807978
1.513793 2.333738 -11.334050
1.917403 1.471119 -11.338007
2.175809 2.225390 -10.817111
2.411841 1.720278 -10.044984
3.099131 1.844271 -10.692509
2.987815 0.928383 -10.928703
3.491596 0.331447 -11.473590
3.363856 0.731678 -12.328298
2.995496 -0.116478 -12.556270
3.056596 -0.243596 -11.614390
2.474054 -0.798427 -11.104647
2.276158 -0.080869 -11.698766
2.599435 -0.859605 -11.255944
2.312279 -1.732754 -11.006584
2.462650 -0.827176 -10.752918
2.006480 -0.228040 -11.335992
1.196815 -0.134251 -10.843370
1.179240 -0.770298 -11.552006
0.998615 -0.857302 -10.620967
1.437575 -1.533210 -11.128404
1.978143 -1.421960 -11.904573
2.924370 -1.529666 -11.895473
2.396591 -2.159754 -11.414362
1.824850 -1.402126 -11.492724
2.119537 -2.259463 -11.784549
1.680461 -1.705903 -12.423150
1.149364 -1.350550 -11.716970
1.579888 -1.968970 -12.299410
0.812769 -2.054264 -12.857336
-0.051334 -2.398387 -12.652554
0.400804 -1.576777 -12.818558
-0.379074 -1.519073 -12.274969
-0.229718 -2.006849 -11.470731
0.242155 -1.384139 -12.015339
0.731671 -1.894640 -12.653142
0.166727 -2.614836 -12.916171
-0.250214 -3.267091 -12.361417
-0.770789 -2.850156 -11.681567
-0.151841 -2.311755 -11.197771
0.118694 -1.521040 -10.741033
-0.241698 -2.399485 -10.666999
0.124872 -1.914210 -9.934084
0.878469 -1.827329 -10.509908
0.310982 -1.299236 -9.956639
-0.408696 -0.857893 -9.515833
-0.094647 -1.516901 -10.127480
0.446769 -2.168474 -10.562625
1.021482 -2.883599 -10.818225
1.456314 -2.246757 -11.377137
1.260261 -2.858800 -10.674289
1.892782 -2.193455 -10.420788
2.559190 -2.054980 -9.754639
3.464954 -2.027108 -10.047630
3.242331 -1.285873 -9.492617
3.263550 -0.346112 -9.645682
2.536772 -0.796727 -9.226432
3.128024 -1.052997 -8.525164
3.748082 -0.799816 -7.848070
2.815831 -0.930562 -7.703690
3.080976 -0.057200 -7.431721
2.334350 0.527589 -7.344530
2.236184 -0.263185 -7.866133
2.831070 0.391143 -8.219679
3.026770 -0.139019 -8.986269
3.247457 0.465405 -9.688407
3.101095 1.092588 -10.390011
2.476747 1.680795 -9.976213
2.588470 2.285807 -9.249228
3.184544 1.581887 -9.486337
2.273512 1.350190 -9.639203
1.785159 0.651822 -10.064435
2.315998 -0.038189 -10.450602
2.842663 0.245263 -11.191756
3.314887 0.879666 -10.661128
4.131839 0.672267 -11.104529
4.202450 -0.170719 -10.667014
3.682145 -0.465029 -11.408428
2.987240 0.142229 -11.643748
3.208093 0.893299 -11.101395
2.675646 1.597933 -10.744995
1.903830 2.133106 -10.587138
2.094334 1.500304 -11.272921
2.511939 1.558124 -12.126908
2.321636 2.199995 -11.449549
1.670633 2.382417 -12.120330
2.316102 2.876060 -11.623625
2.508247 2.421417 -12.438124
2.623601 2.131787 -11.538214
3.199565 2.886626 -11.612455
3.394412 3.767064 -11.306034
2.514787 3.863923 -10.954030
3.014757 3.242100 -11.474027
3.309503 4.111303 -11.728275
2.738858 4.869101 -11.812747
3.444191 4.401433 -11.375915
3.993334 3.850873 -10.826047
3.988735 4.636447 -10.287639
3.347029 5.234990 -10.657757
3.943108 4.547391 -10.376818
3.636290 3.861570 -9.791548
2.878899 4.436218 -9.847819
2.682535 3.523557 -9.659353
2.863234 3.209935 -8.778433
3.519975 2.626750 -9.146692
3.811152 1.880297 -8.631858
4.053961 2.287702 -9.457748
4.063629 3.043312 -10.037393
4.065679 3.734589 -10.692499
3.442284 3.631120 -9.979967
3.131400 3.988947 -10.806006
2.251704 3.824074 -10.480457
1.680601 3.161001 -10.104686
1.958854 2.505630 -9.472156
1.063790 2.624965 -9.169420
1.595255 3.185673 -8.612481
0.800394 3.027526 -8.112267
0.153867 3.659661 -8.411328
-0.473488 2.960162 -8.566752
-1.071483 2.458390 -9.112330
-0.870386 3.215229 -8.570310
-1.095064 2.961050 -9.460222
-1.989440 3.137625 -9.735797
-1.254051 3.480058 -9.236825
-0.851678 4.175437 -8.725382
-1.110149 4.596103 -7.910972
-0.747123 5.476323 -7.889624
-0.114891 6.133993 -7.616161
-0.871777 6.187866 -8.191706
-0.664701 7.117038 -8.219781
-1.611588 7.166629 -8.309095
-1.697756 7.516216 -9.190793
-2.064981 8.285295 -9.615874
-1.697209 7.770315 -10.327610
-1.769571 7.474437 -9.425253
-1.162002 6.788407 -9.684581
-1.691958 6.164064 -9.198400
-1.654073 6.859090 -9.848425
-0.979407 7.411649 -10.231222
-1.550174 6.695045 -10.491478
-1.441772 6.435007 -11.401235
-0.608429 6.429590 -11.862255
0.023079 6.652287 -11.185030
0.747739 6.073364 -11.401235
1.022421 5.165777 -11.489928
0.836246 4.769702 -10.644060
0.853167 5.676459 -10.934809
1.331140 6.319870 -11.449194
0.458143 6.512342 -11.777614
-0.208003 6.322705 -12.431310
-0.761429 5.745624 -11.913887
-0.617822 5.087175 -12.586830
0.215879 4.714776 -12.316107
-0.534932 4.198446 -12.593082
-1.144682 4.700876 -12.061293
-1.122325 4.368282 -11.169155
-2.051356 4.485379 -10.995324
-2.441293 5.345079 -10.869249
-1.696856 4.805272 -10.621355
-1.204300 4.474188 -9.876506
-1.003852 5.268550 -10.362138
-1.565109 5.211845 -9.594802
-0.690837 5.021838 -9.921264
-0.559404 4.414948 -10.643370
-0.964066 3.552853 -10.651861
-1.105850 3.670309 -11.586276
-1.356404 3.204659 -10.794175
-2.013223 3.861584 -11.004098
-1.956820 3.053292 -10.503586
-2.336883 3.595555 -11.188080
-2.471645 4.044152 -10.358847
-1.912879 3.473297 -9.840257
-1.671862 3.764188 -10.714513
-1.382466 2.973310 -11.159250
-1.132296 3.614372 -11.817643
-1.508583 3.035288 -11.161825
-1.396582 3.943956 -11.424135
-0.704286 4.000650 -12.075704
-0.250770 4.833093 -12.167310
-0.817795 5.597990 -12.146214
-1.211940 5.564763 -13.012571
-1.507027 5.016158 -13.732978
-2.057280 4.835026 -14.488916
-2.695153 5.469622 -14.176771
-2.361650 4.768812 -13.624801
-1.814147 5.014977 -14.364174
-0.960706 4.648070 -14.574049
-0.178883 4.106018 -14.529753
-0.667347 4.827866 -14.145868
-1.455477 4.365373 -14.414160
-2.037283 5.082481 -14.181162
-2.477489 5.869837 -13.875680
-2.570742 6.019470 -12.939762
-1.699201 5.841682 -13.280110
-1.198716 5.482050 -14.006203
-1.415894 4.629690 -13.641040
-1.673986 3.923878 -13.056019
-1.642790 4.388420 -13.886837
-2.128272 3.941466 -13.200129
-2.661749 3.525748 -13.870659
-2.273457 4.394758 -13.837791
-2.092778 3.833470 -13.089901
-1.337723 4.147437 -12.601695
-1.128638 3.679590 -13.404460
-1.007479 2.807329 -13.767104
-1.806839 3.088011 -13.332052
-2.499090 2.481714 -13.577452
-2.835582 3.351877 -13.768815
-2.621879 4.154978 -14.233992
-1.938347 4.193836 -14.896036
-1.284340 3.505883 -14.973654
-0.485546 3.612250 -14.466070
0.194655 2.947224 -14.511845
-0.425262 3.568029 -14.882430
-1.141059 3.277390 -14.325479
-0.244567 2.976411 -14.438355
-1.006712 2.405956 -14.465635
-0.548826 1.825982 -15.066467
0.068155 1.212785 -14.678713
0.058474 2.134690 -14.439911
0.509128 1.558869 -13.829690
1.120676 1.218850 -14.475775
1.753582 0.715282 -13.972905
1.082106 1.149576 -13.455663
0.983693 1.592822 -14.292848
1.633553 2.166515 -13.898402
1.056027 1.750874 -13.265366
1.421379 1.504057 -12.421193
2.229569 1.806800 -12.018443
1.310603 2.056832 -12.022340
1.543117 2.980106 -12.045434
1.813053 3.755208 -12.528530
1.371420 4.139357 -11.777251
1.753348 4.963167 -12.064478
1.424354 4.132303 -11.735150
1.972659 3.561380 -12.264714
1.528904 2.974970 -11.659542
1.512293 2.024753 -11.721532
2.171765 1.730228 -11.100742
2.179652 2.661040 -11.302125
2.735349 2.420213 -10.567119
2.263266 2.979508 -11.176510
2.510388 2.456356 -10.420023
1.930118 2.975916 -10.968088
1.109469 3.332131 -11.294698
1.975033 2.960826 -11.435980
1.656318 3.857487 -11.474057
1.096750 3.820946 -12.243849
1.665211 3.313508 -12.815152
2.603421 3.353591 -12.656452
1.855071 3.147584 -12.104579
2.759210 2.854117 -12.045923
3.242380 2.839796 -12.866514
2.316948 2.754069 -12.658538
2.758939 3.336527 -13.268797
2.638081 3.667297 -12.383916
2.042205 4.055455 -13.017394
2.651720 4.309915 -12.331267
2.257368 4.553606 -11.499322
2.338455 3.951384 -10.765986
3.102426 4.402559 -11.112135
2.673313 4.914113 -11.791255
3.235965 4.495176 -11.147093
3.034868 5.187417 -11.769501
2.390440 5.338226 -11.084666
3.105599 5.794814 -10.652110
2.361598 6.048511 -10.114404
3.052620 5.446717 -9.854862
2.325014 5.150867 -10.393465
3.118682 4.895815 -10.853976
3.636851 4.217606 -11.276541
2.715948 4.432791 -11.164025
2.816634 4.488587 -12.109424
3.614989 4.439357 -11.592474
3.003128 4.551310 -12.313670
2.775293 5.266650 -11.727657
3.392993 4.811733 -11.163275
2.558087 4.734337 -10.711645
3.007515 5.202342 -11.408792
2.174758 5.612944 -11.196777
1.609490 4.943958 -11.570889
1.189983 5.593173 -11.014506
0.783925 5.908159 -10.212676
1.012216 5.442089 -11.011232
0.100090 5.229970 -11.184616
0.933398 5.157463 -10.729237
1.044267 4.211578 -10.735529
0.369310 4.819821 -11.021017
-0.100016 5.317198 -10.358161
0.408310 5.580790 -11.119182
-0.494313 5.416162 -10.863845
-1.137034 5.357667 -10.163474
-1.718847 4.843237 -9.612216
-2.437793 4.234223 -9.750949
-3.016874 3.756674 -9.164739
-3.612432 4.073697 -8.492550
-3.175287 4.706225 -7.930551
-3.257336 5.286300 -7.179679
-3.945043 5.431564 -7.822321
-3.779778 6.111029 -7.175757
-4.678525 6.378438 -7.342419
-4.428107 5.833187 -6.602811
-4.804501 6.689568 -6.424015
-4.368827 6.134831 -5.784105
-4.276496 5.200370 -5.625090
-4.353651 4.493084 -6.258197
-3.862223 3.727308 -6.539470
-4.506453 4.428692 -6.546923
-5.023256 4.985372 -5.972422
-5.498414 5.750474 -6.282054
