12.619048 5.000028 10.000000
11.960587 5.677656 10.119493
11.340582 5.039137 10.458489
11.680043 5.443890 11.250934
11.775497 4.884245 12.015601
11.396744 5.426413 12.700895
10.858685 6.019527 13.216393
10.473812 6.888581 13.276784
10.348440 7.467393 14.022630
9.453115 7.563899 14.332645
9.440191 8.480394 14.073996
10.128925 8.072939 13.557609
9.467470 8.531702 14.066571
9.972214 8.112171 13.376458
9.573082 8.794115 13.908130
9.307648 8.302261 13.136992
8.623316 7.734037 13.477348
8.609291 7.299704 12.629889
7.983544 7.092631 11.942437
8.601393 7.742096 12.264131
7.936555 7.158951 11.910631
7.478558 7.953447 12.167626
7.101598 8.336252 11.381248
7.796114 8.965404 11.211410
8.429038 8.877697 10.505190
9.286371 8.533221 10.274225
9.244932 9.108146 11.032363
9.926903 9.043957 11.694048
9.258774 8.831698 11.049392
9.754613 9.043275 11.834510
10.434833 8.384477 11.936073
10.056021 8.795784 11.165128
9.651374 9.403654 11.776507
8.732681 9.241420 11.584905
8.089816 9.395897 10.899418
7.488125 9.952853 11.383978
6.682636 9.736070 11.843566
7.223445 9.208018 12.422977
6.727862 9.854937 11.930106
6.266450 10.046943 11.119389
6.336622 10.974816 10.916518
6.928892 11.227225 11.618327
6.625159 11.918687 11.038106
7.302651 11.249376 11.030540
6.599446 11.532914 11.606853
5.973060 11.260791 12.270646
5.072314 11.151216 12.559919
4.451815 11.520225 11.938756
5.219125 11.084572 12.297187
4.340137 10.966000 11.950270
3.667165 10.426117 11.546954
2.958134 10.834343 12.034455
2.238950 11.282572 11.599837
1.531225 11.010390 11.023580
1.654345 10.629650 11.887818
0.759761 10.342567 11.731830
1.557670 10.408503 11.216056
1.747690 9.659770 11.773121
0.988568 9.804716 12.329675
1.533556 10.485838 11.947458
0.778555 9.923652 12.092201
1.375420 10.508146 11.634871
1.268393 9.724261 12.165059
1.686814 9.667677 11.311390
2.452535 9.415358 11.818378
1.827694 10.130337 11.891930
1.253360 10.016380 11.140810
2.165740 10.147726 10.901352
2.072256 10.881610 10.301599
1.837865 10.168648 9.715276
0.982980 10.497177 9.976562
0.282484 9.870482 10.130144
-0.360838 9.485222 9.542996
0.419999 9.262261 9.045391
0.237404 8.343172 8.875202
0.058281 7.548492 9.368585
0.232521 6.968566 10.103673
-0.262331 7.695509 9.738017
-0.242312 8.171975 8.913633
-0.828871 8.729015 8.410956
0.070506 8.848179 8.121215
0.516838 9.504026 7.594260
-0.352264 9.262908 7.900126
-0.042625 8.513785 8.400093
0.738031 8.408471 8.935364
1.051126 9.305996 8.994115
1.781362 9.750189 8.574023
1.451772 10.222725 9.332383
1.100304 10.416255 10.196122
0.490832 10.264709 10.912088
0.192133 10.285353 10.007996
-0.361473 9.766396 9.432469
0.319923 9.101632 9.403860
-0.434176 9.578305 9.070472
-0.372686 9.825754 9.988088
0.319709 9.767684 9.336744
0.797712 10.454570 8.882070
1.707677 10.225967 8.718566
0.842479 10.388356 9.082010
1.609745 10.856340 9.397168
1.907169 10.060775 9.828033
1.595630 9.595554 9.057616
1.590976 9.024923 9.820105
1.552576 8.171591 10.241270
1.097849 8.488286 11.015839
0.625286 7.889934 11.586531
1.033914 8.457575 12.232934
1.962470 8.659870 12.295294
2.694226 9.267538 12.247301
2.014265 9.927010 12.148407
2.629587 9.205602 12.059079
2.936102 8.623783 12.747966
2.104550 8.208809 12.539762
2.570160 8.163768 11.710178
2.445192 7.526110 11.013899
2.088976 7.209081 11.838297
2.618191 6.540901 11.413450
2.990807 6.339994 12.266575
3.827547 6.794844 12.269160
4.378111 6.262479 12.835284
4.272964 5.557600 13.467042
4.089286 5.212031 12.598783
3.783417 5.972885 12.114452
4.371212 5.288550 11.809144
5.286111 5.271020 11.545170
5.908462 5.379900 10.832530
6.550005 4.737983 11.121311
7.080855 4.491969 11.872779
7.922008 4.315839 12.283230
8.635383 3.760580 12.582917
8.728088 4.352097 13.323554
8.224659 3.860125 12.682030
7.919885 3.144689 12.132219
7.282361 3.381372 12.798982
6.734320 4.048940 12.397691
6.642281 4.680825 13.104290
7.371237 4.580059 13.708854
6.761929 3.850780 13.646210
7.238779 4.188358 14.398330
7.717360 3.932667 13.615634
8.469890 3.408951 13.873415
9.323438 3.821053 13.780373
9.139008 3.105569 13.179460
8.610778 2.339362 13.381772
8.162122 1.688614 13.913058
7.918764 0.856245 13.519399
8.516325 1.380158 12.994551
8.585146 0.587670 13.518246
8.248362 1.357133 13.069324
8.790332 1.744956 13.749685
9.372402 1.353945 14.394150
9.064616 1.452814 13.498313
9.626527 0.737630 13.215830
8.900904 0.312847 12.768550
8.052982 0.220927 13.192352
8.930038 0.532656 13.393911
9.480976 1.101216 12.864537
10.174071 1.657940 13.206161
10.477125 2.191030 12.477462
9.737564 1.950949 13.027408
8.892111 2.236038 13.360519
8.744063 2.673193 14.193590
9.370399 3.111621 14.761492
10.032265 2.575087 14.335940
10.007533 3.475330 14.645745
9.076013 3.280197 14.680709
9.724409 3.863120 14.297547
8.790827 3.741805 14.153545
9.443825 3.383721 14.747176
8.656495 3.552369 14.238550
8.429860 4.067057 15.007160
8.761128 4.501660 14.227152
9.126391 3.789766 13.710608
9.486168 3.000757 13.316836
9.050624 2.397499 12.722352
9.633104 3.145951 12.635376
10.332134 3.792762 12.630588
10.899636 4.394306 13.102939
11.615070 4.408712 12.474467
10.697907 4.402039 12.217958
10.884827 3.496828 12.447486
10.797361 3.633915 13.385882
10.189741 3.148959 12.835750
10.307443 4.071962 12.632671
10.694933 3.275545 12.282529
11.389215 2.635795 12.407917
10.928087 2.680071 13.240041
10.489772 1.945286 12.821711
9.998831 1.544912 13.532842
9.927998 1.779457 12.612515
9.449820 1.121744 13.108287
9.204578 1.862478 13.654363
9.513718 1.012566 13.355848
9.227256 1.536983 14.097437
8.450596 1.773350 14.595392
7.922703 2.380552 15.104965
7.127257 2.077753 15.532291
7.950371 2.383777 15.900886
8.347211 3.128550 15.459454
9.200682 2.898812 15.104717
9.868526 2.929353 14.426424
9.670981 2.003430 14.323117
9.094800 2.541662 14.857300
9.879610 3.064770 14.725161
9.364428 3.608425 15.313428
9.790032 3.431258 14.480059
10.054058 3.905316 13.697379
10.418917 3.029484 13.614763
9.847348 3.056237 12.853434
10.321071 3.250779 13.656410
11.123613 3.315299 13.147691
11.624150 3.845543 12.535048
10.972565 3.458355 11.958375
10.475466 2.721406 11.616575
11.249462 2.197290 11.434191
11.344797 1.657937 10.655064
10.661062 1.681282 9.992502
10.073635 0.931649 9.989190
10.644491 1.463040 9.442586
11.058138 2.304893 9.277634
10.613558 3.023785 8.838803
10.205874 2.486315 8.166530
10.621486 3.251094 8.553066
10.541710 4.155940 8.839282
10.695970 4.343870 7.918459
10.691999 3.565959 7.369033
10.478380 4.043239 8.165023
9.871154 3.582200 8.735769
10.645992 3.998223 9.101255
10.897207 3.643317 8.253929
10.416751 3.912945 9.030776
11.284714 4.303458 8.996597
11.733751 5.137929 8.901447
11.490420 5.329191 9.802134
10.875624 4.914920 10.399993
11.215577 5.029273 11.282254
10.886422 4.176056 11.548162
10.234793 3.484199 11.609355
10.857367 3.960547 11.068499
11.529326 4.563715 10.765699
11.276002 4.014283 11.501212
10.616447 3.389513 11.215417
9.959651 3.566558 11.881978
10.159438 3.251390 11.005746
10.181450 2.318873 10.813499
11.064035 2.604613 11.028965
11.555819 3.269132 11.501821
11.037389 3.746773 10.861416
10.375282 3.079508 11.014388
11.075752 2.608396 11.455324
11.061067 3.134467 12.249089
10.366367 3.785605 12.270105
10.858710 4.408370 11.743996
11.039087 3.475648 11.676749
11.543056 3.296998 10.888631
11.582151 4.123825 10.417614
11.593448 3.449425 9.745241
11.095802 3.919690 10.407229
10.628796 3.717428 9.602229
11.099007 4.238572 8.958536
10.819934 3.676888 9.675235
11.394492 4.172730 9.099865
11.827030 5.015167 9.201075
12.195606 4.592902 9.971058
11.411422 4.066335 9.849350
11.692546 3.202338 9.563854
11.215954 3.825541 9.023939
10.366916 3.457429 9.249013
10.304892 3.571144 10.192545
10.268094 2.664390 9.903627
10.802925 3.338236 10.312183
10.690621 2.585848 10.885182
9.922046 2.467243 11.434959
10.355830 2.271539 12.259921
10.237636 1.674110 12.992136
10.313190 2.110189 13.835437
10.200259 2.770178 13.158170
10.767721 3.469812 12.849093
11.383920 3.923970 12.282465
11.086747 4.649851 11.742267
10.426201 4.632010 11.056416
9.821137 5.360362 10.954284
10.538719 4.918213 10.510876
9.625577 5.124356 10.686110
10.096980 5.556089 9.980125
9.482519 5.895439 9.336456
9.557923 5.934454 8.387867
9.912776 6.614743 8.952062
9.309822 5.889574 8.819375
8.819511 6.173470 8.053851
9.479793 5.726518 7.532995
9.000397 5.014019 7.121226
9.145495 5.909536 7.411098
8.998243 5.421808 6.606445
9.807918 4.922030 6.647409
9.147667 5.409690 7.130406
10.094558 5.508770 7.105722
10.272858 4.799949 6.495140
9.859325 5.389248 5.871646
10.145554 4.621463 6.357041
10.594810 5.201513 5.749802
11.007442 5.819810 6.345181
10.384601 5.413041 5.750506
10.102713 4.592169 5.358412
9.681891 4.534609 4.505989
9.232986 3.716239 4.695155
9.639206 3.093837 5.290664
9.338836 3.255509 6.179860
9.308208 3.188460 7.129384
9.692824 3.494597 7.945092
8.754761 3.433172 8.097720
8.199417 2.828502 7.615023
7.739982 3.152102 8.383939
8.666052 3.371541 8.348310
8.274313 2.926787 7.602814
8.467985 2.129496 8.086393
7.703917 1.563065 8.037546
7.027682 0.902798 8.154943
7.148281 0.395351 8.951802
6.786810 0.501145 8.077058
6.958906 1.058650 7.324330
6.199825 1.172028 6.760441
6.607901 1.042153 7.611109
7.372894 1.398715 7.169886
6.860811 1.040313 6.451310
7.353316 0.688236 7.186506
6.930150 1.400872 6.717346
6.348605 0.998603 7.355322
5.962595 0.333344 6.793667
6.391531 -0.511636 6.888817
6.158610 -0.204077 7.759556
5.717347 0.632011 7.644352
5.570907 1.427916 8.146468
6.078295 1.720247 7.395383
6.720592 1.018370 7.352335
7.040257 0.260199 6.872730
7.893250 -0.113051 7.073022
7.720703 -0.445725 6.197472
7.151544 -0.403329 6.959896
6.898179 -0.886891 7.740283
7.093333 -0.120768 8.271317
6.933994 -0.895103 7.740239
6.870530 -0.413430 8.559380
7.602769 -0.201826 9.130414
7.853417 0.463572 8.496813
7.115087 0.809068 8.004339
6.228301 0.976655 7.700110
5.421924 1.041400 7.197523
4.906587 0.267935 6.989652
4.258417 0.852931 7.370028
4.593490 0.132050 6.845540
5.217277 0.480091 7.475450
5.538695 -0.309731 7.051304
6.361937 0.111022 7.279927
5.771145 -0.454631 7.767809
5.919437 -0.112573 6.891432
5.396202 -0.624972 6.282580
5.684728 -0.060621 6.993417
5.001853 0.578329 6.813263
4.131345 0.353840 7.127667
3.419240 0.427917 6.499615
3.234780 -0.459784 6.791149
2.895296 -0.038402 7.574869
2.427797 -0.857248 7.440835
3.022560 -1.025307 8.165433
3.802771 -1.106243 8.705571
3.722548 -0.787468 7.811717
4.272851 -1.500530 8.121131
3.961730 -1.947900 8.902216
4.721884 -1.518883 8.521244
5.433251 -1.112903 9.007212
6.245938 -0.718861 8.705053
6.036082 -1.532554 9.153265
5.361964 -1.275733 9.775066
4.562686 -1.278148 9.257207
5.306122 -1.507597 8.707949
6.250418 -1.606852 8.633906
6.269923 -0.759715 8.199155
5.610078 -0.752078 7.512441
6.329711 -0.512781 6.936337
6.178274 -1.209998 7.567197
5.321440 -1.005984 7.929471
5.267183 -1.798606 8.454673
4.801798 -1.233741 7.845268
5.029565 -1.879194 8.507493
5.981088 -1.916320 8.523467
5.893822 -2.073290 9.458760
6.339100 -1.235607 9.542678
6.918713 -1.797067 9.036871
7.294926 -1.633091 9.896293
6.691113 -1.305594 10.555980
6.324864 -1.878010 11.223237
5.660042 -1.395958 10.740880
6.091024 -2.114492 10.288118
6.488361 -1.642266 9.562752
6.618854 -1.212351 10.402499
6.967422 -1.864753 9.802582
7.478178 -1.560825 9.058415
6.985243 -1.003941 8.463499
6.285092 -1.448565 7.995387
6.631113 -0.707093 7.508027
6.838877 0.156759 7.165066
7.543508 -0.108620 6.581885
7.934745 0.455630 5.921896
7.066698 0.353490 6.300170
6.344510 -0.266676 6.270720
5.778378 0.268703 6.818346
5.554499 0.973390 6.218077
5.123212 0.912700 7.065035
5.549037 0.650132 6.254628
5.399672 -0.067966 6.862126
6.133605 0.427887 7.212129
5.250030 0.077504 7.271755
5.099571 0.216021 8.201919
5.624391 -0.144161 8.910342
6.465188 0.288206 9.025014
7.158710 0.916628 8.848538
7.843754 1.529528 9.097729
7.242361 1.216986 8.428646
7.213801 0.455165 7.857821
6.353047 0.740410 8.148968
6.699435 0.810542 7.264589
6.685061 0.921377 6.318789
6.142003 1.445045 5.737505
5.605870 1.558181 4.958536
5.059027 2.073069 4.372975
5.809588 2.601757 4.119648
6.648334 2.913252 4.445998
5.844705 2.623044 4.866698
5.129261 2.332743 4.309118
4.629146 3.054477 4.677919
3.800209 3.235355 4.245279
4.661180 2.857290 4.094196
5.497307 2.719065 4.528724
6.286820 2.216770 4.705919
6.666772 2.214684 5.579224
7.290620 2.929984 5.500557
7.561605 2.317319 6.177490
6.937165 2.073537 6.854007
6.561635 1.632923 6.097788
7.309442 1.555204 5.513171
6.896619 1.664882 6.364393
7.520230 1.094301 6.803229
7.593693 1.568489 5.980563
6.920862 0.935370 5.749289
7.264036 1.007298 4.863802
6.639300 1.400304 4.261904
6.572010 2.242755 3.822842
6.910357 2.897690 4.425844
6.810357 3.766670 4.802543
6.510454 3.876406 3.905299
7.036951 4.496505 3.410014
6.797040 5.143590 4.066331
7.165132 5.785313 3.466557
7.084854 6.203934 4.318227
6.823096 6.501999 5.184062
7.451039 6.832004 5.819527
6.808409 7.534631 5.838770
6.792067 6.937897 5.096698
7.159052 6.059260 5.078030
7.817920 6.176346 4.400377
8.543426 5.842590 4.919297
9.342626 5.529359 5.331845
8.505165 5.258685 5.695746
7.920266 5.077862 4.966208
8.785297 5.044593 4.569166
8.134653 5.739433 4.539357
8.746309 5.089907 4.872557
9.085995 5.827787 5.369724
8.658457 6.520336 5.864311
8.082439 5.853013 5.503876
8.203659 5.062735 4.986387
7.648501 4.347878 4.690062
7.487471 5.105769 5.243868
8.167284 5.563709 4.758919
7.365533 5.290621 5.194405
6.754045 6.005791 5.341522
6.632370 6.406128 4.485977
5.905840 5.790971 4.458257
5.594061 5.354567 3.671254
4.852710 4.950964 4.112313
4.815548 4.088647 3.709749
5.331797 4.744359 4.168613
4.792393 3.977953 4.338010
5.145105 4.285925 3.508687
4.367945 4.547016 3.024038
5.153898 5.059810 3.186364
4.454164 4.541762 2.800322
5.403948 4.611988 2.803289
5.267997 5.156630 3.572647
5.776152 5.907690 3.281587
5.126477 6.112213 3.947261
5.366104 6.666038 3.210453
5.432722 7.587729 3.440841
6.046518 7.489648 4.162411
5.616863 7.012719 4.865949
4.734383 7.171433 5.186990
4.202442 6.736281 5.846316
5.087029 6.741040 6.199181
4.305292 7.236838 5.975343
3.523132 7.651904 6.326021
4.459077 7.726625 6.485561
5.130907 8.034619 7.086239
5.665197 7.287425 6.834718
4.912850 7.869530 6.788264
4.337207 7.269282 6.324189
4.913793 7.229120 5.567244
5.101247 6.483402 6.129200
4.364750 6.001521 5.765341
4.855097 6.037478 6.580998
5.691848 5.932384 7.023529
5.431853 5.831422 6.112903
5.667849 5.509098 5.248354
6.427487 4.969511 5.051311
7.217490 4.820404 5.561890
6.512184 4.458536 6.089737
6.077690 5.054193 5.486880
5.411260 4.625836 4.958288
6.088135 3.992988 4.738350
5.528750 3.235065 4.598097
5.018870 2.673606 4.022062
4.927591 2.263107 4.876572
4.640901 1.773510 4.111632
5.383295 1.400929 4.577533
4.980592 0.704551 5.087356
5.491570 0.866292 5.874612
5.867797 0.951698 5.003872
6.708761 0.914501 5.449322
6.018030 1.523011 5.693524
5.987605 1.834946 4.794190
5.303257 1.817385 5.456300
5.087846 2.365061 4.707516
4.245102 2.017506 4.431806
3.540979 2.530892 4.047521
3.021403 3.320281 4.165570
2.575098 3.897667 3.553634
3.214921 4.602050 3.592387
2.485911 4.007154 3.739610
1.804387 4.253575 4.357534
2.286376 4.745169 5.015601
2.700870 5.303185 4.364570
3.499774 5.051856 3.911120
2.822447 5.504705 4.404257
3.481377 5.499667 3.716642
4.083603 6.236773 3.684609
3.402604 5.830761 3.156950
4.136579 5.967538 3.748222
4.679024 6.575702 4.241091
5.253721 5.901227 4.590142
5.889802 6.573162 4.364459
6.387821 7.109209 3.754819
6.900231 7.116431 4.557572
6.231550 7.493534 3.993934
6.208030 7.243914 4.912720
6.985038 7.793217 4.873292
6.681210 7.279273 4.131282
7.099387 7.174225 4.980471
6.705975 7.825394 4.407552
7.542011 8.238630 4.600710
7.021221 8.750163 5.212380
6.873869 9.554992 4.724973
6.347774 9.300668 5.477019
6.680107 8.539670 5.010685
7.496144 8.739256 5.459324
8.377360 8.745686 5.820498
8.659704 8.024111 5.266744
7.962970 7.633967 4.747727
7.509632 8.119158 4.065009
7.146565 7.403156 4.577408
7.707720 6.812853 4.083771
8.016398 5.932776 4.276673
7.504639 5.284423 4.750773
8.216669 5.906048 4.867510
7.620783 6.181698 4.177606
7.507887 7.072407 4.495289
7.578758 7.509120 5.338667
8.194296 7.888842 4.719028
7.922359 7.998374 5.625164
7.414505 7.418957 5.065352
7.172621 8.256950 4.682873
7.191621 8.780829 5.477995
7.183975 8.449410 4.585172
6.427223 8.258944 4.039208
5.975267 7.845313 4.768368
5.989598 8.046324 3.837551
6.209264 7.860304 4.745391
6.680279 8.484187 5.289400
6.657290 8.198180 4.381270
5.885468 8.453288 3.885044
6.181584 8.550162 4.785022
5.579953 7.890143 5.115846
5.214510 7.151974 5.593955
5.883191 7.310431 4.934571
5.170868 7.126608 4.329730
4.906414 6.963140 5.229937
4.738525 6.364961 4.508117
4.171386 5.752439 4.966591
3.520092 5.554732 4.300440
4.093964 6.304690 4.176890
3.610795 5.766692 4.796677
3.178813 6.213631 5.518250
2.358425 6.529410 5.151814
2.084585 5.971311 4.430311
2.677399 5.437831 3.909733
2.257908 4.853870 4.534270
1.798940 4.390348 3.840350
1.144524 4.067027 4.452097
2.006894 4.468758 4.496344
2.542986 3.930084 3.922353
3.284436 4.045590 4.508815
3.770021 4.809675 4.804468
4.547190 4.748389 5.351533
4.085922 3.989518 5.695592
3.337917 3.939577 6.282980
2.399447 3.848907 6.417448
2.056579 4.610589 5.959942
1.170615 4.863885 6.200648
1.196343 3.972430 6.534831
1.915573 4.392031 6.072584
2.502973 4.949941 5.571856
2.198723 4.062456 5.408052
1.504922 4.411266 5.959415
2.300731 3.898196 5.857059
2.438262 4.666112 5.310781
1.557544 4.998648 5.454949
1.581691 5.950433 5.431494
1.092137 5.678499 4.661159
1.822768 6.094548 4.213820
2.393627 5.831775 3.498209
2.897804 5.261223 4.070314
3.667923 4.814754 3.731771
3.815152 5.745150 3.872191
4.656512 5.400710 3.588459
5.438802 5.829150 3.254554
5.689451 4.927950 3.433558
6.518980 5.304582 3.155964
7.173142 5.577762 3.791947
7.245035 5.587135 4.741564
7.076039 4.721352 5.100576
7.962165 5.006371 4.899145
8.595229 4.306287 5.026191
9.430749 3.986467 4.699617
8.917411 4.647184 5.154553
9.681890 5.189990 5.321782
10.541301 5.579064 5.452407
9.917987 5.263276 4.805268
9.393082 4.578836 5.209056
8.954554 5.125894 5.853610
9.491525 5.581768 5.212617
8.930570 5.105460 4.608060
8.911112 4.324601 4.063164
8.633993 4.188753 4.964152
8.565736 5.132995 5.067969
8.011822 4.510902 5.529712
8.595958 4.174062 6.202285
9.259772 4.537428 5.624059
8.607480 5.209563 5.796624
8.430216 4.279416 5.898771
7.637975 4.705744 5.586317
7.928804 5.316176 6.257004
8.264378 4.810119 5.523296
8.017541 5.654711 5.158929
8.740229 5.035134 5.188509
8.139780 5.769570 5.104270
8.807145 5.095284 5.187894
9.501077 4.697644 5.704972
8.829237 4.295567 6.247185
9.516465 4.099492 6.876711
9.609736 4.769347 7.547252
9.329052 5.664212 7.712965
9.514477 4.792092 7.378222
9.569688 4.347948 8.218886
10.084889 3.665969 8.639009
10.692709 3.633358 7.906532
9.889021 4.093163 7.683609
10.592537 4.300502 8.291148
11.118242 4.701934 7.605935
11.206859 5.300667 6.870615
10.463746 5.272326 6.275629
10.124664 6.136785 6.064050
9.463489 5.653710 6.550378
10.259917 5.246274 6.877070
11.173807 5.354819 6.632015
10.811663 4.475222 6.678817
11.159324 3.680937 7.072864
10.468215 3.149252 6.689836
11.176628 3.047167 7.318136
10.308028 3.270140 7.638834
10.980993 3.504863 7.007129
10.472648 2.831718 6.564986
10.206948 3.389096 7.290081
9.584829 4.110170 7.282848
9.477844 3.879090 6.365140
10.278738 3.650930 6.827245
11.188589 3.835127 6.614472
10.945391 4.488863 5.966002
10.679613 5.400737 5.896161
9.908631 5.715935 5.434354
9.126238 5.406665 4.987988
9.875690 5.596490 5.544151
9.949744 5.174515 6.394730
9.494577 4.338060 6.380750
10.076548 3.976533 7.042291
9.964897 4.550176 7.794287
10.662373 5.124533 8.095401
11.386898 4.664711 7.682294
11.546990 5.600957 7.612692
10.939054 5.733648 8.333690
11.840559 6.040643 8.342236
11.088774 6.598698 8.516655
11.752916 6.903346 9.127503
10.906160 7.153249 8.770317
10.599110 6.258560 8.659493
10.970935 5.516743 9.126915
10.228622 4.930644 9.015166
10.127034 5.871694 8.909645
9.809089 5.312232 8.207546
9.889477 5.982322 8.879518
9.227030 5.659265 8.276336
10.146545 5.563252 8.047633
10.124248 6.445713 8.405119
10.763549 6.987640 8.857490
11.690110 6.973926 8.637664
11.555022 6.713916 7.731476
11.002314 6.751242 8.506170
10.458507 7.133153 7.823933
11.207258 6.686473 8.207179
11.365022 5.857248 8.648229
10.469427 5.678330 8.918277
11.134878 5.852195 9.577045
10.909079 5.316995 10.331767
10.679827 5.333373 9.407534
10.139654 5.873593 8.838847
9.739685 6.657253 8.474250
10.242103 7.385830 8.122424
10.510049 6.734825 8.763850
11.371460 6.444581 9.048030
11.667349 7.098301 9.674233
11.213747 6.900308 10.487911
11.618565 7.065497 11.334000
11.214071 7.893573 11.093783
10.441425 8.381535 10.825566
10.009346 8.565459 11.654124
10.094143 9.129235 12.417010
9.430226 9.457732 13.015619
8.662258 9.759630 13.491132
7.841082 10.227759 13.374708
7.414912 9.635918 13.987190
6.584410 9.920037 13.617631
7.220401 9.582463 14.241001
6.511450 10.217538 14.274151
5.953057 10.592741 13.600023
5.110793 11.036346 13.628930
5.858914 10.982714 13.042016
4.908211 10.983234 13.098523
4.675667 11.691884 12.506266
4.536098 10.797530 12.802380
5.280581 10.615150 13.367634
4.827307 11.091456 12.678647
4.544889 11.598495 11.923544
5.081762 11.868200 11.184589
5.718191 11.257450 11.543714
5.349553 11.863733 10.908453
4.506494 11.931564 11.346265
4.716920 11.449262 10.552454
4.377774 12.023489 9.872548
3.872759 11.679557 9.142000
3.993716 11.255675 8.297771
3.588941 10.628556 8.889301
3.748315 10.908158 9.785655
3.055878 10.988438 9.136722
2.588275 11.742270 9.483293
3.063333 10.926432 9.357770
2.359067 10.546611 8.841269
2.891120 10.690829 8.064641
2.281536 10.303299 8.685332
1.535990 10.421010 9.266138
1.596271 9.661838 9.838023
1.072660 8.868363 9.895106
0.560410 8.279262 9.349589
0.524654 8.538803 10.265225
1.188493 8.052535 9.785756
1.595332 8.291146 8.958364
1.850757 8.910447 9.635310
1.269159 8.338978 10.127445
0.786650 7.638074 9.699720
1.436044 6.956396 9.556080
0.662437 7.494525 9.418311
1.299880 8.076904 9.820220
1.630943 8.576091 10.560651
1.998675 8.843024 11.397639
1.874170 9.046705 12.319616
2.459279 9.183610 13.058490
1.655188 9.570341 12.725464
2.542824 9.695253 12.403704
2.119399 9.956995 11.591772
1.551240 10.633457 11.947615
2.424380 10.649031 11.567598
2.849957 10.018260 12.140347
2.296905 10.624737 12.623408
2.855942 11.105112 12.020293
2.327898 10.919385 12.790815
1.977967 10.365364 13.481930
1.827765 10.841339 12.670809
1.633188 10.760216 11.742052
1.730180 10.287491 10.920984
2.526110 10.144770 10.417837
2.496557 9.506037 9.712021
3.192546 9.787054 10.298245
3.880081 10.329066 9.923347
4.765784 9.990919 10.013995
4.401392 9.111091 10.001644
4.388412 8.431842 9.334200
4.158375 8.911213 10.124337
3.515031 9.613130 10.145545
4.320774 9.391235 10.602240
3.936436 9.928992 9.916579
3.447398 9.435258 9.265351
2.726619 9.649908 8.681030
2.220179 9.919876 9.441072
1.442500 10.033240 8.903119
1.034725 9.253544 9.267568
0.128385 9.540689 9.323477
0.778760 10.217166 9.160932
0.463920 9.381374 8.830237
1.128638 9.327044 8.150364
0.385467 9.848336 8.438429
1.188394 9.568564 8.867455
0.454833 9.455805 9.464283
1.250703 8.965888 9.647593
1.482341 9.676090 10.238343
1.526107 10.051352 11.112581
1.667526 9.316151 10.523930
1.238497 9.890644 9.897094
0.337550 10.027145 10.174030
-0.335210 9.408131 9.907110
-0.003016 9.988554 10.585186
0.634805 9.299159 10.743132
1.489650 9.088402 11.106247
2.246722 8.511770 11.069278
1.461996 8.665289 10.551912
1.251008 9.371423 9.948681
0.683515 10.123036 10.090311
1.439219 9.910457 10.629525
1.775386 10.798539 10.556512
2.471760 11.425467 10.386059
2.998765 11.866563 11.045399
3.931794 11.813490 10.861908
3.310234 11.995230 10.163579
2.562209 11.478009 9.880790
3.085687 10.696961 9.729249
3.042298 11.586963 10.065468
3.703119 12.070867 10.551452
3.212241 11.303393 10.273870
2.512596 10.936765 9.741790
1.784748 11.175984 10.307510
2.382166 10.938431 11.010142
1.837791 10.291335 11.448266
1.949597 11.010258 10.833710
2.166420 10.085854 10.907831
2.892505 10.504978 10.455985
2.234951 9.852456 10.234922
3.150261 9.994682 10.456302
3.780214 9.320527 10.220286
4.697978 9.574223 10.239704
4.535707 10.500414 10.390925
4.077411 11.245663 10.767221
3.147814 11.042464 10.807088
3.561358 11.224747 9.968766
2.905355 10.896873 9.361157
3.765376 10.812978 8.960713
4.428824 10.319452 8.488168
4.267807 11.199206 8.160850
4.803950 11.515044 7.439860
5.372061 11.021147 6.856469
6.279691 10.882087 6.603686
6.253453 9.973085 6.886631
6.912951 9.348949 6.599325
7.255262 9.715451 5.789677
6.521839 9.198555 6.108956
5.996050 9.597996 5.422645
5.414484 9.147691 6.027654
4.470491 9.217330 5.922491
4.475980 9.526357 6.823326
3.919985 10.291850 6.932504
3.604263 10.851914 7.635126
4.364826 10.707788 8.189925
5.008152 11.328550 8.518274
4.369691 11.208939 9.214759
3.653693 11.831659 9.133544
2.953109 11.679087 8.506701
2.339316 11.036153 8.164757
3.037343 11.547746 7.767188
2.737630 10.689005 8.049617
3.154227 11.273595 7.423733
2.571211 10.553181 7.643111
3.351865 10.037568 7.464917
3.940208 10.638994 7.018636
4.087538 9.755067 7.341117
4.604068 10.106329 6.622199
5.414598 10.502121 6.316556
5.912837 9.954759 5.717238
6.223050 9.324683 6.360512
6.612999 9.943719 6.970236
7.257451 9.268305 7.158719
7.793324 10.041639 7.306452
7.101024 10.000988 6.653690
7.803236 10.594091 6.404383
6.892691 10.712782 6.151698
7.473419 10.475622 6.868314
6.803204 10.657093 7.520165
6.002289 10.156460 7.642358
6.287266 9.575340 6.943705
6.610279 10.427666 7.219806
7.352955 10.801284 7.684426
7.517526 11.297871 8.480256
6.593175 11.357905 8.701616
5.963526 11.989047 9.036625
5.824323 11.046894 9.037814
4.917248 10.761005 8.987712
3.982621 10.778410 9.169923
4.434892 11.469336 9.644370
4.346671 10.770310 9.003582
4.924250 10.015496 8.942855
4.628673 10.866058 8.632682
4.002099 11.045561 7.938267
4.689864 10.731634 8.517454
5.217623 10.654350 7.728451
5.863032 11.133777 8.238967
5.220217 10.732868 8.816106
5.250680 10.090891 9.518933
5.386400 10.108289 10.461434
5.369150 11.022549 10.727629
5.980412 11.718493 10.506161
5.872809 11.112672 11.233094
6.480723 11.275854 11.947826
7.029610 10.554950 12.241167
6.403618 11.165177 11.863296
7.310706 10.957778 12.066291
6.667248 10.361570 11.695447
5.947211 9.742865 11.771484
5.764690 10.355048 11.065122
6.541889 10.700735 10.636761
6.446171 10.121610 9.886773
7.146605 9.733309 9.371366
6.645868 9.469636 10.137374
6.221246 9.048251 10.878428
7.083634 9.048761 10.474305
7.473854 8.192460 10.327654
6.595935 8.312238 9.978453
7.101264 8.284703 10.785246
7.754765 8.678555 11.355198
7.023856 9.204838 11.664762
6.659744 9.626043 12.437444
6.452173 9.666041 11.508819
6.024710 10.355261 12.008098
5.283013 9.863914 12.347940
4.486532 9.661612 12.829315
4.609551 10.602612 12.749227
4.947771 9.713805 12.697678
5.589348 9.095707 13.034373
4.888182 9.587751 12.618096
5.400738 8.885114 13.006190
4.643803 9.326519 13.379338
3.979746 9.810810 12.898172
3.546518 10.575210 12.530702
3.799003 11.454609 12.795166
3.606212 10.893953 13.540502
2.757455 11.000403 13.121802
2.147830 10.343059 13.443182
2.976982 10.747969 13.207419
3.096130 11.409159 12.532392
2.448173 11.127550 11.893738
3.245899 11.376041 11.436664
3.702754 10.734601 11.972263
3.825071 11.618858 12.304161
4.315627 11.998027 11.581239
5.093270 11.463840 11.711410
5.052685 10.645210 12.196413
4.256459 11.160799 12.111429
5.063759 11.491383 11.729316
5.445088 10.751141 11.267082
4.979719 11.519134 10.949831
4.063467 11.604530 10.704436
4.169523 10.667895 10.568437
4.581516 10.494653 11.409435
5.507003 10.713884 11.458856
4.861263 11.299039 11.843101
5.081525 10.996844 10.967206
4.965659 11.658914 11.641941
5.452230 11.344393 12.397821
5.163075 10.894797 11.609607
5.647504 11.448215 12.214658
5.155082 10.893573 11.617228
5.690014 10.350622 11.046193
5.021765 9.853192 10.584634
5.190258 10.567494 11.191604
5.721195 10.064413 11.801558
5.184634 10.128534 11.017326
5.929670 10.413937 11.537420
5.471526 11.050888 12.077260
4.997299 11.418673 12.816769
5.740547 11.074698 13.302870
5.545130 10.164866 13.100269
5.324421 11.067986 13.306883
4.566053 10.496185 13.236511
5.063767 11.123660 12.721161
5.371871 10.388754 13.242711
5.861176 9.631451 12.935951
5.335712 10.262182 12.453151
4.967423 9.523388 12.928099
5.502205 10.284024 13.134181
5.385400 10.516822 14.050255
5.955744 10.797954 13.341241
5.504819 10.060918 12.940650
5.761489 10.603175 12.200984
5.352763 11.379281 12.571972
4.734035 11.179359 13.267843
4.940393 10.660978 12.496010
4.829211 10.074003 13.237716
5.001800 10.641006 13.983203
4.262309 10.378795 14.523043
5.069906 10.793950 14.235879
4.620074 10.930176 13.407552
4.211032 10.073403 13.332364
4.365425 10.839975 12.788710
3.551044 11.321115 12.899696
3.073143 10.642477 12.432694
2.996388 10.003547 13.134767
3.567731 9.330364 13.491729
2.692863 9.442297 13.132415
2.040147 8.982752 12.612982
1.356970 9.584012 12.893670
1.959053 10.152204 13.364503
2.748305 9.833122 13.791468
3.577019 9.421122 13.566705
2.865177 9.162196 12.989410
2.469998 8.476290 12.459886
2.944006 8.221082 13.245516
3.667040 8.266843 12.627328
4.046097 8.394711 13.491616
3.203774 8.827949 13.392483
2.707535 8.971787 12.592429
3.332954 8.602657 11.976291
2.576719 8.155392 12.343840
2.383847 8.555050 11.501165
2.652924 8.758759 12.391743
3.603167 8.703725 12.359507
4.542293 8.835310 12.447580
5.116913 9.481126 12.847286
5.556920 8.657188 13.033158
5.603817 7.724003 13.217543
4.957576 7.347409 13.807101
4.393779 7.196010 14.559590
4.266947 6.726927 15.378678
4.259385 6.912129 14.444509
4.980781 7.308757 13.965653
5.532032 7.283274 13.189443
5.955987 6.436883 13.084978
5.343631 5.810990 12.710402
4.992895 5.232610 13.380843
5.008876 6.095048 13.784543
5.463675 6.675554 14.387204
4.806411 6.938871 15.024148
4.378968 7.376813 15.753893
3.665638 7.964304 15.984209
4.597237 8.145044 15.903675
5.255425 8.625650 15.410890
5.440958 7.942976 16.048514
5.210310 8.823293 15.767671
4.996999 8.093785 16.341557
5.248666 7.322951 16.841068
4.473430 6.769747 16.839066
4.803291 6.005693 16.375985
4.912998 6.048593 15.430917
5.586426 6.544954 15.886054
4.686506 6.424741 16.173668
4.909735 6.483279 15.249670
5.388971 6.748870 14.470681
5.972511 6.600755 13.732730
6.143097 6.289956 14.616660
5.623621 7.042366 14.883220
5.170199 6.246081 14.623666
4.606853 5.651434 15.109532
4.223550 4.977377 15.662484
3.316101 5.266285 15.672370
3.028895 4.508715 16.173002
3.817235 3.986372 16.060270
3.596549 3.811547 15.150456
3.693887 3.406816 14.293866
4.319134 3.539534 14.999897
4.239434 2.939097 15.734849
4.758826 3.725435 15.872449
5.377077 4.104188 16.489977
5.652325 3.444957 15.860150
5.998487 4.036140 15.198556
5.579993 3.227204 15.476971
5.783151 2.533044 14.857375
5.089067 2.650895 14.215980
4.534983 3.108669 13.591110
4.785487 2.191897 13.529410
4.808028 2.815567 12.809995
5.406337 3.527161 12.603385
5.496035 3.086900 13.443119
6.104805 3.658514 13.901034
6.145431 3.988324 14.793561
5.706710 4.760108 15.138383
6.244207 3.990489 14.977720
5.328900 4.191510 14.807912
5.371368 4.845750 14.117120
4.839725 4.185667 13.682753
5.145790 4.947631 14.165209
4.362052 5.203309 14.642089
4.822190 5.984215 14.349704
5.619973 6.457485 14.565544
5.179137 5.669983 14.261350
4.648851 4.909306 14.044104
5.362950 5.042754 13.428245
6.106439 5.347115 13.939730
7.005798 5.516512 14.203336
7.189533 5.166255 15.069703
6.563604 5.674587 15.576498
6.272159 4.853935 15.962012
6.990529 4.564896 15.407549
7.251816 5.455526 15.620941
6.559222 5.967747 16.027108
6.706030 5.536437 16.863438
6.022090 5.943347 16.340293
6.762429 6.512187 16.152283
6.112523 6.934339 15.598714
6.813002 7.134716 16.212071
6.726338 7.855159 15.595240
7.268403 7.816594 14.813123
7.975026 7.379170 15.278284
7.367070 6.986346 14.659327
7.231403 6.446042 15.431788
8.085474 6.370781 15.017148
8.866291 6.706080 15.447182
8.571416 5.923817 14.990954
7.874549 6.504909 15.280330
8.742666 6.868076 15.427001
8.180117 6.843895 16.195106
7.384877 7.126293 15.753660
6.446089 6.984305 15.679192
6.841072 7.487525 14.973651
6.048393 7.424769 14.449485
6.482916 6.780496 13.898910
5.826550 7.352904 13.513473
5.226336 8.070865 13.336538
5.258577 7.135129 13.162220
5.415210 7.066581 12.225311
5.549796 7.883870 12.695371
5.713431 8.671600 12.185731
5.676210 8.502730 11.249181
5.015969 9.116775 10.942488
5.433473 9.955731 11.112402
5.173577 9.546150 10.292812
4.241592 9.371033 10.204676
4.177211 8.475051 10.521061
4.660701 8.899269 9.818703
4.822783 8.741902 10.743903
5.342221 8.478669 9.990297
4.599586 9.018329 10.243850
3.940853 8.634636 9.672990
3.592325 8.883394 8.822299
2.942854 9.331930 8.289351
3.699037 9.009698 8.770375
4.140614 8.574080 8.047688
3.377654 9.138242 7.966190
3.192657 8.246058 8.243340
3.542277 8.779989 7.536436
2.769479 8.247970 7.700043
3.078297 7.815599 8.490433
2.481134 8.184624 7.846813
1.615492 8.554672 7.702741
0.969480 7.949903 7.350673
1.270156 7.711236 6.479088
0.644380 7.711427 7.197025
0.832902 6.809534 7.438020
0.785833 7.197717 8.306426
1.432421 7.242135 7.608586
1.614051 7.515728 6.714613
1.704264 7.905567 5.850370
2.150401 8.676711 5.513730
1.799803 8.404231 4.671195
1.972356 7.542996 4.303051
1.536183 7.663320 5.141088
2.410984 7.673136 5.517460
2.722597 7.819675 4.629510
2.506803 7.230830 5.346255
2.426649 6.519040 4.718592
3.275204 6.879290 4.957768
4.099198 7.178484 5.329985
3.794917 8.048090 5.088678
3.580412 8.970448 4.987330
4.447305 9.024689 5.377951
3.799847 8.709566 6.001270
4.428288 8.162794 5.539607
4.012920 9.017540 5.477085
4.734196 9.389003 5.975889
5.189249 8.922491 5.281393
4.855446 9.430100 6.014836
4.714635 9.875143 5.184692
5.214856 9.268118 5.721656
5.379745 9.507709 6.628539
4.742504 8.800589 6.597969
4.839242 9.539469 7.191034
4.543730 8.647768 7.034280
4.867908 9.340613 7.601645
5.717122 9.753682 7.725089
6.189833 10.534978 7.454626
6.782692 9.823319 7.676188
7.498719 9.988187 8.282120
8.120213 9.938150 7.562209
8.689078 10.261273 8.254317
8.788382 9.551497 7.627111
9.372452 8.934657 8.057693
9.387110 8.930306 7.105435
9.585104 8.236875 7.727514
9.473600 7.439727 7.218445
8.600186 7.063088 7.266624
8.319382 6.153229 7.248316
7.928778 6.893607 6.794115
7.148651 6.583684 7.243982
7.148156 7.229104 6.543651
6.798857 7.663817 5.771612
6.994356 7.636955 4.839900
7.428407 6.985742 5.382627
6.784304 7.528215 4.937785
6.518380 6.799613 4.385106
6.820520 6.868630 3.484563
6.878390 6.857243 4.435116
6.179628 6.724559 5.068485
5.597103 6.828810 5.814693
6.191547 7.074342 5.112282
6.309540 6.284721 5.631519
6.704941 5.423097 5.722578
7.159138 6.006277 5.122049
6.728650 6.621177 4.535868
6.152760 6.782751 5.276998
6.366777 7.500454 4.688670
7.208515 7.526346 4.243883
6.619661 8.108915 4.713875
6.876883 7.203000 4.855941
6.733336 7.910768 4.235065
6.185719 8.243776 4.939515
5.617689 8.949869 4.646590
6.254799 9.657441 4.625130
5.659650 9.615402 5.367464
6.316090 10.304955 5.342277
7.002550 9.644855 5.333993
7.641225 10.192951 5.779770
6.948083 10.544902 6.329964
7.095293 9.870353 5.673959
6.577347 9.632370 6.436930
6.017875 9.101599 5.878090
6.774387 9.555259 5.519048
7.014197 10.087363 6.271633
6.460866 9.396686 5.919756
5.582772 9.149250 5.646340
6.220867 8.764845 6.239718
6.515943 8.834298 5.336870
6.191057 9.728281 5.384553
5.494628 10.119165 5.903422
6.154686 9.587840 5.468629
6.953706 10.097081 5.564913
6.428150 10.259624 6.342346
7.045407 10.882480 6.713930
6.143091 10.876390 6.409265
5.618430 10.413066 5.763440
6.080942 9.587848 5.653320
7.017133 9.581045 5.828047
7.232108 8.835547 6.380358
7.435246 9.321915 5.587130
6.707374 9.061566 5.030847
7.201882 9.569487 5.666856
8.093132 9.383457 5.946310
7.479846 9.157186 5.253698
7.404170 8.334314 5.727181
7.726792 9.012928 5.142008
8.468482 8.559966 5.531562
7.950063 8.401728 6.314653
8.434634 7.849974 5.708197
8.586142 7.196199 5.032436
9.523363 7.323819 4.921266
8.951120 8.065079 5.094765
9.016195 7.694830 5.969814
9.728057 7.974322 5.402217
9.938594 8.160300 6.312226
10.529693 7.415499 6.258343
10.291060 7.965511 6.998323
10.953928 7.379085 6.646555
10.805171 7.604020 7.559958
10.144978 7.552236 8.244423
10.822188 8.023782 7.768966
10.513124 7.316275 7.211342
9.601004 7.100095 7.043019
9.136256 7.323348 7.843767
9.428962 8.228588 7.800252
8.798331 8.815010 7.393504
9.151634 8.366774 6.631079
8.792102 8.333417 7.512358
8.216738 8.856487 8.062253
8.911330 8.293386 8.390105
8.294895 7.973148 9.041629
