5.619048 0.000028 2.000000
5.103571 -0.704436 2.380847
4.529147 0.048038 2.484996
3.858716 -0.447757 2.024845
4.189835 -0.349055 2.912340
4.057954 0.592920 2.960496
4.095609 0.036513 3.732522
4.795435 0.194978 3.106294
4.022631 0.345790 3.642073
3.077276 0.377259 3.530974
2.294392 0.040588 3.956150
2.752817 0.829066 3.681962
2.130381 0.388547 3.111394
2.262386 1.179643 2.597809
2.541404 0.269052 2.599695
1.933629 -0.112212 1.973376
1.283766 0.501570 2.301979
0.457039 0.436188 1.833709
-0.237276 0.516962 1.186846
0.445717 -0.013741 0.788218
0.636625 -0.890970 0.470330
0.934692 -0.311808 1.165136
0.581920 -1.146008 0.870703
0.273424 -1.522279 1.689409
-0.140734 -2.112326 1.067036
0.564379 -2.431596 0.512139
1.338579 -2.257640 -0.014532
1.902365 -3.004129 -0.193224
1.389710 -2.229177 0.015741
1.985734 -2.845953 0.429714
1.513529 -3.652977 0.248710
1.612578 -4.100565 -0.586086
0.745290 -4.192797 -0.203551
0.646302 -3.539585 0.482410
-0.162891 -3.942826 0.183025
0.614374 -3.541807 -0.193898
0.701769 -2.989333 0.576924
0.386131 -2.969348 -0.321410
0.250952 -3.868274 -0.037356
-0.286914 -3.345244 -0.624014
-0.243378 -4.046059 -1.267436
-0.023278 -3.332623 -0.676171
0.716037 -3.747932 -0.242626
0.916880 -2.852154 -0.496148
0.298686 -3.519955 -0.215244
0.973208 -2.860583 -0.346691
1.025525 -3.615008 -0.925601
0.415052 -3.293554 -0.269079
-0.349559 -3.540478 -0.780379
-0.387468 -4.425523 -1.130076
-1.163378 -4.932770 -0.911690
-0.384244 -4.400240 -0.783661
-0.567526 -3.622456 -1.301820
-1.105797 -3.757437 -2.075819
-1.732504 -4.331162 -2.506061
-1.001325 -3.726778 -2.421636
-1.538376 -4.513292 -2.422970
-0.682520 -4.184213 -2.165584
-0.642179 -4.938795 -2.745248
-0.122893 -4.844398 -1.952491
0.262105 -3.993757 -1.764831
-0.394063 -3.504021 -2.251280
0.331026 -4.035653 -1.937206
0.437449 -3.232927 -1.435873
-0.030567 -2.648082 -0.847700
0.030846 -3.427148 -0.303352
-0.266596 -4.003155 0.394339
-0.825080 -3.644699 1.077446
-0.886832 -3.259205 1.946129
-0.402458 -3.188629 2.763091
-0.777284 -2.456219 2.283393
-1.439759 -3.030902 1.912050
-0.849587 -2.620576 1.287265
-1.607176 -3.172745 1.119348
-2.351069 -2.628990 1.360148
-1.422121 -2.736662 1.540404
-0.981084 -1.901141 1.420316
-1.745778 -2.248832 1.869074
-1.132529 -2.239862 2.597686
-0.479833 -2.509684 1.958770
-1.024704 -3.006979 2.561134
-1.407772 -3.635628 3.165360
-2.047737 -3.825370 3.844678
-2.712694 -4.447522 3.565773
-2.104121 -4.494607 2.834712
-2.769278 -4.899116 2.286109
-2.392767 -5.537785 1.688302
-2.972031 -4.937327 1.229029
-3.215731 -4.425783 1.994511
-2.450683 -4.150757 2.490588
-2.897932 -4.475431 3.266206
-2.842594 -5.326407 2.842167
-3.495602 -4.634934 2.891937
-2.772093 -4.479320 2.292479
-2.978944 -4.704144 1.390428
-3.521983 -5.155738 2.029333
-4.321557 -5.553162 1.698026
-4.804544 -5.317152 0.911862
-4.845287 -5.953141 0.204128
-4.218030 -6.311516 -0.416473
-3.924243 -6.087776 -1.294346
-4.088235 -5.593119 -2.091497
-4.613626 -4.940750 -1.638275
-3.865817 -5.024974 -1.054564
-4.263764 -4.160723 -1.096248
-4.831409 -4.731116 -0.586875
-5.545295 -4.582071 -1.199396
-5.318121 -5.392046 -0.752896
-5.169180 -4.696600 -0.119492
-6.113028 -4.813856 -0.070173
-5.725480 -5.640420 0.201172
-6.106733 -4.933151 0.712490
-6.177031 -4.882485 1.660921
-5.639479 -4.630930 2.405761
-6.217597 -4.205779 3.031905
-5.815041 -3.449956 3.448689
-5.191535 -4.169017 3.413758
-4.664486 -4.923779 3.169661
-4.888021 -4.548074 2.323548
-3.969730 -4.296300 2.343101
-4.052679 -4.219831 1.397426
-3.512509 -4.964696 1.151617
-4.083326 -4.605597 1.824110
-4.679847 -4.573155 2.565823
-4.447503 -4.843201 1.682579
-3.529918 -5.005971 1.486175
-3.151663 -4.366482 0.890352
-3.660502 -3.756838 0.364570
-3.312885 -3.001530 0.829005
-4.242457 -3.208300 0.815929
-3.693756 -2.450035 0.639887
-3.546782 -2.146627 -0.250827
-2.886204 -2.485367 0.345764
-2.488107 -1.994805 -0.366906
-2.951509 -2.557647 -0.979684
-3.790690 -2.721050 -0.560038
-4.204777 -2.093365 -1.144481
-3.621533 -2.724004 -1.555760
-3.408526 -3.169609 -0.741454
-3.365639 -2.251530 -0.991096
-3.158471 -2.514692 -1.882643
-2.983839 -3.447289 -1.800191
-3.838047 -3.312596 -1.401171
-4.038170 -2.562106 -1.952302
-3.396235 -3.029389 -1.426376
-3.428484 -3.802200 -1.982032
-4.116850 -3.484761 -2.558587
-4.711124 -3.964806 -3.127291
-4.874390 -3.291882 -2.473421
-4.168437 -3.697258 -1.979125
-3.732623 -3.013091 -1.480115
-3.105919 -3.658729 -1.792245
-2.760270 -4.327965 -2.375064
-3.613183 -4.103263 -2.734338
-3.325892 -5.009817 -2.682830
-2.852981 -4.186396 -2.756060
-3.637032 -3.733356 -3.051101
-4.003290 -3.072243 -3.630595
-3.469466 -2.462490 -3.130332
-2.764182 -3.026205 -2.827295
-2.624390 -2.633057 -1.971187
-2.399508 -3.360144 -1.398646
-1.868580 -3.972228 -1.899143
-1.872375 -4.907110 -2.080829
-2.145083 -4.334281 -2.791130
-1.677041 -3.717702 -2.236336
-1.249609 -2.959283 -2.622514
-1.742805 -3.544558 -2.055733
-2.199582 -2.919668 -2.610617
-1.624355 -2.467485 -3.220268
-1.264359 -3.094832 -3.839838
-0.547286 -3.045450 -3.215020
-0.872472 -3.626042 -3.896340
-1.603430 -3.086882 -3.609919
-1.190661 -2.571463 -4.296210
-1.531836 -2.748029 -3.424744
-0.928101 -3.085463 -2.770014
-0.516723 -3.448350 -3.548546
-0.006436 -2.851290 -3.009883
0.368663 -3.642964 -2.636274
-0.539298 -3.415661 -2.812254
-1.312018 -3.079735 -2.368310
-0.847660 -2.375572 -2.810528
-1.358304 -1.705862 -3.255230
-0.501745 -2.114972 -3.332460
0.122897 -1.710343 -3.926706
0.768205 -2.403385 -3.825219
-0.041170 -2.801621 -3.519687
-0.185382 -1.960710 -3.942892
-0.615505 -2.782390 -3.726404
-0.654111 -2.847455 -2.777032
-1.100859 -3.275700 -3.500948
-1.524852 -2.572736 -3.983752
-0.939815 -2.130206 -4.591148
-0.481950 -1.693625 -3.879259
-0.467486 -0.831103 -3.475678
-1.338340 -0.903534 -3.854355
-1.663059 -0.979750 -2.962290
-2.355481 -0.918886 -2.311232
-1.740208 -0.653130 -1.634592
-0.876096 -0.725406 -1.240742
-0.457008 -1.498000 -0.874010
-0.370300 -0.712779 -1.405931
-1.149956 -1.259422 -1.424589
-0.679536 -0.741847 -2.071003
-1.556354 -0.940455 -2.385285
-1.234762 -1.688032 -2.879994
-0.760748 -0.863481 -2.830454
0.026362 -1.395702 -2.765416
-0.677655 -1.531008 -3.392379
-0.853910 -0.916446 -4.098267
-0.114746 -0.659824 -3.555303
0.439557 -1.005913 -4.248123
-0.204652 -0.313939 -4.133250
0.658187 -0.049370 -4.437457
1.571191 -0.147750 -4.184921
1.469681 -1.000078 -3.772293
1.059707 -0.243895 -3.363468
1.526667 0.284274 -2.723144
0.872950 0.968963 -2.827482
0.439809 0.316459 -2.285582
1.103388 0.926801 -1.978703
0.304513 0.885392 -2.495533
0.849894 0.333943 -1.942821
1.548890 0.945216 -2.154431
2.357124 1.113363 -2.629314
2.666769 1.548206 -1.840606
2.918128 0.911084 -2.502364
3.707153 0.749907 -1.993945
3.275341 1.031230 -1.193055
3.866705 1.527350 -0.635219
4.314245 1.885435 0.125382
3.640698 1.339416 0.519370
3.171876 0.719527 1.069800
4.009011 0.841462 0.632348
4.410211 0.508317 -0.164573
3.712093 1.109461 0.076856
3.261212 0.278145 0.189325
2.458728 0.766325 0.346579
3.256745 1.283280 0.292202
3.970495 0.729419 0.593578
4.326158 0.980906 1.440507
4.477802 1.810708 0.998395
4.497070 1.237931 1.759044
3.860987 1.138069 1.057291
4.254231 1.948515 0.748154
4.799421 1.210205 1.002510
4.360479 1.500927 0.208884
4.648186 1.192477 1.062766
3.808363 0.779564 1.239485
4.447677 1.135830 1.848896
3.890522 0.584981 1.307440
4.696768 0.086004 1.396985
4.382948 0.846375 0.917003
4.193114 0.227400 1.615474
4.276669 0.290753 0.668883
4.152320 -0.472815 0.113428
3.730496 0.136629 0.711485
3.299306 -0.368171 1.394333
2.625047 0.147613 0.962627
3.308645 0.203857 1.623354
3.806755 -0.278651 2.276118
4.448214 0.029890 2.908860
4.527220 -0.846735 2.545107
4.705656 -0.107861 3.118914
3.986469 0.516210 3.137203
3.445366 1.129146 2.648790
3.466862 2.071060 2.787952
2.953431 2.575872 2.164588
2.099106 2.549583 1.744510
2.121729 1.877899 2.419312
2.313703 2.506580 3.108469
2.826763 2.278460 2.339210
2.386456 2.075130 1.519566
2.656866 1.297418 1.998180
1.970250 1.835153 1.615520
2.810421 1.796387 1.168709
1.973939 1.910391 1.609539
1.660940 1.140161 1.144990
1.771180 2.084667 1.197754
2.402179 1.457312 0.858202
1.469603 1.264154 0.862893
2.129431 0.580642 0.929733
2.154328 -0.368727 1.001202
1.767617 -1.237784 1.048370
2.583114 -0.759879 1.165000
3.374002 -1.254493 1.357047
3.987950 -0.964854 2.025033
3.997538 -0.368641 1.282425
3.323446 -1.038374 1.218492
2.537239 -1.349664 0.780307
3.277788 -1.685506 1.276116
3.901218 -2.097355 1.866662
4.428039 -2.797150 2.240529
4.123873 -1.946929 1.937814
4.548896 -1.789586 2.775447
3.884098 -1.263727 2.341229
4.577360 -1.019416 2.946810
3.961187 -1.401215 3.564539
4.646264 -1.647979 2.950693
3.847750 -2.051380 3.277304
3.602653 -1.742696 4.144294
4.133255 -2.488863 4.406452
3.182595 -2.501628 4.462237
3.201749 -1.670055 3.998394
3.790094 -2.055932 4.640250
3.670758 -1.812499 3.727271
3.307938 -1.250077 3.049723
3.431191 -1.270729 2.105576
4.272007 -1.360454 2.543763
3.653284 -0.889893 1.993506
3.027395 -1.460557 1.558034
3.656607 -1.937189 2.090899
3.129815 -1.618246 1.364404
3.728476 -2.358810 1.350310
2.987681 -2.380279 0.752154
2.630599 -2.057649 -0.069692
2.789343 -1.843489 0.844619
3.065687 -1.205715 0.193536
3.302197 -1.625069 1.015263
2.511010 -1.377756 0.546340
2.121750 -0.541229 0.782405
1.581376 -1.189388 0.340914
0.678665 -1.479490 0.430262
0.500921 -0.564521 0.625885
0.893155 -1.110068 -0.049068
0.703568 -1.800940 -0.676588
1.403404 -2.232833 -1.156929
0.664330 -2.080697 -0.575850
-0.189434 -1.989573 -0.163766
-0.010475 -2.644247 0.504370
0.032878 -3.503061 0.913747
-0.689230 -3.172740 0.387936
-0.480244 -2.466863 -0.216292
-0.098509 -1.981332 -0.941252
-0.570748 -2.663251 -1.409233
-0.556461 -2.590683 -2.358738
-0.650004 -3.375415 -2.890222
-1.114182 -3.522142 -2.071663
-1.391262 -2.659601 -2.365398
-2.300467 -2.730319 -2.639943
-2.383526 -2.154841 -3.394234
-3.131249 -2.414270 -2.864484
-3.118389 -2.730209 -3.762842
-2.809290 -1.865951 -4.016904
-2.974634 -1.062395 -3.533182
-2.405832 -0.310362 -3.399239
-3.263373 -0.708511 -3.513827
-2.834534 -0.957493 -4.326929
-2.723177 -0.015469 -4.411890
-2.224564 -0.010587 -3.600477
-1.538114 -0.143979 -4.247024
-1.722440 -0.795091 -4.917178
-1.399315 -1.130508 -4.086446
-2.153378 -0.626216 -4.376461
-2.538312 0.244645 -4.397823
-3.017185 -0.189090 -3.698119
-2.327676 -0.814414 -3.899557
-1.934104 -0.043666 -3.501968
-2.604904 -0.711117 -3.609507
-3.102978 -0.309361 -4.314874
-3.790053 0.281921 -4.022739
-4.328069 0.826355 -3.456029
-3.693604 0.925205 -2.752670
-4.273947 1.349701 -3.377198
-4.929515 0.897383 -3.899373
-4.154531 0.343901 -3.890015
-3.566456 0.868144 -4.425148
-3.437024 0.858161 -3.481655
-3.361230 1.136127 -2.573900
-3.772388 0.333947 -2.881287
-3.599995 -0.463277 -3.372962
-4.216635 0.151343 -3.759001
-3.792090 0.651888 -4.449108
-3.622412 -0.163756 -3.987627
-4.056430 0.081916 -4.798985
-4.326210 0.797038 -4.230786
-3.657143 1.061444 -4.854860
-3.618895 0.589543 -4.028496
-4.315333 0.262359 -4.589704
-3.628159 0.909087 -4.461003
-2.914513 0.852028 -5.089083
-2.427788 0.264894 -4.518642
-3.371092 0.392744 -4.547972
-4.043848 0.055798 -3.964109
-3.809219 -0.485590 -4.711690
-3.387332 0.226829 -4.241050
-4.101481 -0.403203 -4.232035
-3.705407 0.327324 -3.766756
-3.960226 0.377970 -2.850496
-3.540711 0.861358 -2.145250
-4.135049 1.605421 -2.132433
-3.236328 1.449468 -2.406310
-3.903624 1.044597 -2.952044
-4.616951 0.986987 -2.323654
-4.662964 1.082886 -1.377231
-3.754563 1.270722 -1.161466
-3.187964 1.716461 -1.783810
-2.854276 1.497968 -0.918973
-2.901232 1.459157 -1.869404
-3.399977 0.691968 -2.133418
-3.945020 1.191989 -1.533470
-4.524914 1.456859 -2.240998
-4.383998 0.606141 -1.836708
-4.702326 0.826651 -2.706807
-4.236130 0.084829 -2.333457
-4.206336 0.298894 -1.405924
-4.229175 -0.411575 -2.039753
-3.941025 -0.238183 -2.930783
-3.295592 0.367805 -2.579747
-3.001163 0.682199 -1.730337
-2.462641 1.352662 -2.139609
-2.043881 2.203862 -2.055184
-2.244317 2.561243 -2.914913
-1.926711 3.071521 -2.176149
-1.988010 2.406106 -1.497551
-1.127408 2.786526 -1.350334
-1.563452 3.171987 -2.104200
-0.926650 2.807659 -2.711470
-0.896366 1.937406 -2.325760
-0.365092 2.582070 -1.868390
-1.149541 2.043745 -1.911698
-1.925184 2.440657 -1.527160
-1.378609 1.971493 -2.150193
-0.786944 2.458984 -1.585112
-1.540666 3.038710 -1.531711
-0.607100 3.024652 -1.343863
-0.369802 3.790386 -1.858033
-1.202886 3.816762 -2.318799
-0.688664 4.467110 -1.850129
-0.413426 3.580599 -2.063136
-1.168930 3.943799 -1.611108
-0.348273 3.881487 -2.090347
-0.849957 3.668370 -1.309370
-0.452310 3.702713 -0.444658
-0.424029 3.738282 0.506638
-0.999250 3.242436 1.081345
-0.391963 3.920134 0.800349
-0.699903 3.204950 1.348724
-0.895829 3.573797 2.204642
0.049005 3.557490 2.086096
0.037376 3.196570 1.204830
0.896345 3.566887 1.025750
0.693675 2.846815 0.436300
0.341640 2.546854 1.268841
1.161736 2.364967 0.820077
1.995356 2.822130 0.764324
1.316183 3.473598 0.618234
1.168363 2.741210 1.208815
0.906628 3.361676 0.535357
1.373287 2.680449 0.060818
0.835219 2.335880 0.767066
0.579021 2.175700 1.670246
-0.325140 1.945068 1.860854
0.229684 2.717208 1.915618
-0.200073 1.869007 1.861829
-0.099184 1.094046 1.317507
-0.484484 0.278611 1.011500
-0.651609 0.937438 0.344382
-0.196888 0.213426 -0.075218
0.076806 0.495579 0.792255
0.343750 -0.198767 1.386944
-0.418823 0.220697 1.000210
-0.517590 1.143951 0.788368
0.341212 1.322499 1.159324
0.053481 0.626299 0.576617
-0.823463 0.371148 0.846610
-1.359250 0.102380 1.586695
-2.013954 -0.580396 1.476200
-2.783933 -0.113049 1.166768
-2.678675 0.822381 1.311414
-1.838850 1.152589 1.006973
-1.303693 0.996390 1.779139
-2.128900 0.535388 1.662773
-2.575039 1.106194 2.280971
-1.952747 0.508295 1.878110
-1.296076 0.450290 2.565459
-2.122485 0.923590 2.557296
-2.225396 1.799211 2.917469
-2.467224 0.960983 3.299466
-1.960687 1.377110 2.608605
-2.620684 2.046251 2.762495
-3.162953 2.417098 3.452020
-3.907490 2.984287 3.275972
-3.404094 2.668057 4.020030
-4.323692 2.913733 4.051839
-3.508270 3.262028 3.704264
-3.994814 3.537394 2.933240
-4.701133 3.972444 2.465399
-5.266317 3.724521 1.740050
-4.420104 3.732556 1.303144
-3.719602 3.286765 0.836671
-4.442507 2.868881 1.294723
-3.902782 3.482986 1.783191
-3.564956 3.099930 0.979344
-3.635819 3.260241 0.043230
-2.841619 3.755944 0.218030
-2.283832 4.318638 0.746497
-1.431012 4.742570 0.743574
-2.234249 5.139600 1.066390
-3.139498 4.949607 1.293226
-3.026209 4.865158 0.351385
-2.306880 5.185731 0.886950
-3.072430 5.436357 1.395035
-3.740789 5.654141 2.037605
-3.156801 4.940952 1.798126
-3.712966 4.331094 1.322960
-4.441232 3.800632 1.631614
-4.999854 3.998248 0.886013
-4.334885 3.524948 0.395267
-4.781931 4.282865 0.030930
-5.254894 4.736961 -0.659817
-4.881490 5.446114 -0.145326
-4.661835 4.545151 -0.362230
-4.404850 4.180914 0.479387
-3.511873 4.472908 0.635475
-3.311983 4.147486 -0.236977
-2.526960 3.614797 -0.153242
-2.937036 4.397041 0.203075
-2.231807 4.869702 0.634668
-1.905649 4.028300 0.330211
-1.681251 4.173361 1.244341
-1.042731 4.606311 1.802799
-0.780890 5.521945 1.811941
-0.142870 6.136425 2.161764
-0.498101 6.038231 1.283585
0.129189 6.400116 1.902112
-0.402124 5.810694 2.428722
-0.333697 4.878618 2.611975
-0.924037 4.175454 2.358815
-0.064057 4.571156 2.254483
-0.595709 5.094763 1.662695
-1.203538 5.810369 1.503069
-1.460285 5.202825 0.816045
-2.180859 5.428588 0.235670
-2.541265 5.295033 1.107049
-3.275793 5.752537 0.709321
-4.088271 5.555037 0.253357
-3.588838 4.996667 -0.334705
-2.819145 5.556063 -0.375654
-2.421758 6.219947 -0.930967
-2.815706 5.412863 -0.614027
-2.647065 4.497250 -0.814633
-1.838426 4.262749 -1.259764
-2.112318 4.404196 -0.358650
-2.655442 4.974282 -0.894419
-3.320928 5.594039 -1.177370
-3.685890 6.396534 -0.817048
-3.533755 6.698315 0.073353
-2.914074 6.046783 -0.240542
-2.270614 5.916700 0.449434
-2.918415 5.544427 -0.141156
-2.499887 4.691625 -0.208928
-3.115741 5.367855 0.056527
-3.487262 5.966503 0.697326
-4.099781 5.396047 1.151671
-3.283380 5.395018 0.661245
-3.979504 6.044670 0.681109
-3.570653 5.589951 -0.049030
-4.283782 6.138930 -0.360638
-3.554805 5.858504 0.184324
-2.815657 6.348027 0.532257
-2.298964 5.621511 0.197245
-2.018725 4.715481 0.284442
-2.720092 5.346744 0.413362
-2.047378 4.930941 0.944015
-2.664679 5.331572 0.339479
-1.943520 4.835562 0.714889
-1.072861 5.204325 0.600885
-0.399181 5.854437 0.426132
0.045648 6.595468 0.026094
0.120819 5.902094 0.674641
-0.122704 6.022130 1.587503
0.200907 6.431692 2.384099
-0.496270 6.829831 1.871790
-0.405196 6.107924 2.486270
-0.092953 5.433610 1.890588
-0.279282 6.150082 2.489737
-0.962294 6.190003 3.152256
-1.516740 5.597467 3.650773
-0.950975 4.996395 4.125802
-1.063789 5.941681 4.098669
-0.343584 5.500806 3.658255
0.289598 5.118190 3.058492
0.545710 5.517791 2.232809
-0.149390 5.372234 2.867378
-0.454290 4.476241 2.761253
0.476205 4.432518 2.563021
1.157535 3.812576 2.321172
1.263010 2.993004 1.847668
2.091125 3.324492 2.181388
2.696220 2.613565 1.993050
1.968989 3.129318 2.327956
2.321036 2.423028 2.861104
2.535886 2.237065 3.770107
2.539562 1.502345 3.164134
2.530742 0.761101 3.762054
1.983702 1.133330 4.447051
1.198695 0.788023 4.861246
0.298893 0.885901 4.564926
-0.489530 0.525323 4.959136
-0.823531 1.379259 5.216553
-0.361636 2.181821 5.439211
0.298087 1.988731 6.098387
-0.460794 2.269415 6.600729
-1.192029 2.787479 6.923117
-1.721283 2.205769 7.460270
-2.186729 2.978251 7.154230
-1.887421 3.710909 7.684003
-2.322708 3.738452 6.837365
-2.729380 4.253236 7.527759
-3.021449 3.529553 6.981857
-3.907976 3.263602 6.757428
-3.919824 3.507371 5.836849
-4.384388 3.962930 6.532316
-4.183363 3.219160 7.092160
-5.039189 2.876550 6.852973
-4.784702 2.376908 6.083152
-4.815300 1.626231 6.668454
-5.130319 2.271070 6.042376
-4.461279 2.411553 5.379293
-5.230038 2.811699 5.774163
-6.137776 2.985986 6.003652
-6.560484 2.604263 6.766958
-6.775336 2.307347 5.887919
-6.676828 2.644093 6.773316
-5.797124 2.372233 7.016714
-4.905610 2.682663 7.142678
-4.539704 1.840815 6.888836
-5.119876 1.599242 7.604428
-5.404506 0.741372 7.304304
-5.083390 1.404882 6.701253
-5.722603 2.099812 6.576719
-6.044598 2.910134 6.959769
-6.489695 3.273850 6.200409
-5.588397 3.151589 5.918020
-5.015991 3.800792 5.520634
-5.366513 4.488142 4.962320
-5.845543 4.849906 5.701702
-5.305732 5.280352 5.045691
-4.700890 4.611912 4.738472
-5.132650 4.367561 3.925511
-5.981097 4.404603 3.494473
-5.813450 3.530565 3.833562
-5.416756 3.781274 3.004823
-5.610994 3.095870 2.372746
-4.876890 3.284609 2.949372
-5.538011 2.763032 2.504505
-5.939595 1.971105 2.160106
-6.232071 2.275994 1.306567
-5.671054 1.991419 2.021623
-5.526092 2.067021 2.959866
-4.936783 1.318903 2.951951
-4.514010 1.031157 3.755378
-3.946186 0.808123 3.024036
-4.689092 1.062103 2.484950
-4.318640 0.461552 3.124586
-4.177486 -0.071583 2.348137
-3.609490 0.587685 1.961126
-3.868771 -0.020322 1.275465
-3.508525 0.780225 1.644756
-2.745394 0.898810 1.087443
-2.062696 1.108522 0.457384
-1.147530 0.947201 0.665897
-1.618368 0.479169 -0.016955
-1.095239 1.262047 -0.160029
-0.629126 0.502822 -0.496699
-0.853478 0.407181 0.423925
-1.518066 0.377574 1.105450
-2.091951 -0.314419 0.791078
-2.380279 0.498909 1.194061
-2.208638 0.629517 0.266425
-2.353994 0.206803 1.107385
-2.344741 -0.732664 0.951350
-1.523760 -0.326978 0.689742
-1.378970 0.245998 1.436577
-0.874645 1.010197 1.698658
-1.665334 0.483041 1.635837
-1.849675 1.416858 1.667998
-2.444423 2.159332 1.622870
-1.936058 2.703944 1.029581
-2.875750 2.572760 0.947116
-3.099537 2.366380 0.044699
-2.482512 2.036845 -0.601610
-3.078541 2.779660 -0.599459
-3.498605 2.420734 -1.375183
-3.079059 1.853750 -2.015135
-2.503135 1.428912 -2.643510
-1.765360 1.909537 -2.280582
-1.719208 2.764530 -2.697579
-1.236537 3.373430 -2.146853
-0.406632 3.684389 -2.495554
-0.966781 2.949209 -2.265830
-0.359694 2.515565 -2.857799
0.051788 3.051966 -2.186989
0.429054 2.492036 -2.858686
0.962770 3.012182 -3.451667
0.716685 2.121156 -3.680893
-0.007455 2.549596 -3.234698
-0.609452 2.945241 -3.857670
-1.284874 3.114402 -3.207886
-1.672568 3.126352 -4.077703
-0.856517 2.881513 -4.503313
-1.649146 2.358337 -4.432215
-2.369006 1.876170 -4.827620
-2.943997 2.017852 -4.081737
-3.392022 2.643933 -3.521090
-3.352754 2.444830 -2.590581
-4.039915 2.080997 -2.040613
-3.926077 2.549618 -2.861871
-3.098019 2.251386 -3.225750
-3.521114 2.922375 -3.752810
-3.572914 3.417900 -2.941144
-4.108269 2.774456 -2.486825
-3.772621 1.989683 -2.064330
-3.305638 1.190156 -1.841366
-3.477861 0.660459 -2.613888
-3.426442 1.320935 -1.929668
-4.146068 1.885247 -1.663737
-3.324150 1.502329 -1.372440
-3.367410 1.745911 -2.292129
-4.141400 2.043871 -1.823952
-4.551605 2.508258 -2.547213
-4.128900 1.825575 -2.035067
-3.783946 1.204438 -1.400855
-4.378230 1.798688 -0.952832
-5.094811 2.215515 -0.484010
-4.504009 1.553501 -0.138008
-4.814318 0.719469 0.201297
-4.910517 1.233741 0.997099
-5.174235 0.823687 0.178968
-4.902769 1.619072 -0.269025
-4.167137 1.033873 -0.422050
-3.319990 0.598945 -0.436480
-3.136794 1.239844 -1.116714
-3.138210 1.518188 -0.205916
-2.310339 1.431114 0.256768
-1.556513 1.986554 0.082804
-2.119605 1.425653 -0.441932
-2.361722 0.966898 0.356786
-1.838450 0.522663 1.016991
-1.166778 0.369980 1.674695
-1.718492 1.115110 1.456930
-1.303610 0.665699 0.726910
-1.058268 -0.183847 1.080617
-1.191693 -0.777263 1.813478
-1.789651 -1.041684 1.120977
-1.184531 -0.766833 0.438836
-0.464150 -0.579921 -0.155424
-0.209985 -0.325329 -1.037247
0.572983 -0.134027 -0.529907
-0.121436 -0.219612 0.116225
0.292889 -1.005810 0.458654
-0.120173 -0.393281 -0.142358
0.122755 -0.865487 -0.932951
-0.648128 -0.571532 -0.457178
-0.571912 -1.204001 0.250779
-0.958619 -0.392192 0.564554
-1.493495 -1.174270 0.660945
-2.072526 -1.322752 1.402367
-2.669749 -2.062411 1.459457
-2.012270 -2.748716 1.520601
-2.641155 -3.410752 1.249970
-3.238191 -3.890412 0.683839
-2.770930 -3.294753 0.106010
-2.147489 -2.578392 0.034057
-1.653781 -1.895826 -0.410222
-1.254898 -1.085646 -0.712765
-1.878957 -1.761232 -0.960077
-1.509254 -1.188418 -1.625083
-0.579776 -0.994941 -1.700360
-0.210080 -1.713085 -2.204963
0.378376 -1.412661 -2.890889
0.441749 -1.336878 -3.838132
1.385232 -1.437720 -3.756288
2.081759 -2.022558 -3.473719
1.787330 -2.924494 -3.390938
0.899060 -2.581114 -3.400722
0.598685 -3.483446 -3.349723
0.268295 -2.744730 -2.847558
-0.220338 -2.873892 -3.654765
-0.609935 -2.114560 -4.077445
0.279535 -2.003683 -3.755610
-0.068714 -2.611874 -4.400479
-0.457072 -3.134162 -3.705193
-0.115728 -3.672243 -2.997392
-0.759069 -3.128111 -3.441310
-0.018841 -2.858418 -3.976436
-0.439254 -2.763646 -3.127142
-0.796804 -2.781684 -2.244610
-0.409369 -3.236958 -1.503227
-0.111834 -4.084204 -1.820526
0.474438 -3.507553 -1.340121
0.943494 -4.033410 -0.699425
1.087630 -3.456332 -1.443223
1.463167 -2.581312 -1.424742
2.299196 -2.704984 -1.863820
3.218924 -2.952220 -1.865962
3.641615 -2.598767 -1.089153
3.886475 -1.678496 -1.102360
3.127197 -1.858739 -0.556431
3.052462 -2.625142 0.003989
2.539119 -2.960791 -0.724605
3.254958 -2.773513 -0.124996
2.576882 -2.896249 0.532407
3.005076 -3.598685 0.052550
2.434115 -3.101110 -0.524904
1.938679 -2.968613 0.277604
1.945704 -2.656993 1.177533
1.266449 -2.649028 0.510016
1.667780 -3.002762 -0.277914
1.775825 -2.361685 0.418057
1.613055 -2.390375 1.355988
2.223620 -2.732119 2.002091
2.362933 -2.082418 1.319809
2.675279 -2.766128 1.904626
3.230702 -1.992621 1.919594
2.619341 -1.286416 2.105450
3.469014 -1.095318 2.490894
3.374459 -0.601977 3.300031
3.626429 0.146788 3.831908
4.047743 0.622207 3.122330
3.323574 0.896848 3.676569
4.243418 0.650973 3.698077
5.056788 0.599925 3.205276
4.456156 0.349161 2.510015
4.522252 1.003578 3.198781
4.109005 0.172640 3.412786
4.396101 0.289974 2.512320
3.869709 0.334300 3.304769
3.149766 0.006199 3.834922
2.515370 0.647890 3.530284
2.545757 0.964407 4.428016
1.884270 1.430576 4.930163
1.907090 2.143803 4.299436
2.784621 2.134603 3.929458
3.403320 1.694981 3.354156
4.076730 1.093273 3.656639
4.303931 0.508901 2.939758
3.748455 1.184662 2.563163
4.437530 1.748796 2.225588
4.348011 0.802059 2.173579
4.503051 0.495519 3.061850
5.007780 -0.203585 2.657457
4.276455 0.207228 3.108487
4.143083 -0.257634 3.928941
4.104036 -1.106155 4.359657
3.757240 -1.393867 3.520620
3.900177 -0.484971 3.766601
3.090167 -0.704209 4.216986
2.420205 -1.260955 3.831999
2.504256 -0.526838 4.432863
2.336966 -0.290959 3.525447
3.138666 -0.767588 3.332749
3.658177 -1.444614 3.755564
3.386666 -0.968732 2.976559
3.800030 -0.111193 3.004610
3.373070 -0.743319 2.434389
4.139525 -1.287289 2.280523
3.351320 -1.286530 1.745955
2.674690 -1.096789 1.103149
2.846538 -0.282834 1.566804
3.750190 -0.576209 1.632949
3.775521 -1.285682 2.267800
4.245928 -0.555717 1.876776
3.404188 -0.771289 1.486863
4.222285 -0.853671 1.967445
3.727008 -0.368198 1.314723
3.744481 -0.035533 0.422502
3.934461 -0.911839 0.101527
4.273988 -0.513890 -0.694330
3.479557 -0.967231 -0.429017
2.880179 -0.350384 -0.020026
2.479044 0.064444 -0.777679
2.687550 -0.794236 -1.132958
2.388218 -1.644314 -1.440849
3.201470 -1.911432 -1.858339
3.675785 -2.422907 -1.209919
3.936800 -1.966253 -0.415961
3.320691 -2.058924 0.304353
2.735790 -2.613920 0.811206
3.312477 -2.998646 1.464236
2.789816 -2.695976 2.200610
2.761562 -1.764152 2.005839
2.416502 -0.903633 1.787961
2.673872 -0.316895 1.083313
3.238375 -0.621011 0.379127
2.564242 -0.959827 0.960313
3.312492 -1.397073 0.565388
4.013243 -0.787294 0.775502
4.424391 -0.333079 1.504662
5.071635 -1.031601 1.491584
5.128834 -0.328110 0.852165
4.678102 0.222027 1.485584
4.109070 0.195277 2.248812
4.689106 0.885566 1.942070
4.140101 0.345373 2.502263
3.329085 0.326278 3.001178
2.618057 0.811812 3.408272
2.201247 0.676121 4.253782
1.587235 0.110051 3.795978
1.232808 0.532203 4.572637
2.122809 0.861585 4.492419
1.490114 1.492675 4.163099
0.840828 1.883587 4.739852
0.282470 2.037020 3.983727
-0.238492 1.315742 4.323411
0.153802 0.481776 4.563485
0.731339 -0.275233 4.583948
1.588195 -0.166321 4.182743
1.007071 0.536108 4.458277
1.107355 1.093359 5.224073
1.167539 1.917365 4.750341
1.154559 2.419521 3.941206
1.774110 3.003112 3.513879
2.697324 3.235750 3.489691
3.270551 3.029111 2.757750
3.975355 2.828894 2.149313
3.494297 2.273181 1.543676
4.045901 1.906933 0.859114
3.582871 2.472650 0.248708
2.745270 2.923830 0.205224
3.687316 3.001843 0.321387
4.137883 2.798120 -0.492565
3.360706 2.418637 -0.891335
3.235850 2.477624 0.050982
3.461023 2.875373 0.886519
4.158897 2.934770 0.241171
4.208660 2.117437 0.727504
3.654129 1.588258 1.292742
3.737499 1.187643 2.152733
4.311364 0.511510 1.805527
4.795502 1.284387 1.531113
4.118755 0.620676 1.438747
3.340164 0.079216 1.526192
3.090781 -0.632506 2.107819
2.706190 -0.145919 1.385079
2.855331 -0.616482 2.199547
2.720593 -0.528893 1.260822
2.001916 -0.731259 1.852075
2.695019 -1.382295 1.799250
2.067764 -1.508770 1.093853
1.895159 -2.099155 1.820959
2.260282 -2.286117 2.680470
2.549049 -1.473890 2.275587
3.188783 -2.158482 2.104989
2.841579 -2.879802 2.620911
3.507784 -3.176635 2.008465
4.045919 -3.745808 1.466725
3.414645 -3.276026 0.930230
4.126092 -2.900046 0.420810
4.046329 -2.098707 0.929262
3.963919 -1.495879 0.196570
3.282519 -0.857053 0.010492
2.768423 -1.000190 -0.778334
3.096349 -0.908210 0.111067
3.714515 -0.197660 -0.030424
4.227563 -0.761097 -0.601694
4.368127 0.180376 -0.571717
3.841692 -0.319436 -1.188227
3.234579 -0.686033 -0.552577
2.697243 -0.708610 0.233418
1.979947 -0.369644 -0.293476
2.332777 -0.527382 -1.163912
2.991526 -1.187901 -0.972095
3.200499 -0.817150 -1.824095
2.820116 -1.505168 -2.361655
2.187114 -2.149938 -2.662669
2.882235 -1.988815 -2.031895
2.361905 -2.664707 -2.455518
3.012491 -2.219976 -1.920746
2.843540 -2.168805 -2.856624
2.483481 -1.480599 -3.407768
1.960432 -1.046716 -2.740538
1.914818 -1.635197 -3.487960
1.112223 -2.147617 -3.505116
0.370025 -2.351935 -2.944379
-0.294989 -1.671232 -2.906549
0.211769 -2.256930 -2.352306
0.961687 -2.709509 -1.978372
1.246809 -2.517257 -1.090243
2.008224 -2.442671 -1.657442
2.339936 -1.848961 -2.324152
2.427065 -2.394989 -3.099583
1.803894 -1.875417 -3.598314
1.432274 -1.052845 -3.902128
0.666874 -0.530754 -4.122612
0.932655 -1.424527 -3.928810
1.541222 -1.127373 -3.259200
0.888211 -1.243144 -3.942723
0.235587 -1.431903 -4.610167
-0.618175 -1.183689 -4.951501
0.204211 -1.480646 -4.573975
0.141912 -0.562716 -4.820050
0.914728 -1.038206 -4.530750
0.135665 -0.511042 -4.381790
0.797966 -0.026877 -3.898084
0.382719 -0.779337 -4.308453
0.632305 -1.669591 -4.080017
0.177766 -2.464808 -4.340890
0.275453 -1.570196 -4.029190
-0.500270 -1.130798 -4.364170
-1.158150 -1.042633 -5.047142
-0.610373 -0.522243 -4.467346
-0.577021 -1.195554 -3.794614
-1.005966 -0.797555 -3.043193
-0.360057 -0.582012 -3.709056
-0.224994 0.242563 -4.166071
-1.005040 0.627250 -3.778031
-0.134852 0.810700 -4.118838
0.276478 -0.045869 -4.054602
0.256056 -0.596729 -3.277965
-0.421370 0.066068 -3.371902
-0.425285 -0.720628 -2.835130
-1.146251 -1.162451 -3.273340
-1.563441 -0.562130 -2.662933
-2.153284 -0.721693 -3.393450
-1.283553 -0.336218 -3.348650
-0.851708 -0.859692 -4.016866
-0.483477 -1.284234 -3.247970
-0.735382 -1.982500 -2.651315
0.056527 -2.421439 -2.946683
-0.212107 -2.493868 -2.035849
-0.678822 -3.323743 -2.013202
-1.397026 -3.023863 -2.562096
-2.291131 -3.272798 -2.348473
-2.757151 -3.940606 -2.842323
-3.473029 -4.538093 -3.036126
-3.910997 -4.469621 -2.193199
-3.249007 -3.785590 -2.223209
-3.374608 -2.849774 -2.098696
-2.921726 -3.687496 -2.110903
-2.974310 -2.764450 -1.882322
-3.212925 -3.669390 -1.705756
-2.999306 -2.861441 -2.162500
-2.494432 -2.348247 -2.786010
-2.760985 -1.808715 -3.524173
-2.891192 -1.564464 -2.612901
-2.353329 -1.123900 -1.962029
-2.020758 -1.954330 -1.635207
-1.462763 -2.122594 -0.881975
-1.190521 -2.904625 -1.352445
-1.874126 -2.243426 -1.302137
-1.858533 -2.525047 -2.211794
-1.346828 -1.859229 -2.661098
-0.864238 -1.681353 -1.859539
-0.136441 -1.283999 -1.391083
-0.714220 -0.699293 -0.910125
-1.121860 0.141171 -0.724445
-0.842622 1.024290 -0.502732
0.010766 1.257013 -0.149746
-0.307451 1.029861 0.718684
-0.953132 0.842294 1.393178
-1.453225 0.075386 1.130902
-2.081052 0.780013 1.258816
-1.473128 0.950530 0.545808
-1.233965 0.401697 1.286492
-0.648930 0.751070 1.951850
-0.421635 1.157230 2.782754
-1.353915 0.977718 2.857970
-1.453706 0.113599 2.470194
-1.447649 -0.412803 3.263852
-0.958159 0.269692 2.814820
-1.605685 0.890996 3.133758
-1.318044 1.350673 3.916694
-2.074871 0.810248 3.711315
-1.372347 1.143784 3.161550
-0.979455 1.700534 3.826904
-1.272408 1.222182 3.057237
-1.171248 0.763533 2.228721
-0.681570 0.857371 1.417278
-0.866557 -0.069663 1.301446
-1.384062 -0.588762 1.909519
-1.043740 -0.676197 1.024327
-1.237065 -0.571573 0.097662
-2.053192 -0.412200 -0.366628
-1.879272 -1.327232 -0.565364
-1.617947 -2.044408 0.004195
-2.279199 -1.813590 0.649562
-2.583963 -1.701918 1.544927
-3.522312 -1.539060 1.547465
-4.343636 -1.094347 1.733707
-5.274439 -0.930503 1.851146
-4.468683 -1.017152 2.351425
-3.937819 -1.755017 2.635622
-4.315355 -1.616002 3.498855
-3.733059 -1.349430 4.203767
-3.189935 -2.122871 4.321382
-2.652404 -2.643875 4.910148
-2.464277 -1.860940 4.401570
-1.903315 -1.243338 4.860830
-2.309020 -1.705684 4.133733
-1.783666 -2.422024 3.790383
-2.291117 -3.106869 3.365519
-3.176498 -3.177742 3.709186
-2.530821 -3.378407 3.038468
-3.447843 -3.398055 3.294814
-3.224925 -2.628739 3.810070
-3.835210 -2.377964 3.123271
-3.489694 -2.567916 2.256342
-4.152974 -2.799263 1.613250
-4.742302 -2.424784 2.260928
-5.051412 -1.877469 1.545438
-4.656650 -1.718850 2.397514
-5.158855 -2.345799 2.909134
-4.936903 -1.589647 2.374344
-5.363983 -2.437206 2.453568
-4.870027 -1.698099 2.111870
-5.112200 -0.777365 2.086770
-5.234683 -0.276044 2.887210
-5.103550 0.426095 2.257261
-5.011682 -0.521833 2.262041
-5.687815 -1.184308 2.157155
-5.646558 -1.924852 2.754584
-5.040587 -2.604655 2.475843
-4.177329 -2.285761 2.230647
-3.458124 -1.888162 1.749305
-4.035967 -1.245434 2.149341
-4.343666 -1.824126 2.840332
-4.522063 -2.750157 2.707406
-3.586078 -2.694188 2.540585
-2.759830 -2.524165 2.982664
-3.417391 -2.180494 3.579768
-4.147539 -2.749890 3.356825
-4.561181 -3.540387 3.690058
-3.893752 -4.127458 4.031986
-4.039309 -3.740013 4.889732
-4.796748 -4.175727 4.510957
-4.119436 -3.910007 3.896406
-3.444706 -3.238470 3.924820
-3.243720 -3.648572 3.089086
-3.337820 -2.936100 3.714032
-4.270323 -3.012046 3.892082
-3.609879 -2.567728 3.369181
-4.122402 -1.833831 3.694369
-3.523917 -2.523210 3.423070
-3.584906 -2.383224 4.363130
-2.854005 -2.328825 3.754975
-3.320288 -2.306483 4.585102
-3.399438 -1.538430 5.142649
-4.203350 -1.393156 5.632192
-3.669183 -1.150103 6.382272
-3.399570 -0.355355 5.932035
-2.973979 0.234330 5.317077
-2.921203 0.735645 6.125116
-1.975510 0.660622 6.209164
-2.651802 1.111743 5.713030
-2.831630 1.319922 6.624816
-1.959219 1.039350 6.884063
-1.516589 1.845448 7.131681
-2.391156 1.803030 7.506330
-1.738446 2.465360 7.712046
-2.600035 2.477652 8.117684
-2.385350 3.391983 8.275608
-2.633660 2.941695 7.473976
-2.969630 2.983789 6.583818
-2.616017 2.195704 6.984954
-1.964457 2.870261 7.150698
-1.142986 2.711598 6.695682
-1.918462 2.162070 6.756385
-1.278602 2.854057 6.893357
-1.675983 2.002983 7.050809
-1.376337 1.101453 7.117783
-1.181669 1.062694 8.049250
-0.723877 1.326320 8.841688
-1.245288 0.613849 8.484554
-1.240617 1.468823 8.904109
-1.924586 1.747229 8.302688
-2.774794 1.408543 8.566251
-3.328451 0.941172 7.948144
-3.045365 0.242824 7.365733
-2.375395 0.312493 6.692446
-2.203839 1.249249 6.683122
-3.064241 0.871770 6.838834
-3.860427 0.391747 7.045468
-3.035635 0.122626 7.438307
-2.712348 -0.620323 7.938848
-2.226900 -0.008520 8.483887
-2.388594 -0.532317 7.705092
-2.852459 -0.440325 8.531770
-2.232622 -1.155412 8.424620
-1.505887 -0.613086 8.133472
-0.783284 -0.401416 7.550316
-0.168020 -0.000761 6.943723
-0.479485 0.752638 7.436072
-0.209490 -0.157897 7.364952
-0.895827 -0.808336 7.251367
-0.623541 -0.056574 6.733927
-1.246041 -0.113505 6.015399
-1.040017 -0.425400 6.891358
-0.746573 0.172336 6.210452
0.060608 0.306169 6.697871
0.281588 -0.382983 7.316958
-0.395298 -0.655920 6.705108
-1.042681 0.002742 6.937676
-1.494182 0.502553 7.611001
-1.176684 0.102748 8.414978
-2.067959 0.269948 8.706015
-2.684976 0.451810 8.003701
-3.544620 0.802137 7.790833
-2.946127 0.494137 8.464607
-3.014272 1.421604 8.670010
-2.434040 0.742200 8.999811
-3.230714 0.220535 9.014110
-3.586193 0.867857 8.412748
-3.424117 1.782061 8.624863
-4.113081 1.164426 8.399289
-4.764250 1.728467 7.993250
-3.957652 2.224560 8.094849
-3.239494 1.656545 8.356835
-3.915001 1.066789 8.036044
-4.537489 0.566077 8.554530
-4.814971 1.474308 8.482765
-5.387527 2.092791 8.039269
-5.465198 1.144161 8.006150
-5.295804 2.072735 7.879319
-4.586319 2.598438 8.236107
-3.903381 3.204055 7.964349
-3.094057 2.767191 7.717015
-2.498737 3.082990 8.389990
-3.351194 2.671732 8.284088
-3.295550 2.162878 7.480969
-3.842311 2.015329 8.246677
-4.783841 2.099608 8.130709
-5.384150 2.642795 7.629104
-4.777422 3.146423 7.094996
-4.818041 2.715614 6.246595
-4.424802 2.606614 5.386066
-3.628262 2.794870 4.899123
-4.046829 3.477775 4.383883
-4.077497 3.114144 5.263577
-3.368755 3.504417 4.761182
-3.318888 3.820567 5.658172
-3.383139 4.276731 4.824617
-4.277417 4.426564 4.533332
-3.939545 3.874532 3.834668
-3.034519 4.162642 3.905027
-2.394302 3.509468 3.639478
-1.640302 3.885474 4.083473
-1.654003 2.933409 4.063177
-1.730850 2.623943 3.165762
-1.783783 1.673097 3.154807
-1.148417 1.428603 3.820811
-0.587885 2.116781 4.166127
-1.285699 1.493679 3.987721
-0.727216 1.102245 4.652481
0.167838 1.329730 4.419763
-0.194132 0.741387 5.075399
-0.640510 0.128011 5.651201
-0.519421 -0.516971 4.961010
0.264969 -0.636227 4.434187
0.733109 -0.728805 3.609989
1.293666 -1.293205 3.086291
2.161466 -0.955483 3.286035
2.521824 -0.200395 3.741024
2.887148 -0.984662 3.342910
3.702797 -0.498695 3.417625
3.862985 -0.989333 4.218027
3.890146 -1.450644 5.050784
3.049289 -1.330864 5.481646
3.668969 -1.926577 5.071581
2.904810 -2.462245 4.881444
2.262001 -2.164445 4.244937
2.899009 -1.733485 4.806652
2.292089 -1.173915 5.281584
1.551098 -0.595055 5.432859
2.366652 -1.018473 5.683094
1.823943 -0.268359 5.906309
2.393644 0.134625 5.258176
1.891182 -0.098283 4.483376
1.682791 -0.737532 5.157886
2.603570 -0.975115 5.210332
2.542589 -0.273722 5.851705
2.093639 -0.197033 5.015288
1.734731 0.613539 4.667168
1.212461 1.193869 5.212586
1.001324 0.405691 4.721437
0.762253 0.382002 5.643019
1.137899 1.046232 5.073179
1.381348 1.440007 5.905467
0.989490 2.307806 5.925522
0.106313 2.076856 6.196985
-0.460359 2.486098 6.843849
0.078424 2.048181 6.191950
0.653867 1.950674 6.944538
0.047462 2.275878 6.286097
0.390051 1.487963 6.697012
-0.308844 1.807675 7.259471
0.101735 2.659991 7.369065
-0.330889 1.929245 6.937932
-0.594232 1.222650 6.356209
0.186379 1.294428 6.897062
-0.341621 1.798724 6.285563
-0.958770 1.970565 5.580846
-1.555153 1.435017 6.095184
-1.470770 0.618209 6.577609
-1.998367 1.073808 7.226532
-2.797901 0.556795 7.248275
-3.588765 1.087420 7.249391
-2.693545 0.883574 7.502490
-2.800250 1.490853 8.228337
-3.373067 2.203720 8.494291
-2.745856 2.502927 7.843052
-2.160764 1.910819 8.305767
-2.930510 1.464608 8.645496
