0.619048 15.000028 3.000000
0.097120 15.710424 2.556321
-0.352254 15.081727 3.108737
-0.107602 15.801946 2.270093
-0.275736 16.362388 2.272317
-0.489780 15.609231 2.088719
-0.827971 15.492673 1.516798
-1.428348 16.230438 1.040864
-0.598461 16.696406 0.472423
-1.107170 17.248216 0.938832
-1.559435 16.992392 0.373900
-1.388657 16.066997 0.741007
-0.570927 16.553011 0.602001
-0.725197 17.356670 -0.030921
-1.021088 17.723536 -0.648662
-1.540654 17.297102 -1.196008
-1.459883 16.472183 -0.874436
-1.853973 17.015750 -1.255718
-2.502776 16.322569 -0.734823
-3.112047 15.607497 -0.256399
-2.338751 15.790299 0.602239
-2.197505 15.513877 0.680387
-3.000810 15.930716 0.673059
-3.350722 15.472075 0.815826
-3.240581 15.457189 1.676632
-2.591659 15.845667 2.459672
-2.053588 16.570774 2.967470
-2.364191 16.126852 3.591298
-1.877490 16.848577 4.068618
-2.478255 16.617806 4.080704
-2.299149 16.676449 3.405273
-1.520870 16.184149 3.964026
-1.942295 15.488015 4.105083
-1.313096 16.189802 4.411123
-1.985340 16.084640 4.820591
-1.427730 15.769882 3.940071
-1.656973 16.343604 3.755443
-1.338132 15.760090 4.120271
-0.910346 16.606990 4.580024
-1.600187 15.954328 4.373593
-1.504626 16.098178 3.466376
-1.125993 15.284985 2.775013
-1.482690 15.688177 1.913530
-0.729970 16.260970 1.225360
-1.077900 15.708423 1.767334
-1.745279 15.033780 2.352159
-1.568299 14.274030 2.007980
-2.140842 14.777055 2.536159
-2.533700 14.905302 2.923343
-2.788042 14.764190 3.114480
-3.052035 15.162412 3.862259
-2.318674 15.768963 3.181216
-3.060361 15.822644 3.928330
-3.772261 15.283428 3.508103
-4.130702 16.005909 4.125008
-4.798670 16.089182 3.485565
-5.005268 15.319450 4.188707
-4.715309 16.215745 3.422819
-4.725429 16.493910 2.759730
-5.034464 16.899204 2.148031
-4.515543 17.612967 1.558013
-4.561402 16.772228 1.615026
-4.218315 17.497047 0.681462
-4.551210 18.315085 0.646646
-4.872329 17.926845 0.944629
-4.226681 18.625382 0.340357
-3.435092 18.099785 1.233269
-2.800955 18.008952 1.925424
-3.079101 17.948236 2.386480
-3.293708 17.125951 2.360935
-4.007029 17.753470 2.577319
-4.858516 17.366561 3.341265
-5.483594 16.855933 3.319975
-5.322056 16.165107 3.850796
-5.738454 16.500726 3.795983
-6.323531 16.416314 4.481105
-7.155174 16.855062 3.942987
-7.648579 16.326430 4.450009
-7.623170 15.816571 5.101806
-8.140739 15.367733 4.795035
-7.531627 15.436413 4.641662
-7.179432 15.906692 5.181895
-7.853592 15.265217 5.782941
-7.474211 14.941971 6.306025
-7.741559 15.703118 6.099294
-8.237089 16.302227 6.469710
-7.756151 15.489066 6.806813
-8.358697 14.759792 6.918101
-8.067073 15.397680 7.385002
-8.076150 14.641316 6.789514
-7.881389 14.201237 7.005128
-7.548141 13.594839 6.974110
-7.946344 13.686194 6.581450
-8.564482 13.585484 7.085187
-9.214603 13.097687 7.802652
-9.788469 13.815955 8.479048
-9.032930 14.135679 8.788619
-9.490463 13.782476 7.961404
-9.434467 14.649807 7.550134
-8.872984 15.012882 7.036654
-8.944851 14.419201 7.544603
-8.415967 14.823842 7.592391
-8.391359 14.891001 6.981471
-7.833570 14.210139 6.880689
-8.092665 13.852010 6.740225
-8.970332 14.072312 6.459099
-8.337842 13.698246 6.922075
-9.080936 13.466736 7.682850
-8.556439 12.950438 7.223598
-7.853413 13.496461 6.580868
-7.737012 12.883800 5.841981
-7.562382 13.519596 6.429721
-8.178316 14.233547 5.836815
-7.628390 13.468438 6.232813
-7.890228 13.972319 6.176252
-7.975507 13.079099 6.365138
-8.363176 12.673317 5.784079
-9.037387 13.313749 5.908118
-9.477437 14.146371 5.294202
-8.556849 13.958530 5.779786
-7.718020 14.256441 5.059852
-8.327773 14.613390 4.759876
-8.720328 13.787104 4.198328
-8.136191 14.374791 4.900776
-7.434223 13.875359 5.674924
-7.108174 12.984394 5.279226
-7.582096 12.718701 4.952261
-6.849553 12.203085 4.409807
-7.401352 11.628377 5.168249
-7.866044 11.045572 5.680020
-7.995266 11.628857 4.842000
-8.258570 12.311216 5.125396
-7.878621 12.434850 4.382366
-8.790080 12.674657 3.937420
-9.093861 12.078389 3.280936
-9.315399 12.444605 3.384253
-9.605678 11.661633 2.997816
-9.886065 12.003255 2.096193
-9.204769 12.587737 1.372359
-9.704172 13.124451 0.744917
-8.942837 13.573313 0.063708
-9.333218 13.010231 -0.160269
-9.116738 12.144605 0.316003
-9.389175 13.028526 1.210408
-8.716051 12.355058 0.501799
-9.023350 12.573050 0.798500
-9.833251 12.527727 0.412565
-10.405376 11.985414 -0.270323
-10.853035 11.993730 0.346538
-11.596991 11.399130 -0.365132
-10.761230 11.305463 -1.176483
-10.952405 10.941561 -1.405250
-10.289044 10.452830 -2.013093
-10.146822 11.016790 -2.458961
-9.719282 11.637938 -2.287823
-9.508416 11.972778 -2.458869
-9.964498 12.518894 -1.541505
-10.050983 11.616231 -2.343899
-9.478419 12.367530 -2.060841
-10.044865 12.867321 -1.207128
-9.773876 13.054519 -1.487992
-9.501741 12.898130 -0.720183
-9.111741 13.248343 -0.909571
-8.854230 12.457303 -1.756930
-8.623906 12.018898 -1.767553
-9.348366 12.070158 -1.242751
-8.642934 12.335190 -1.601786
-7.882367 11.914886 -1.122516
-7.104565 12.094017 -1.715353
-7.278312 11.321023 -0.987506
-6.823579 10.718772 -0.376554
-6.683815 11.542575 0.357974
-5.990676 12.156754 -0.150467
-5.403077 11.576200 -0.580063
-5.418667 12.321021 -0.527067
-5.062772 13.086983 -1.401217
-4.746339 12.385082 -1.021809
-5.477420 11.776410 -0.373717
-4.738640 12.124266 -0.988744
-4.614693 12.978730 -1.737102
-4.039488 12.523332 -1.645458
-4.148132 11.894044 -1.853553
-3.403914 12.462485 -2.495901
-4.000987 12.713656 -2.023575
-4.149676 12.970136 -1.694921
-3.348008 12.768138 -1.304310
-3.875127 13.553851 -0.710820
-3.909395 14.411248 -0.889915
-4.522889 14.825477 -1.424371
-4.935631 14.142965 -2.105123
-4.856099 14.692685 -1.454970
-4.183429 15.359539 -1.253165
-4.931118 15.541572 -1.186075
-4.227940 16.177241 -1.241610
-3.573923 16.764075 -2.085331
-4.047737 16.191950 -1.960429
-3.145865 15.911959 -1.874485
-2.712016 15.083532 -1.298197
-2.984580 15.809088 -1.479902
-2.710697 16.221035 -1.233442
-3.184128 15.666389 -0.698458
-2.540812 15.743760 -1.468628
-2.507179 14.855272 -0.518085
-1.640367 14.467131 -0.249268
-2.198404 13.956648 -0.253208
-1.832875 13.118470 -0.182011
-1.893053 13.533464 -0.497071
-2.475439 12.890635 0.123068
-2.534355 12.397381 -0.637982
-1.875757 12.500069 -0.939221
-1.335701 12.997861 -0.775039
-1.085144 13.552110 -0.401310
-1.589059 14.220947 -0.566730
-0.811088 14.692085 -0.647861
-1.065663 13.865006 -0.871344
-1.834758 13.319668 -1.479764
-2.427506 13.846857 -0.672458
-2.826496 14.417290 -0.628009
-3.535692 13.790215 0.104375
-4.138225 13.717355 -0.614596
-3.332147 13.911042 0.227239
-2.693727 13.268422 -0.207764
-2.624935 14.212729 0.267430
-3.468764 14.485104 -0.056296
-2.540289 14.641065 -0.015009
-3.150553 14.101319 -0.829708
-3.026684 13.265794 -0.092666
-2.578551 12.646576 -0.359294
-3.258259 12.535680 0.341871
-3.890328 12.105629 1.274605
-4.001103 11.160037 1.389622
-4.306153 11.988102 1.234624
-4.915662 12.373169 2.126384
-4.260239 12.160120 2.436774
-4.028795 11.277330 3.216402
-4.486720 11.868504 2.730472
-3.844019 12.161147 2.668508
-3.538478 12.928062 3.321986
-2.946514 12.540368 2.864109
-3.630223 11.960890 3.632908
-3.099588 12.390561 4.342169
-3.762641 13.071895 3.485540
-2.980230 13.117310 3.482181
-3.383052 12.764455 2.804079
-3.492864 12.626254 3.263788
-2.935731 12.538195 3.572500
-2.127330 13.022631 4.313778
-2.624321 13.527110 3.514390
-3.129650 12.728939 2.890662
-2.445082 12.444976 3.518843
-2.645750 13.087529 4.122997
-3.359970 13.717544 3.288615
-3.971429 14.177219 3.777015
-4.176165 15.103702 4.247490
-3.867028 14.399510 4.965370
-4.237131 15.009787 4.313319
-4.886496 14.372170 4.020032
-5.548567 15.053542 3.718506
-4.924230 14.408862 3.874081
-4.143173 14.265235 3.943499
-4.066021 13.803347 3.680601
-4.568078 13.486906 3.581801
-5.140999 13.259616 4.092765
-5.793023 13.932172 4.394296
-5.183396 13.480088 4.933365
-5.235908 12.688426 4.745389
-5.924656 12.666836 4.370282
-5.427030 12.535222 3.945163
-4.761868 11.872291 3.135367
-5.443682 12.134727 3.409898
-5.526603 11.538840 3.243116
-6.273987 11.899375 3.434710
-5.892589 11.752323 2.969551
-5.316861 11.328365 3.018076
-6.000570 10.835449 2.301727
-6.291091 10.489413 3.000576
-7.037460 9.980759 3.215086
-6.137109 10.154138 2.985104
-6.759537 10.587375 3.623864
-7.282484 11.304924 3.981910
-6.610809 10.636684 3.277609
-7.317848 10.266309 2.526530
-6.680495 9.741310 2.202316
-6.056834 10.239966 1.551789
-5.803409 11.060462 1.343044
-6.443289 11.516949 2.090484
-6.318308 12.246381 1.891295
-5.741435 12.954562 2.140933
-6.352597 12.409834 2.389110
-7.065895 11.824242 1.846121
-7.592925 11.268064 2.450093
-7.106287 11.972287 1.502396
-6.682170 12.434938 1.759807
-6.177607 12.355804 2.207044
-5.651790 11.670142 1.778488
-5.515957 11.166790 1.790894
-4.976289 11.940648 1.231550
-4.357625 12.452137 1.835851
-3.817515 11.726386 2.486679
-3.766622 11.001018 2.420995
-3.271263 11.407812 3.101267
-3.674406 11.125298 3.454930
-4.036655 12.003010 3.723347
-3.983087 11.467963 4.206416
-4.322651 12.227354 4.541906
-4.664066 13.087861 5.085437
-4.658222 14.034585 4.601656
-3.810062 14.465134 4.240802
-3.144258 13.786821 4.042155
-2.777322 14.504333 4.811441
-3.658927 14.396619 4.108757
-3.755863 15.342743 3.193736
-3.186443 15.851076 3.867913
-3.570032 16.399681 3.318576
-3.770597 16.832076 2.490756
-2.901761 16.677275 3.158070
-3.632703 16.067368 2.314878
-3.027835 16.163663 2.048090
-3.532264 16.899858 2.250251
-2.810857 17.456575 1.628520
-2.224786 17.279771 1.654225
-2.662981 16.745554 1.905043
-2.055563 16.565252 2.323510
-1.189658 16.168858 1.483839
-1.914945 16.701856 0.812758
-2.858632 16.765364 0.064627
-2.199540 16.644166 0.643478
-2.325581 15.831666 -0.210971
-2.389820 16.438898 0.148672
-3.025808 15.786278 0.781937
-3.116279 15.390784 1.626215
-3.390857 14.938206 0.883822
-4.129645 14.612890 0.283546
-4.350864 15.441094 0.846133
-4.727411 14.620920 1.253772
-4.034188 14.390040 0.740135
-3.626906 13.752993 0.583374
-3.194085 14.478053 1.133171
-2.854472 15.296200 1.843999
-2.223016 15.596256 2.641991
-2.340531 15.589003 3.287258
-3.188830 15.160166 3.758448
-3.218356 14.231742 3.171660
-2.547485 14.898333 2.914245
-3.482987 14.764037 2.457285
-3.136578 15.001328 2.729672
-3.270260 14.698300 1.977927
-3.160482 15.123637 2.554123
-4.023945 15.296599 3.306370
-3.216504 14.842909 3.115982
-2.798231 15.426703 2.645702
-1.934788 15.278077 3.270088
-2.367864 15.477747 3.223770
-3.296918 15.268818 3.043219
-3.211759 16.210776 2.491615
-2.486257 16.566262 1.876738
-2.461160 17.337701 1.130620
-1.899006 16.569427 0.736517
-2.608584 15.975576 0.895894
-2.244969 16.041617 1.514016
-1.366083 15.892487 1.821932
-1.338837 16.551705 1.969329
-2.132590 16.553984 1.538456
-1.550555 16.175189 2.152496
-1.044835 15.996132 1.857943
-1.222390 16.897601 2.423370
-0.367660 16.908605 2.785377
-0.855843 16.167612 1.944674
-1.493112 15.860139 2.112827
-1.422144 15.163073 1.729692
-0.756795 15.642984 1.293833
-1.573651 15.916640 1.973232
-1.327709 16.821086 1.642700
-0.405944 16.766340 2.043621
-1.108579 17.392980 2.293385
-1.205943 16.956572 2.782794
-1.423948 16.110048 3.327170
-2.136891 15.491070 2.665373
-2.258945 15.192537 2.998638
-3.117360 15.263868 3.539321
-2.620211 15.004188 3.779190
-3.292447 14.818951 4.575550
-3.918995 15.520816 5.275203
-4.618001 15.019050 6.089875
-4.126878 14.458861 5.911969
-4.928206 14.469678 5.585790
-5.723926 13.947074 4.969421
-6.609578 13.832646 5.667950
-7.080988 14.640862 6.514570
-6.212296 14.553636 5.993770
-6.575217 15.176423 6.230054
-7.057198 14.446573 6.643236
-6.593559 14.419767 6.971603
-7.503250 14.139566 6.542031
-6.863944 14.230497 6.004699
-6.023809 14.636379 5.284715
-5.542273 15.241605 4.537437
-6.314145 15.777202 4.156188
-6.176421 16.202260 4.689086
-6.650676 16.362343 4.598691
-6.031670 15.678909 4.057828
-5.273127 16.077441 4.609298
-4.710450 16.512787 5.082570
-3.986250 16.077727 6.026880
-4.411542 16.826679 6.199434
-4.881575 16.895576 6.998489
-4.230361 16.225624 7.436388
-4.915316 16.143960 7.036723
-4.203919 16.183913 7.080487
-4.055840 15.773409 7.304162
-4.325437 16.546953 7.761622
-3.794401 15.888832 6.928654
-3.552639 16.201132 6.411631
-4.085430 16.851467 6.814702
-4.340335 17.636736 6.469506
-3.562960 17.324183 6.135014
-2.634376 17.364391 5.890022
-3.167698 16.756809 6.754010
-3.712360 17.463219 7.409810
-2.822714 17.794590 6.710603
-2.836207 18.440534 6.530527
-3.532610 19.088797 6.285722
-2.585528 19.074711 6.105724
-2.723015 19.724877 6.762459
-3.411575 20.048290 6.147791
-2.818367 19.812099 5.508834
-3.117841 20.023310 4.742230
-2.648056 19.699310 4.961298
-3.047110 19.040255 4.303525
-2.379833 19.716739 4.106592
-2.112442 18.874191 4.136250
-2.297678 19.804144 4.195784
-2.837279 20.074157 3.507338
-3.528281 19.702567 3.294370
-4.124567 18.966310 2.696500
-4.459823 19.669128 2.682278
-3.676615 19.131913 1.757117
-3.053598 18.419975 2.064226
-2.537288 18.763338 1.259618
-2.251467 19.480952 0.952595
-2.792606 20.223735 0.268937
-3.343313 20.120717 0.259256
-4.121368 19.571838 0.940991
-4.183246 18.816657 1.796759
-4.505251 17.935584 0.937116
-3.930602 17.377548 0.215954
-4.002279 16.433437 0.493597
-3.320976 16.871302 0.622907
-4.061990 16.706155 0.002743
-4.380214 17.293748 0.092718
-3.636540 17.236483 0.302750
-3.562041 17.828787 0.829410
-3.343873 18.513134 1.386805
-4.266857 18.504688 1.348376
-3.880284 18.437989 1.474089
-3.132956 18.612802 2.291050
-3.093914 18.179378 2.145342
-3.947767 17.833008 2.835039
-4.779167 17.785099 2.442608
-4.163251 17.437296 2.751846
-4.035799 16.872734 3.510442
-4.557614 16.081678 3.550143
-5.388792 16.372065 3.834930
-5.935647 16.075154 3.853302
-5.888431 15.193650 3.350428
-5.338063 15.635733 2.814610
-4.658713 16.256202 3.635045
-5.145013 15.582703 3.851877
-4.710328 16.381082 3.442813
-4.895524 17.218523 3.026828
-5.027818 16.607033 2.657038
-5.824152 16.126493 1.916388
-6.452612 16.829715 1.005758
-6.079704 17.449482 0.221068
-5.284336 16.931703 -0.325140
-6.047813 16.656301 -0.760690
-6.567858 15.878293 -1.616410
-6.766565 15.989863 -1.142376
-7.363827 15.415466 -0.764690
-7.976995 15.825064 -0.406904
-8.279532 15.011690 -0.698438
-7.561394 14.590743 -0.849789
-8.007763 14.018539 -0.269815
-8.569442 14.500976 -0.977923
-7.913210 13.833252 -0.477349
-8.302737 13.003810 -0.485683
-7.700052 12.300001 0.087046
-8.335280 12.933734 0.467553
-7.784850 12.383325 0.849050
-7.457521 12.995137 1.286494
-8.337412 12.670740 1.725121
-8.457004 11.899916 2.321399
-7.570105 11.890089 1.664153
-6.727857 12.228156 1.697909
-7.039154 11.550789 0.877162
-6.596934 12.086048 0.558171
-5.996053 12.808436 -0.229677
-6.522857 13.057060 0.024959
-7.216620 12.449608 0.690814
-6.871445 13.006626 1.091779
-7.542860 12.552615 1.041635
-7.889690 12.497406 1.696952
-8.232214 12.980810 1.680313
-7.725150 12.382948 0.750169
-8.129171 12.031630 0.112307
-8.952516 11.968345 0.615947
-8.433567 12.435480 0.013235
-8.695386 11.846705 -0.272520
-9.426505 11.529889 0.203420
-9.960503 12.125438 0.065079
-9.249792 12.097391 -0.668800
-9.384230 11.364319 -1.113242
-10.047041 11.407276 -0.559299
-9.613503 10.560787 -1.004076
-8.907719 10.649301 -1.164768
-9.760582 10.637531 -0.214644
-10.564374 10.180145 -0.247324
-10.230984 10.708259 0.443196
-10.680416 10.022034 -0.016700
-11.309006 10.664229 0.336056
-10.591214 10.975732 -0.483470
-10.128243 10.691239 -0.465932
-10.885067 10.164065 -0.616986
-10.997289 11.097036 -1.478922
-10.364445 10.889534 -2.012770
-10.652522 10.001935 -2.326202
-9.983617 9.389802 -1.428835
-10.523694 9.947247 -0.757991
-10.773770 10.615049 -1.475833
-11.466383 9.961970 -0.970098
-10.652721 10.456909 -0.657768
-10.155518 9.670099 -0.305697
-10.928832 9.526308 -0.800191
-11.641529 10.052588 -0.949494
-11.503350 10.113576 -1.038559
-10.738330 10.468668 -0.976428
-10.968459 9.658765 -1.010457
-11.347979 9.722932 -1.005778
-10.944175 10.290285 -0.303819
-10.391741 9.527404 0.281544
-10.973670 10.180475 0.707176
-11.436582 9.674824 0.125921
-11.121367 10.261736 0.176843
-11.527407 9.825785 0.802936
-11.046681 9.382198 1.475358
-10.963838 10.179442 0.856068
-10.536712 10.877023 0.191040
-10.910136 10.003618 0.337327
-10.289850 9.478446 -0.439710
-9.843200 10.072911 -0.637478
-9.512025 10.715029 -0.464596
-9.197051 10.082047 0.307278
-9.838238 10.761016 0.745488
-10.549177 10.982288 -0.197356
-9.940888 10.913852 0.143169
-9.482610 11.153784 0.800555
-10.201427 10.537847 1.292616
-10.857373 11.158226 0.539009
-10.064755 11.583643 -0.008424
-10.768631 10.985975 0.878489
-11.504981 11.581811 1.352213
-11.138783 11.240604 1.928351
-10.487714 11.771720 1.317837
-9.623757 11.403618 0.925377
-8.739296 11.756773 0.533511
-8.179536 11.150313 0.529729
-7.455202 11.768535 0.851108
-7.873885 12.308868 1.355766
-8.701633 12.779810 1.871745
-8.068290 12.069402 2.441144
-8.006339 12.900235 2.624410
-8.235965 13.795575 2.436158
-8.879822 13.419438 3.023443
-8.834487 13.283923 2.517936
-9.537870 12.646630 1.949024
-9.999495 13.461373 1.286094
-9.300124 12.916846 1.685411
-8.651546 13.237185 1.689026
-7.921172 13.674706 2.046682
-8.706962 14.091709 2.453679
-9.235409 14.302139 3.139618
-8.739551 14.730220 2.598693
-9.477450 14.783458 2.011575
-8.541027 14.854575 2.430960
-9.077137 15.158731 3.045894
-9.158790 14.750486 2.529709
-8.948298 14.272811 2.653262
-8.466963 14.929987 2.094496
-7.959752 14.450272 1.379259
-7.514065 15.210860 1.785473
-6.973270 15.515631 2.103116
-7.448858 16.332214 2.773862
-7.877548 15.524124 2.865817
-8.632618 15.942111 3.365633
-8.711557 16.481449 3.910623
-9.373407 17.040069 3.041899
-8.503978 16.653727 2.384770
-8.087767 15.863530 1.500026
-7.505970 16.484503 1.981709
-7.974546 15.681883 1.498380
-8.910710 15.855309 2.217966
-8.244480 16.374273 2.246082
-8.367496 16.354692 3.074141
-7.684488 16.441687 3.693337
-7.297467 15.666432 3.896376
-6.695739 14.993019 3.146197
-6.205490 14.437964 2.514230
-5.767507 13.669365 3.063270
-6.586422 13.434856 2.449199
-6.845462 13.495060 1.993451
-7.107692 12.598104 2.200152
-6.685089 13.272715 3.020452
-6.334889 13.960418 2.360980
-6.671767 14.500102 3.100013
-6.153341 14.754154 3.480194
-6.844571 14.100932 3.696472
-6.254499 13.456624 3.194469
-5.425751 13.126843 3.108610
-5.567722 13.805239 3.378120
-5.504953 12.967483 2.824533
-4.974222 13.750013 3.768589
-5.152585 13.765689 3.769700
-4.262387 14.075588 4.424530
-3.622919 13.640155 5.057986
-3.288182 14.433068 6.009279
-3.849908 14.562280 6.045384
-4.133144 15.353343 6.406310
-4.647933 14.824041 5.615042
-3.966368 15.476625 5.743773
-3.569501 14.620462 6.078195
-4.457329 14.275804 6.458670
-4.860925 14.845453 6.865547
-5.031275 15.397538 6.131708
-5.594353 16.146822 5.638189
-4.908324 15.582433 4.734212
-4.941994 14.630843 5.177439
-5.111716 15.490882 5.852715
-4.622906 15.839448 6.216010
-4.520915 15.082809 5.893842
-3.627407 15.402236 5.680301
-4.214523 16.134310 5.313188
-4.730373 15.530955 4.627458
-5.328890 15.080269 4.178597
-4.768476 14.310579 4.565916
-4.273327 14.851858 3.682215
-5.020589 14.728474 4.401665
-5.087730 14.270779 4.853827
-5.176972 13.574059 5.507879
-5.635821 13.847250 5.917931
-4.758042 13.771903 6.297124
-5.473777 14.141418 5.558357
-4.559082 13.908251 4.874257
-5.281419 14.418240 4.055539
-4.738885 14.911090 3.324447
-5.503411 14.393454 4.113279
-5.668295 14.146991 3.866568
-5.992118 14.796523 4.015663
-5.359866 15.309490 4.311581
-5.197029 14.395698 4.576741
-4.288490 14.395944 5.244426
-3.833460 15.165665 5.567605
-3.432470 14.683266 4.879492
-3.573714 15.193281 5.471559
-3.114550 15.928222 4.705688
-2.231021 15.727813 4.442417
-1.855516 15.270613 5.039961
-2.313688 14.807478 4.651872
-2.728480 14.786843 3.752910
-3.572730 14.346212 3.198613
-4.020150 14.693099 3.229414
-3.150464 14.426515 4.115963
-3.821920 15.080442 5.041904
-3.862615 15.579596 5.952664
-3.168689 16.220468 5.777557
-2.815290 15.433975 6.115418
-2.484995 15.816143 7.013235
-2.057514 15.176342 7.834466
-2.001827 15.685793 8.274296
-2.689167 15.445445 7.601012
-3.076619 14.778690 7.295402
-2.864719 15.614901 6.683576
-3.608173 16.206365 6.288271
-4.114004 15.556264 7.222860
-3.424650 16.193720 6.544883
-4.031333 16.652712 6.174575
-3.352622 16.105230 5.567243
-4.009836 16.618956 5.911927
-3.753220 16.725293 6.165565
-3.147248 17.454244 6.979168
-3.820836 18.064617 7.535849
-3.974822 17.925188 7.424051
-4.556939 18.160832 6.586750
-4.309067 17.827964 7.510022
-3.597224 17.365955 7.097600
-4.205423 16.872257 6.506963
-4.187508 16.978106 5.853065
-4.562537 17.536920 5.088412
-3.877310 17.953914 5.499804
-4.506831 17.907603 5.916868
-5.122340 17.252903 5.611732
-5.973765 16.932487 4.936650
-6.883311 16.833684 5.055586
-6.870603 17.409597 4.441367
-6.144816 17.847062 4.700504
-6.757925 18.350739 4.456040
-7.628329 18.639826 3.656228
-8.050949 17.809748 4.205158
-7.357527 17.189939 3.697814
-7.180876 16.584900 4.559130
-7.646052 16.013253 5.285216
-6.955101 15.948500 6.127204
-6.616618 16.701329 6.602182
-6.482764 15.976779 6.183974
-7.176044 15.508868 5.668770
-7.896545 15.517203 4.974576
-8.115495 15.935095 5.646026
-8.766408 16.145177 6.403804
-9.338517 15.550389 5.574205
-9.199329 16.077843 5.158259
-8.948235 15.317438 5.698252
-8.464528 15.479564 6.048729
-9.033116 15.535973 6.684030
-8.132950 15.845984 6.294872
-8.669716 15.220050 7.156015
-9.484766 15.007386 6.608450
-9.259314 14.232448 6.637755
-9.912089 13.745348 7.273838
-9.192591 13.499715 6.647278
-10.048741 13.443170 6.804810
-9.700816 13.270107 7.151574
-10.132659 14.065626 6.406810
-10.227820 13.371641 7.103522
-10.944387 13.930654 7.903389
-10.383930 13.221133 7.955929
-9.807598 12.780768 8.539523
-9.406910 12.212064 8.875276
-8.764279 12.280002 8.229555
-9.435178 12.379923 8.460885
-10.036492 12.181152 9.214382
-10.964860 12.024413 8.551478
-10.599946 12.706283 7.831780
-9.816848 12.834637 7.048199
-10.422495 12.882620 6.368632
-11.132740 12.251041 6.274387
-10.418780 12.332032 7.044026
-9.535206 12.434135 7.285747
-8.842062 12.330930 6.345301
-9.569515 11.933196 6.261228
-8.973178 11.463234 5.901443
-8.160013 11.771275 6.508462
-7.440870 12.358635 6.874357
-7.973804 12.740155 7.406534
-7.277618 13.088312 7.254807
-7.876336 12.805692 7.402571
-7.295919 12.054728 8.084241
-6.652381 11.406880 8.554659
-6.513922 12.175914 8.062748
-5.882497 12.555970 7.480873
-5.142620 12.716254 7.361338
-5.697113 13.152830 6.988735
-6.566742 12.987818 6.526055
-5.784751 12.463028 5.736858
-5.017013 12.181733 6.314050
-4.775555 11.673391 6.914139
-5.565150 11.142080 7.221195
-6.102146 10.365263 6.703511
-5.480032 10.776922 6.108330
-4.885729 10.073290 6.374347
-4.336647 10.562749 5.937284
-3.767472 10.983009 5.289345
-4.363967 11.557384 5.124236
-4.443846 11.772666 5.447343
-3.969859 11.556703 4.932608
-3.546908 12.285116 4.276909
-4.151853 12.776428 3.657950
-3.533060 13.230615 4.300928
-2.890873 12.602839 5.215734
-2.105749 12.450469 5.537070
-2.929164 12.911961 5.994590
-3.746672 12.576325 5.704133
-4.405239 12.065775 5.125855
-5.116840 12.138703 5.690296
-5.463428 11.666150 5.199662
-5.899934 12.303766 4.724836
-6.527750 12.429718 4.883020
-5.800450 11.859217 4.199320
-5.203675 12.439228 3.903553
-5.413293 13.182892 4.783927
-5.974423 13.832558 4.741978
-5.041738 14.024775 3.931418
-5.869310 13.565630 3.621207
-5.264574 14.013726 3.100299
-4.868187 13.478615 2.315771
-4.731424 13.066008 2.833790
-5.337358 12.333050 3.194904
-5.990767 12.087970 2.641413
-5.438255 12.826225 1.723484
-6.122838 12.165371 2.610083
-7.017854 11.848785 2.861098
-7.493797 11.286270 2.352731
-7.639912 12.045562 1.495780
-7.853071 11.122270 2.220085
-7.113541 11.438600 3.103783
-6.333873 11.075136 2.240396
-7.091141 10.824539 1.456539
-7.512286 11.569404 2.281376
-8.280384 11.008783 3.044898
-7.452914 11.281372 3.602978
-7.389822 11.613714 3.113812
-7.910069 11.363461 2.415029
-8.751767 11.726447 3.109710
-9.433403 11.069385 2.752854
-9.748266 11.707061 2.427153
-9.085447 11.584008 1.696876
-8.682754 12.285547 2.550811
-8.990335 11.460390 2.391510
-8.827884 11.852124 2.930619
-9.404162 12.552981 2.827934
-10.141053 13.094925 2.622514
-10.970195 12.984455 1.939769
-11.161030 12.227934 0.989709
-11.497552 12.884557 0.419632
-12.206210 13.512269 -0.436781
-11.686310 12.940829 -0.184867
-11.173330 13.472370 -0.326057
-10.993330 14.036619 0.396635
-10.260593 14.177490 -0.439721
-9.611959 14.839741 -0.293110
-9.708339 14.162409 0.458989
-10.278056 13.831083 -0.278199
-9.762926 13.578206 -0.128983
-9.867995 12.802381 0.635586
-10.373641 12.239098 1.389758
-11.031843 12.906177 1.029532
-10.723230 13.602124 1.241749
-11.264122 14.229872 1.589450
-11.559241 13.675299 2.175824
-11.947060 14.419447 2.268557
-11.292383 15.065690 2.908272
-12.019855 14.692812 3.062055
-11.935469 15.501915 3.686701
-12.114047 15.233114 3.022872
-11.628167 16.046950 2.170054
-10.858258 15.726823 1.686399
-11.094510 15.048710 1.385171
-11.443150 15.685262 0.745489
-11.083639 16.407810 0.049270
-11.326089 16.258927 0.613086
-12.079482 16.748372 0.042533
-12.801032 16.543468 0.382808
-12.297770 17.131309 -0.100583
-11.429294 17.520873 0.374552
-12.229039 17.261661 -0.107139
-11.709394 17.823240 -0.773886
-11.395064 18.659111 -0.878615
-12.180831 18.469470 -1.790134
-12.011119 17.839572 -1.217174
-11.468618 17.095343 -0.334424
-10.832861 16.643604 0.261003
-10.851468 15.940243 -0.393861
-11.048415 15.020395 -0.611322
-11.086741 15.879167 -0.105006
-10.755640 15.168256 0.100164
-10.939642 14.234095 0.079388
-11.285157 13.347997 -0.394020
-10.593824 13.027839 -1.042018
-10.776161 12.283598 -1.699170
-11.372420 11.723404 -1.703384
-11.948604 12.270527 -0.951794
-11.294630 11.603197 -0.656612
-11.681012 12.452628 0.227384
-11.249240 13.014088 -0.388048
-12.083719 13.341158 -0.487150
-12.501967 12.961441 -0.509130
-11.940730 12.946783 0.207681
-12.528532 13.454957 0.655218
-12.292746 12.783511 1.463959
-13.089324 13.294069 1.114064
-12.457350 13.610210 0.768334
-11.765110 13.568508 1.266767
-11.375528 13.581210 1.814150
-10.842030 14.230684 1.264003
-11.490899 14.832199 1.575706
-11.423475 15.024138 1.290475
-10.998901 15.704284 1.737532
-10.713417 15.947336 1.957025
-11.492191 15.514207 2.419674
-12.069956 15.564279 1.969305
-12.522242 15.760768 1.442970
-13.219598 15.831728 1.247198
-12.380893 15.821829 1.551355
-11.967725 15.128532 1.579594
-11.257591 15.220841 2.313170
-10.751072 15.521880 2.600765
-10.240550 14.877324 2.177952
-10.389614 15.348304 2.944842
-10.329542 14.636005 2.455587
-10.988639 15.247553 3.141436
-11.918494 15.065554 2.832358
-11.470359 14.570883 3.587819
-11.046330 14.115071 3.075700
-10.812954 13.444435 2.356092
-10.026845 13.784077 2.498033
-10.460161 14.210499 3.217881
-9.917309 14.758446 3.495415
-10.531473 14.149775 4.250005
-10.445227 13.206952 4.299656
-11.316707 13.438848 4.736267
-11.156127 14.285573 5.440641
-11.821895 14.840416 5.145851
-11.886159 14.294652 5.671003
-11.448682 13.748776 4.774047
-12.210834 13.379075 5.345874
-12.835929 14.088803 6.173317
-12.522761 14.243534 6.884400
-12.864760 14.360866 7.329457
-12.736921 13.470048 8.213062
-12.620058 12.527650 8.791480
-12.111709 13.146127 8.022734
-12.774737 13.176083 8.368679
-12.293556 12.418688 8.053824
-12.157940 12.925301 7.889817
-11.499732 12.520824 7.253598
-10.581093 12.356842 7.801419
-11.004706 13.153428 7.708065
-11.845548 13.520347 8.603992
-12.077292 13.062687 8.067920
-11.510253 12.465035 8.666113
-10.781314 12.931518 9.124810
-10.807081 13.382148 8.463290
-10.077468 12.856375 8.586685
-9.500003 12.540773 9.458538
-9.878830 12.537267 9.739721
-10.545927 12.964157 8.928889
-9.891797 13.525635 9.691152
-9.251825 13.473309 9.748694
-8.811806 13.850965 8.991199
-8.257501 14.359125 8.384530
-8.264172 14.911447 8.884242
-7.641172 14.727144 8.125190
-6.703634 14.894629 8.128573
-6.051290 14.667952 7.488043
-5.632900 15.267767 7.288622
-4.903595 15.834124 6.591685
-5.497310 15.528777 5.720230
-5.586233 16.270864 5.047411
-6.265635 16.485139 5.974083
-6.132563 16.079958 5.442340
-5.714530 15.876365 6.081598
-6.482502 15.893585 5.679125
-6.388365 16.176426 5.217139
-7.091856 15.727009 5.377072
-7.680935 16.257278 5.768856
-7.116727 16.890630 6.242490
-8.067343 16.841280 7.071951
-8.473267 16.186959 6.503524
-8.162070 15.334709 6.995967
-7.536911 15.982917 6.646641
-7.306846 16.555460 7.157061
-7.190995 16.514690 7.245100
-6.549441 15.967556 8.168482
-6.067063 15.146415 7.642354
-6.219534 14.724266 7.160271
-5.780798 15.538468 6.415675
-6.131707 14.692725 5.866683
-6.168057 14.883567 5.346839
-6.385240 15.131273 4.652467
-6.970359 14.386444 3.787117
-6.494228 14.111317 3.225872
-6.969685 14.586034 4.031294
-6.852543 14.801123 4.941179
-6.028074 14.615728 5.706833
-6.031867 14.270430 5.145288
-5.622874 13.584592 4.221264
-4.708143 13.771946 5.164640
-3.864973 13.404690 4.525087
-4.357729 12.747541 5.152899
-4.072130 12.115316 5.223612
-4.696968 12.542989 4.889563
-5.644055 12.618519 4.368810
-6.590410 12.615996 3.811882
-6.296148 13.449571 4.097102
-7.067637 13.838097 4.026763
-7.630355 14.551359 3.523936
-7.455284 15.221600 3.356972
-7.756238 14.407017 2.600340
-7.448026 13.740154 2.805793
-7.842884 14.605133 2.317154
-8.650698 14.183463 1.803420
-9.044297 14.361364 2.090715
-8.643263 14.185240 2.085772
-7.929625 14.471148 2.821349
-7.251112 15.047043 3.178317
-7.224430 14.518968 2.626379
-6.971997 14.583767 3.014378
-6.506823 14.183006 2.299613
-6.882565 14.798705 2.463742
-7.685770 14.369268 2.886527
-7.892974 13.550537 3.409114
-7.155607 13.837909 2.953907
-7.666899 13.152416 2.046147
-7.458230 13.885991 2.634776
-6.821186 13.215244 3.148009
-7.633285 12.773019 2.507090
-7.936551 12.160872 3.205591
-8.314302 11.981532 2.574773
-9.252732 11.859825 2.576913
-9.905200 11.505061 3.178620
-10.397796 10.862290 3.485444
-10.909698 10.403544 4.258277
-9.978278 10.525719 3.876773
-9.551970 11.260563 3.206766
-10.239530 10.843747 2.455971
-9.580817 10.915904 2.124158
-9.052614 11.707129 2.713462
-9.970521 11.453359 2.134010
-10.027606 12.395530 2.872687
-9.301401 12.224070 2.087326
-8.413658 11.887115 2.282508
-8.712074 10.984123 1.588784
-7.932205 10.569447 1.195562
-8.619021 9.918942 1.069429
-9.381881 9.531124 1.599314
-10.197679 9.658781 2.269169
-9.389528 9.562467 2.588539
-10.251317 9.725043 1.931968
-10.992435 9.216084 2.812588
-10.253889 9.067376 3.286668
-9.407139 8.788107 3.769584
-8.923295 8.382570 3.949905
-9.652523 8.919750 3.143849
-9.298988 8.573058 2.521718
-8.941407 8.522217 3.341763
-9.442675 9.004055 3.699803
-8.985163 9.679750 4.624376
-8.494091 9.067329 5.235954
-8.359064 10.009259 4.700276
-9.065502 10.645566 4.993679
-9.401125 11.333361 4.504360
-8.884407 12.125710 4.337621
-9.170716 11.465790 5.011237
-8.715030 12.296172 4.419191
-8.268988 13.042617 5.334130
-8.071014 12.696968 5.498269
-7.390794 13.353695 6.287099
-7.005657 13.634164 7.067682
-7.227206 13.260751 6.849631
-7.491396 14.018725 6.368971
-6.890561 14.464081 6.050989
-7.216713 15.212448 6.472716
-6.479204 14.647770 7.257490
-6.005841 14.098500 6.584480
-6.085610 14.585410 7.254069
-5.520570 15.204017 8.069916
-5.089261 15.667652 7.469884
-4.364933 16.213955 6.525411
-3.591241 16.024536 6.002506
-2.874633 16.403438 6.217529
-3.230945 16.222267 5.699169
-3.480488 15.349362 5.304510
-3.524490 14.591429 5.214146
-4.311923 14.951953 4.484338
-5.045797 15.456330 5.078418
-4.470952 15.285399 4.761933
-4.948912 14.757168 3.899670
-4.664058 13.848405 4.702128
-4.006683 13.468996 5.061874
-4.056704 13.114831 5.557918
-4.179114 12.291346 4.805488
-3.872957 12.365728 4.466353
-4.315511 12.120006 3.707121
-4.217512 11.178297 2.846061
-3.604384 11.816705 2.269277
-3.053991 11.040251 3.006295
-3.666959 11.537843 2.162821
-4.305716 12.226007 1.719262
-4.260243 12.841236 2.151419
-4.913552 12.153422 1.876602
-4.235253 12.457771 1.220263
-3.423554 12.858832 1.454765
-2.615234 12.453851 1.602354
-2.624806 13.078443 2.280031
-2.478056 12.630924 2.264702
-1.988473 13.444177 1.583790
-2.512860 14.029270 0.758740
-2.935973 14.653552 1.350193
-2.442608 13.961678 0.770879
-3.106793 13.500661 0.642646
-3.571110 13.002198 0.764983
-4.096048 13.796850 0.392313
-3.831707 14.695250 -0.445762
-4.025952 14.261470 -1.199211
-4.503176 14.490822 -1.231222
-5.371974 14.402410 -1.002570
-4.648718 14.459937 -0.351321
-5.097018 15.247703 0.300543
-4.403388 15.797902 -0.103023
-4.358890 15.847888 0.058601
-3.608893 15.406461 0.055678
-3.975233 15.167956 -0.222651
-3.894721 14.276681 0.291383
-4.053532 13.341779 -0.337112
-3.788141 12.452075 0.297767
-4.170496 11.909132 -0.390589
-3.667740 12.510973 -1.014230
-3.270954 13.066544 -0.282917
-3.903889 13.730970 0.308867
-4.630617 14.218890 -0.346204
-4.171245 14.322965 0.133612
-4.800341 14.427161 -0.298641
-4.510436 13.700801 0.645865
-4.848603 14.356729 0.230430
-4.446550 13.694628 1.157310
-3.563150 13.376303 0.773513
-3.016572 14.042291 1.254597
-3.783274 14.376595 1.663626
-3.565655 15.152876 1.299208
-2.826970 14.972897 0.449290
-3.541189 14.454306 0.747774
-2.894486 14.741168 0.303295
-3.563241 15.277555 -0.430371
-4.146040 15.806393 0.096329
-3.195490 15.861667 0.566115
-3.256500 15.607046 0.140881
-3.703440 16.431933 0.556611
-2.915252 16.649299 0.502242
-2.229508 17.138640 0.346845
-1.578389 16.494279 0.091339
-0.924571 16.945139 0.654047
-1.518667 17.495169 1.326414
-0.987884 16.842659 1.583695
-0.983789 16.427268 0.790187
-0.566838 16.108881 1.445893
-0.849938 17.010966 1.200722
-1.532089 16.730827 0.566733
-2.118243 16.960873 1.172756
-1.299071 17.333429 0.505013
-1.832940 16.651908 -0.238390
-1.757287 17.441492 0.114952
-1.422692 18.247333 0.665846
-1.159576 17.333003 1.094871
-0.689767 16.538397 1.424021
-0.711709 17.034606 0.667781
-0.315767 16.257031 1.138358
-1.004971 16.548865 2.083382
-0.487741 17.200994 1.502476
-1.096636 17.417377 2.088022
-1.480287 17.840939 1.500473
-1.963107 17.092257 1.333223
-1.299557 17.606054 1.796229
-1.214429 17.039765 1.688761
-1.437307 17.938226 1.385832
-2.047965 18.523971 2.290068
-1.932531 19.336698 2.933719
-2.467815 20.019150 3.375159
-3.326442 20.354438 2.555709
-4.092593 19.928320 2.210863
-4.746352 20.238215 2.721468
-5.410058 19.607339 2.651766
-5.884359 20.380400 2.842182
-5.596100 19.674519 1.953151
-6.242773 20.312378 2.384434
-6.634451 20.762719 2.776781
-7.181124 20.150488 2.342044
-7.503772 19.562047 2.162278
-8.075970 19.563826 1.688191
-7.255390 19.307895 2.251455
-7.371440 19.458937 2.263952
-6.758103 19.991686 2.915536
-6.848350 19.604063 2.690089
-6.792846 18.778270 3.431970
-7.319963 18.010615 2.739718
-7.932448 18.464145 2.149424
-8.611714 19.023768 2.468387
-7.909862 19.039128 1.832107
-7.309850 19.111547 2.403531
-6.991361 19.790819 2.051488
-6.821983 20.727383 1.273043
-7.726244 21.006582 1.838638
-8.611843 20.678665 1.635921
-8.469883 20.221483 1.470342
-7.862883 19.887163 2.280038
-7.826702 18.954704 1.492272
-8.082429 18.126746 2.080383
-8.702241 17.957991 2.918297
-9.077010 17.274532 2.582617
-8.416302 16.980458 3.273531
-8.585576 16.043281 4.200532
-8.647998 15.095019 3.867467
-9.319297 15.650221 4.543639
-10.073926 15.210506 3.816249
-9.237111 15.116885 3.759344
-8.739228 14.391542 3.012355
-9.356103 13.919403 2.164752
-10.140387 13.541883 2.638792
-10.299578 14.015750 2.764522
-10.741705 13.404016 3.580470
-10.878887 14.042829 3.275416
-10.877181 13.198817 3.792419
-10.435148 12.860721 4.649031
-10.267932 13.782042 4.669130
-10.974475 13.158901 4.389146
-10.183364 12.723278 3.916514
-10.310774 13.614120 4.663842
-11.038875 14.197141 4.200148
-10.965668 14.382671 4.868769
-10.200009 13.950642 4.507774
-10.837857 13.290391 3.556262
-10.887335 14.169810 2.766842
-11.129089 14.948592 1.872310
-11.404180 14.887593 2.198306
-10.750355 14.235486 3.146857
-10.124809 13.517882 2.492227
-9.467753 13.567658 3.037408
-8.979000 14.340042 2.243830
-9.583719 14.863552 1.881636
-9.525576 15.805845 1.750306
-9.774128 15.819849 2.089464
-10.331332 15.100672 1.216755
-10.639428 15.730053 0.893664
-9.815618 15.994142 0.414907
-9.625208 16.297330 -0.101047
-9.088061 17.083428 0.396387
-8.572196 16.419921 0.110993
-9.251567 15.814433 0.696030
-9.661950 15.423956 1.080163
-9.825851 15.977932 0.645430
-9.734124 15.748133 0.232384
-10.168994 16.540254 -0.445200
-10.907835 16.920676 -0.737360
-11.560325 16.437134 -1.208349
-11.943540 15.868649 -1.967985
-11.624760 16.162666 -1.673070
-12.208440 15.998564 -1.278728
-11.945083 15.732809 -1.419811
-12.681246 15.481127 -1.791928
-12.392570 14.583494 -1.211008
-12.662051 14.970649 -1.765838
-13.417960 15.307690 -2.128903
-13.290672 14.601219 -2.766127
-12.543130 14.028127 -2.245253
-12.056988 13.340979 -2.356746
-12.678845 13.321838 -1.997106
-11.930305 13.745554 -2.758770
-11.289874 13.898477 -3.475223
-10.750566 13.332050 -3.643781
-10.886510 12.558914 -3.498288
-10.202229 12.746278 -3.993793
-9.703058 13.283720 -4.156084
-10.179774 13.921971 -3.596250
-11.070500 14.228945 -4.102679
-10.795590 14.309854 -3.335595
-11.387930 14.692907 -3.835090
-10.808600 14.491790 -3.291140
-10.210927 13.768970 -2.909045
-9.388239 13.991814 -2.980790
-9.750501 13.164128 -2.519781
-10.350213 12.653313 -3.000932
-10.689796 13.222106 -3.524150
-10.116750 12.650962 -3.526549
-10.381310 12.050773 -2.985892
-9.861123 12.827279 -2.408847
-10.401719 12.377310 -1.778058
-10.196391 13.270130 -2.261190
-9.750739 13.711955 -1.750398
-9.884616 14.448707 -1.811192
-10.225204 15.021953 -2.536758
-10.875239 15.360071 -2.566114
-11.197065 15.961842 -3.308631
-11.298619 15.088848 -2.800873
-10.832213 15.713041 -2.615679
-11.046629 15.824267 -2.661812
-11.481263 15.226095 -3.194058
-10.680864 14.959807 -3.901010
-10.646678 14.167082 -3.729678
-11.128765 13.348976 -3.167504
-10.798302 14.242030 -2.906991
-10.692439 14.965904 -3.605530
-11.015918 14.080732 -2.892913
-11.591776 13.495390 -2.151369
-12.029319 12.879401 -2.787079
-12.400753 13.262132 -3.000477
-12.964228 13.751262 -3.123723
-12.692112 13.220889 -3.319670
-12.392726 13.802123 -2.863783
-12.982624 13.859550 -2.514428
-12.670775 14.271879 -2.662339
-13.179144 13.648066 -2.703510
-12.615696 13.246670 -2.236677
-11.769709 12.874817 -2.970180
-11.738854 12.276703 -2.226244
-11.260813 12.726648 -2.436833
-11.071573 13.397090 -1.621072
-10.760643 14.287200 -0.826193
-10.969081 14.490873 -1.004678
-11.823128 14.069551 -0.266236
-12.682853 13.899261 0.501627
-13.312418 14.559323 0.019200
-12.895680 14.507562 0.692966
-13.496000 14.751650 1.285806
-12.915069 14.058778 0.629123
-13.505209 13.496767 1.405610
-12.589100 13.372105 1.326130
-13.391501 13.596831 1.581760
-13.831046 13.883952 2.375366
