9.619048 -12.999972 -16.000000
9.169300 -12.196270 -16.242527
8.728672 -12.785310 -16.847430
8.245210 -13.159979 -17.577442
7.805755 -12.361510 -17.301116
8.240834 -11.648777 -17.759097
7.792631 -11.028864 -18.326416
6.982156 -10.531617 -18.380325
7.841604 -10.163490 -18.561601
7.216129 -10.874893 -18.660170
6.920407 -11.645709 -19.134955
7.338597 -10.878555 -18.755982
7.051860 -11.155405 -19.620948
6.281645 -11.576576 -19.990289
6.978600 -11.359959 -20.602138
6.854905 -10.632546 -19.999976
6.113443 -10.127451 -20.319576
5.949603 -10.240892 -19.388278
6.478526 -9.825367 -20.062525
7.142261 -10.388691 -19.676324
7.394022 -10.409277 -18.758052
6.614957 -10.957030 -18.765386
7.122838 -11.521639 -19.340107
6.973244 -11.338700 -18.417510
6.836515 -11.140252 -17.496124
6.930831 -11.160410 -18.443609
7.382271 -10.797923 -19.199806
7.287001 -11.498339 -19.838062
7.852112 -10.800659 -19.520381
7.866976 -10.496241 -18.618085
7.032219 -10.166401 -18.936544
7.835572 -10.461653 -18.518837
7.491782 -11.250228 -18.110195
6.789396 -10.797559 -18.567114
6.247569 -11.426402 -19.034030
6.897464 -11.422211 -18.337863
7.268422 -12.207473 -18.728738
6.699226 -12.583842 -19.393111
6.263251 -11.857297 -19.827953
5.826828 -12.603412 -20.227797
6.582695 -12.027582 -20.163671
6.834003 -11.270001 -20.683234
6.632070 -10.372655 -20.436204
6.520421 -10.992790 -21.150346
5.990251 -11.727189 -20.856052
6.338388 -10.841266 -20.887228
6.165935 -10.701470 -19.961081
5.610647 -10.419321 -19.240612
6.219595 -10.930888 -19.764550
6.429341 -10.216068 -20.357905
6.748930 -10.977630 -20.832157
6.945692 -10.305622 -20.186620
6.291616 -9.619067 -20.275248
5.451820 -9.214191 -20.469793
4.729262 -8.717337 -20.098207
5.605776 -8.483581 -19.808190
5.745819 -8.937229 -20.633793
6.109627 -9.816790 -20.601468
5.721603 -9.621788 -19.753859
5.941102 -9.037310 -20.473050
5.951242 -9.348779 -19.573098
5.240039 -9.978941 -19.637255
5.546913 -10.392328 -18.836026
6.185260 -10.893100 -19.334794
5.604634 -11.561565 -18.983997
4.998906 -11.890315 -19.641299
5.871009 -12.218281 -19.838542
5.631128 -11.520826 -20.441071
6.365513 -11.222321 -20.968900
6.045416 -11.433800 -20.097210
6.618794 -10.868443 -19.588647
6.425418 -10.228584 -18.910254
6.602438 -9.502747 -19.500893
6.563146 -10.235666 -20.107785
6.045326 -10.607527 -20.815323
5.745430 -11.047882 -21.604740
5.383534 -10.177415 -21.740198
4.923470 -10.631260 -21.040630
5.513192 -10.969323 -21.707690
4.695052 -11.398932 -21.477230
4.079651 -12.123577 -21.533805
4.757962 -11.543802 -21.866648
4.693325 -12.327712 -22.403616
4.165211 -11.567230 -22.626755
4.827265 -11.417933 -21.958605
4.084638 -11.391078 -21.362943
4.088005 -12.325820 -21.545354
4.633761 -12.091627 -20.800819
3.876570 -11.771205 -20.320171
3.628555 -11.094754 -19.697329
3.519338 -10.481790 -20.418007
2.906627 -9.890210 -19.991806
3.059331 -8.984649 -20.244136
3.776865 -9.037574 -19.620137
3.955953 -9.956670 -19.793975
4.025126 -9.899246 -18.845848
3.550572 -9.236102 -18.353842
3.266757 -8.746440 -17.587872
2.355780 -8.960167 -17.410470
2.252940 -8.774680 -18.338934
3.104958 -9.028581 -17.997425
2.587317 -8.418883 -17.480370
1.661366 -8.209245 -17.404904
2.408802 -8.186480 -16.815116
2.465607 -7.502850 -17.475761
1.908055 -6.988377 -16.900014
0.958990 -7.055610 -16.942250
0.153054 -6.557073 -16.847600
-0.212479 -7.243292 -16.297584
-0.724572 -7.033656 -15.522444
-1.259346 -7.672416 -15.983998
-1.066456 -6.740149 -15.957557
-0.781042 -7.309710 -15.249625
-0.884664 -8.017262 -15.878641
-1.581254 -7.974172 -16.526664
-0.864686 -7.360128 -16.655146
-0.748071 -8.249885 -16.974149
0.050884 -8.644163 -16.637630
-0.762696 -8.514414 -16.159841
-1.381354 -9.226121 -16.026553
-1.171545 -9.321780 -15.102509
-1.686356 -9.308802 -15.903651
-0.952756 -9.326264 -15.296564
-0.027329 -9.522936 -15.405802
-0.691482 -9.467950 -16.086173
-0.251205 -10.066272 -16.682157
0.590786 -9.857227 -17.075071
-0.165071 -9.690972 -17.630111
-0.620655 -10.505396 -17.820338
0.076410 -10.751742 -17.219970
-0.296633 -11.490933 -16.749370
-0.735072 -11.172733 -17.532663
-0.232076 -11.733642 -16.950076
0.396464 -11.892099 -17.647829
0.624674 -12.346703 -18.452990
0.958247 -11.922254 -17.668387
0.210297 -11.341752 -17.565341
0.771150 -11.929733 -17.068599
1.516660 -12.400209 -16.708188
1.881474 -12.928297 -16.004581
1.971597 -13.704952 -16.548377
2.783307 -13.911310 -16.094976
2.081186 -13.395721 -16.479973
1.232378 -13.460064 -16.907073
0.756866 -12.691418 -16.606905
1.070772 -13.489833 -16.193354
1.826199 -14.004730 -15.926446
2.210270 -14.340276 -16.730764
3.021961 -14.050092 -16.325820
2.276448 -14.630477 -16.445792
2.131378 -15.340443 -17.063800
2.117503 -14.442855 -17.381876
1.880783 -14.523880 -18.300804
1.097671 -14.680652 -17.781970
1.910819 -14.835895 -17.311097
2.344475 -15.624670 -17.622236
2.910970 -15.070701 -17.093812
3.432451 -15.859812 -16.982509
3.044781 -16.283426 -16.222710
3.017220 -17.164953 -15.863296
2.413356 -17.835027 -15.557715
3.007598 -18.312537 -16.128583
3.746914 -17.713083 -16.161683
3.800730 -18.414364 -16.803819
3.630637 -17.944077 -15.993308
3.032450 -18.636469 -15.729120
3.724222 -19.031918 -15.207487
4.357367 -19.362482 -14.577500
5.258371 -19.072907 -14.684114
4.599810 -19.601574 -15.124384
3.837922 -19.428279 -15.668925
3.489978 -18.574222 -15.906730
4.160610 -17.966385 -15.610392
5.068014 -17.758130 -15.409700
5.604884 -17.674099 -16.191838
5.320225 -17.013628 -15.567516
4.483409 -17.110215 -15.123175
4.280931 -17.945118 -15.534236
3.861063 -17.464569 -14.827262
3.294350 -16.708821 -14.948557
3.829613 -17.369370 -14.519374
4.167521 -17.838003 -13.762253
4.455318 -16.932868 -13.832490
5.154081 -16.907314 -13.185877
4.546176 -17.248769 -12.537117
4.016710 -17.368999 -13.319575
3.463657 -17.614369 -14.055071
2.731947 -18.068783 -13.648702
3.295508 -17.596367 -13.043515
3.869806 -17.453062 -12.297409
4.285602 -16.725700 -11.844541
4.343465 -17.607916 -11.490455
5.216918 -17.522800 -11.860408
5.754641 -16.887303 -11.397778
6.131127 -16.468308 -12.165717
5.419067 -16.034840 -11.705169
5.874332 -15.198391 -11.694439
6.397724 -14.775270 -12.368279
5.582451 -14.290320 -12.283522
5.814060 -14.917055 -12.962189
5.021950 -14.934126 -13.490677
4.132147 -14.939584 -13.151193
4.172541 -15.485790 -12.372054
5.069056 -15.615009 -12.077790
5.748752 -15.783567 -11.432321
5.442855 -16.401798 -12.089014
5.991402 -15.887816 -11.504250
5.350489 -16.151532 -10.851018
4.673769 -15.794016 -10.284219
4.849913 -16.408725 -10.990006
5.719730 -16.069613 -11.178288
5.038469 -15.994288 -10.517048
5.812568 -16.245185 -11.011872
5.214818 -15.629917 -10.598146
4.906105 -14.782510 -10.292160
4.416115 -14.053141 -9.924790
4.846623 -14.553329 -10.611452
4.869912 -13.868062 -11.272434
5.509905 -13.228550 -11.569861
4.688199 -13.108983 -12.036265
5.438143 -13.521729 -12.453703
6.176217 -13.671100 -13.036767
6.466050 -14.340719 -12.424690
6.920222 -15.177391 -12.451818
6.562376 -14.653450 -13.162071
7.056614 -14.148814 -12.523244
6.131475 -14.022849 -12.335411
6.221856 -14.436265 -13.188610
5.530531 -15.010080 -12.872642
5.261992 -14.441445 -12.157400
6.132917 -14.826374 -12.176048
5.487190 -14.127453 -12.136365
5.970921 -14.702534 -11.551288
5.241438 -15.287419 -11.732381
5.914257 -15.689522 -11.191404
5.282504 -15.774380 -11.899016
4.707373 -16.201648 -12.526470
5.348088 -16.896791 -12.641755
4.636247 -17.525431 -12.713330
5.587349 -17.566719 -12.740370
5.680851 -17.987491 -13.589627
5.180961 -18.225388 -14.364575
5.839523 -18.800626 -14.741970
5.896292 -18.119460 -14.078780
6.429810 -17.519445 -14.591001
7.228606 -17.850310 -14.990355
6.695855 -17.269633 -15.525165
6.057929 -17.302268 -16.231574
6.865871 -17.244414 -15.730665
6.513679 -17.751310 -16.455954
6.853190 -16.910587 -16.164502
6.853964 -17.603048 -15.510647
6.202792 -17.879613 -14.873060
5.431638 -17.998332 -14.326932
6.349878 -18.087509 -14.563389
6.203745 -17.419890 -15.226684
6.709731 -18.140538 -14.863814
6.339836 -17.882061 -15.702502
6.058773 -17.583845 -16.562211
5.411754 -17.314424 -15.917380
6.107886 -16.667158 -15.858408
5.681053 -15.825262 -15.731702
4.849234 -15.386709 -15.882619
4.407290 -14.644854 -16.284325
4.831237 -14.030131 -15.693212
5.485718 -14.095211 -15.004410
5.029947 -13.509097 -15.600876
4.888110 -12.768295 -15.019390
4.667588 -12.497317 -15.905376
4.495048 -12.231608 -16.803517
4.960498 -12.499811 -16.017101
4.118873 -12.183442 -15.703080
3.772526 -11.450343 -16.202717
4.022567 -10.840687 -16.890343
4.324236 -10.075837 -17.371000
3.839330 -10.182714 -18.183694
3.198268 -10.785831 -18.547450
2.566655 -10.352250 -17.981674
3.122603 -10.866520 -17.404199
2.621074 -11.671667 -17.489276
3.338118 -12.238469 -17.756885
3.634886 -12.887825 -17.126571
4.237452 -12.150877 -17.097413
4.839889 -12.867864 -16.924124
5.428890 -13.601550 -17.071812
5.719704 -14.482711 -17.286314
6.624675 -14.761872 -17.185688
7.274654 -15.315283 -16.763440
7.614999 -15.951302 -16.141608
7.055479 -16.625568 -15.768336
7.340730 -17.285289 -16.393179
6.945793 -16.420468 -16.337154
6.357889 -16.937043 -16.879877
6.942931 -17.468184 -16.348234
6.630237 -17.731971 -15.488194
6.067161 -17.388867 -16.175402
5.460509 -17.822076 -15.582669
5.635225 -16.890917 -15.485481
5.694364 -17.573450 -16.147054
6.463715 -17.305275 -15.653892
5.608368 -17.245442 -15.239369
6.207994 -17.927926 -14.953547
6.199887 -18.533484 -15.688573
6.324825 -17.590841 -15.635243
6.009245 -18.248086 -16.247998
6.534471 -17.476271 -16.059663
5.657144 -17.826166 -15.937598
6.306569 -17.825135 -16.634216
6.431977 -18.262963 -15.797790
6.119875 -18.675242 -16.597570
6.466212 -17.788618 -16.628855
5.742291 -17.207486 -16.841581
6.414712 -17.778073 -17.201176
6.291997 -17.780066 -18.145616
5.741643 -18.192427 -17.486755
6.402338 -17.523930 -17.333061
6.829454 -16.811281 -17.798607
6.998830 -16.557959 -16.896293
6.231364 -16.032595 -16.691310
5.710498 -16.826666 -16.619337
5.414855 -16.084210 -16.101278
6.103912 -15.719648 -15.554173
6.960545 -15.755858 -15.968780
7.673868 -15.321846 -16.426857
7.283138 -14.647199 -15.879854
7.004977 -15.035763 -15.056037
7.149750 -14.180180 -14.663549
6.295117 -14.334492 -15.054471
6.823782 -13.567313 -15.251903
7.690454 -13.945271 -15.366167
7.571122 -14.153423 -14.444504
7.041293 -13.930294 -15.203797
6.808410 -13.219603 -14.614126
7.492020 -13.850191 -14.819225
6.669670 -13.386411 -14.694014
5.948168 -13.856264 -14.286949
6.584412 -14.363598 -14.781756
7.074445 -13.695516 -15.251399
6.598101 -13.448766 -14.464482
6.111159 -13.216524 -15.249327
6.645414 -13.329812 -16.029562
6.781977 -14.259387 -15.873767
6.269984 -13.499012 -16.132075
6.723846 -12.665438 -16.053381
6.232631 -13.078684 -15.349843
6.896526 -13.478070 -14.795980
6.042293 -13.057144 -14.784264
6.636259 -13.784677 -14.942155
6.866952 -14.536542 -15.479287
7.542770 -13.900300 -15.265985
8.138071 -13.754284 -14.537065
8.172952 -13.043798 -15.170329
7.581290 -12.914552 -15.905352
6.829676 -13.151191 -15.370462
6.267810 -13.135571 -14.601637
6.487930 -13.846215 -14.007027
6.643406 -12.931130 -14.220272
6.123584 -13.519130 -14.759782
6.773967 -13.856566 -15.368197
6.199182 -13.168789 -15.690090
5.856834 -13.110587 -14.803275
5.349280 -13.600802 -14.163661
4.603548 -13.334568 -13.634479
5.268121 -13.548085 -12.986572
4.865033 -13.284641 -12.164898
5.748284 -13.047745 -12.430940
5.991205 -12.664639 -13.268347
6.037488 -11.839777 -13.742150
6.473058 -12.437261 -14.342418
6.847456 -13.087427 -14.929053
6.253977 -13.444320 -14.275265
5.596035 -13.941985 -13.799374
6.274596 -13.325286 -13.541950
5.689783 -13.274915 -14.291941
5.158453 -13.841910 -14.842608
5.462051 -13.682285 -13.954139
6.398927 -13.538583 -14.047121
6.137791 -12.677520 -14.359226
6.295564 -13.432106 -13.799995
6.877551 -13.758449 -14.479570
6.464378 -14.368813 -15.082704
5.829834 -13.677699 -14.919165
6.642263 -14.173748 -14.888746
6.642600 -13.280348 -14.558799
7.098919 -12.705802 -13.951592
6.754531 -13.514292 -13.584481
5.931630 -13.164010 -13.257121
6.582229 -12.543456 -13.571229
7.311594 -12.058214 -13.944852
7.519124 -12.388488 -13.076014
7.084939 -13.079988 -13.566260
6.655566 -13.823042 -13.153296
6.671638 -13.051853 -13.711902
6.677046 -13.768930 -14.338639
5.981633 -13.526091 -14.942344
6.795190 -13.803697 -15.352330
6.254204 -13.024136 -15.270802
5.600587 -13.641858 -14.957379
6.314159 -13.014918 -14.888169
5.952801 -12.451279 -15.565488
5.342914 -12.807207 -16.204537
6.253239 -12.741576 -15.932449
7.070050 -12.323147 -16.186939
6.313300 -12.714579 -16.612543
6.935247 -12.080932 -16.268008
6.565315 -11.206485 -16.193698
7.263728 -11.765017 -15.866144
7.077740 -11.323253 -15.043171
6.922170 -10.497628 -15.491691
7.386875 -9.710436 -15.758915
7.863107 -9.395591 -16.521218
7.400285 -9.133570 -15.731174
7.979571 -9.347557 -15.006147
8.503181 -10.142178 -14.968196
8.060964 -10.609468 -14.265975
8.394866 -11.154795 -14.971777
8.604085 -10.250425 -15.184779
7.694910 -10.315871 -14.908832
8.293847 -10.645661 -15.571812
7.615887 -10.614690 -14.903650
7.023128 -10.275466 -14.239878
6.852189 -11.014416 -13.663891
6.668102 -10.467476 -12.906265
7.114379 -10.205910 -12.106609
6.503402 -10.901489 -12.330010
6.760837 -10.190981 -11.750410
7.106734 -10.237849 -12.636518
6.420582 -10.847123 -12.891487
6.741302 -11.095140 -13.753262
6.691671 -11.763108 -14.430303
5.979023 -12.334857 -14.161484
6.025745 -12.700957 -15.039446
5.627305 -13.564291 -14.985322
5.776845 -12.997119 -14.235000
5.474493 -13.704326 -14.796669
5.212303 -13.028912 -15.414814
5.460939 -12.264597 -14.903902
4.945476 -12.130194 -14.114431
5.367093 -11.571043 -14.759891
5.942409 -12.327316 -14.695919
6.323941 -13.116697 -14.323978
6.737570 -12.550939 -14.968849
6.292661 -12.095605 -14.260502
7.010791 -11.474845 -14.183203
6.683175 -11.332570 -13.300335
6.050139 -10.626600 -13.389217
5.921614 -10.298811 -14.274128
5.429032 -9.490454 -14.378769
4.643677 -9.852152 -13.979492
4.420809 -9.201354 -14.638144
4.641301 -9.608413 -13.805849
4.956650 -9.904078 -14.654474
4.185880 -9.455770 -14.989082
4.425729 -9.594904 -14.077960
4.844617 -9.526466 -13.225389
4.651870 -10.375831 -13.610687
3.805268 -10.702791 -13.899462
3.616801 -10.209460 -13.106913
3.023840 -9.464341 -13.121870
2.700498 -8.698762 -13.587025
3.348226 -9.349140 -13.333081
3.887289 -9.322944 -12.548381
3.383525 -9.979685 -13.019490
2.712899 -9.531080 -13.525497
2.491827 -10.322942 -14.006238
1.954330 -9.826120 -13.396899
2.824444 -9.726615 -13.022692
1.909160 -9.883074 -12.811015
1.282154 -9.707347 -13.506006
0.554535 -9.105783 -13.380623
0.996089 -9.022510 -12.540905
1.095345 -8.075530 -12.520808
0.966554 -7.531525 -11.749769
1.465299 -8.336497 -11.851270
2.188663 -8.352581 -11.231984
3.010862 -8.050118 -10.858441
3.362909 -7.735169 -11.685423
3.264601 -7.129250 -12.413590
3.768820 -7.776054 -11.929404
3.262339 -8.186353 -12.623783
2.617292 -7.492424 -12.720769
3.032867 -6.984538 -13.410971
3.193899 -7.819692 -13.839476
3.629976 -8.422570 -13.244996
2.753650 -8.630990 -12.935737
3.213482 -8.022805 -13.506432
2.513449 -7.402992 -13.325281
2.854007 -6.605622 -13.719300
2.591988 -6.057785 -14.452955
1.806853 -6.038663 -14.991684
2.673927 -6.270807 -15.309995
2.235674 -6.778540 -14.633851
2.951966 -6.914730 -14.021146
3.180394 -7.580395 -13.379477
3.978779 -7.062020 -13.349512
3.759279 -7.761645 -12.741750
3.704209 -8.694555 -12.558244
2.864096 -8.449186 -12.182699
2.841814 -8.723647 -13.094403
2.802931 -9.641862 -12.844606
3.460018 -9.182299 -12.330730
4.215096 -9.220171 -11.751547
4.832515 -9.853001 -11.397499
4.201581 -9.391910 -10.853121
4.954226 -9.658020 -10.333756
4.371128 -9.042290 -10.767233
4.824224 -9.610077 -11.383149
5.559028 -9.466979 -11.971890
5.716008 -9.933477 -11.156558
5.296248 -10.728370 -10.841953
5.966071 -10.060747 -10.954395
5.776128 -10.313934 -11.852642
5.673404 -11.188705 -11.490353
4.929762 -11.782102 -11.534016
4.383831 -12.404664 -11.063478
3.600126 -12.610895 -11.563782
3.887874 -12.979072 -12.393647
4.439215 -13.125452 -11.631003
3.919207 -12.807630 -12.362856
4.057934 -13.099886 -13.258608
4.762928 -13.734550 -13.173662
4.703949 -14.657940 -12.948049
5.188815 -14.145923 -13.588184
4.341770 -14.578236 -13.639648
4.324957 -15.117552 -12.854864
4.603090 -14.517452 -12.169626
5.461041 -14.744215 -11.823897
5.181797 -14.089902 -11.190710
4.360211 -14.351998 -10.786567
5.105450 -14.334850 -11.379319
4.600894 -14.947477 -11.905762
5.267321 -15.627832 -11.901105
4.810774 -16.051110 -11.180390
5.726621 -16.311462 -11.202089
5.633262 -15.726310 -11.947683
4.796075 -15.419365 -11.613120
4.985944 -16.319628 -11.859098
5.385762 -15.593939 -11.389470
5.762449 -15.374265 -12.236157
5.599921 -14.790928 -11.501084
5.569787 -15.732196 -11.642986
5.566795 -16.663906 -11.840310
6.384248 -16.207504 -11.665674
5.553972 -16.436411 -11.259135
4.847089 -16.958629 -10.892211
4.045305 -17.049720 -11.398052
4.953170 -16.951499 -11.668536
4.573073 -17.246927 -12.490289
4.280498 -16.580523 -11.876012
3.950943 -16.763920 -11.001490
4.472066 -17.309797 -11.582419
4.941288 -16.628547 -12.054393
5.194982 -17.291100 -11.419025
4.569525 -16.661103 -11.763896
4.197005 -17.159043 -11.042568
3.490214 -16.576420 -11.303391
3.879748 -17.162835 -11.944805
4.055752 -16.829564 -12.819438
4.849452 -16.764686 -12.297077
5.586000 -17.344540 -12.465291
5.899762 -16.485987 -12.197956
5.026377 -16.142397 -12.036171
5.327382 -15.587097 -12.748960
5.761166 -14.826588 -12.374146
5.198866 -14.207297 -12.829477
4.319846 -13.891587 -13.015701
4.181691 -14.833832 -13.026446
3.460003 -15.110052 -13.583130
3.987148 -14.774367 -14.301784
3.429837 -14.199469 -13.786103
2.844161 -13.881271 -14.466370
3.051557 -14.799901 -14.608272
3.869490 -14.312059 -14.613233
3.100253 -13.778210 -14.787329
3.038830 -13.143869 -15.495049
2.919574 -12.508503 -16.194418
3.443639 -11.956006 -15.622463
3.055790 -11.278726 -15.076667
3.499767 -10.930170 -15.843754
4.050291 -11.667446 -16.089473
3.971270 -10.723257 -16.185875
3.023310 -10.791208 -16.247414
3.233751 -11.415542 -16.935130
3.270630 -11.889924 -17.760133
4.102012 -11.934352 -17.297685
3.445917 -11.972392 -16.608394
3.709035 -12.160592 -17.504150
3.386527 -11.409077 -17.016050
3.903191 -11.534770 -16.225930
3.223370 -12.195754 -16.315226
3.786250 -12.755226 -16.841713
3.136715 -13.359194 -16.494788
3.201520 -12.592036 -15.934165
2.752518 -13.017080 -16.658570
3.333538 -12.643788 -16.002752
3.477712 -13.581105 -15.915112
4.298438 -13.322338 -16.323131
4.905979 -13.654030 -16.977274
5.548938 -13.348784 -16.344458
6.045227 -14.027961 -15.897865
5.371051 -14.412399 -16.449883
6.193561 -14.837195 -16.226152
5.650235 -14.481558 -15.529482
5.272736 -13.771227 -16.039338
4.944200 -14.629178 -15.788314
5.419895 -13.850683 -15.515022
4.767361 -13.286681 -15.918916
4.390030 -12.551900 -16.392991
3.700455 -12.812759 -16.995875
4.387828 -12.662949 -17.637829
5.291864 -12.539453 -17.364885
5.824915 -12.790707 -18.113054
6.191402 -13.604790 -17.781414
6.646273 -13.922778 -18.555369
6.342881 -13.397655 -19.289690
5.835040 -13.922141 -19.901280
6.329880 -14.470255 -20.502723
5.561777 -14.404064 -21.061889
4.918695 -14.174581 -20.397950
5.619375 -14.418923 -20.994921
5.204268 -13.732638 -21.508467
5.946848 -13.693660 -20.913416
5.419999 -12.904892 -20.998893
5.900058 -13.488362 -20.419120
6.036078 -13.591959 -19.482212
6.810054 -13.239593 -19.053460
6.445299 -13.860349 -19.676875
6.172362 -13.195010 -20.301262
6.967097 -13.148747 -20.824028
6.460285 -13.435238 -20.070308
6.317337 -12.497719 -20.157791
5.710615 -12.226933 -20.840135
6.122770 -12.827020 -20.226089
5.214244 -12.982091 -20.466009
4.287775 -12.944078 -20.683357
5.066948 -13.454370 -20.484556
4.536967 -14.158145 -20.122823
4.985541 -14.840768 -19.633092
5.041914 -14.955762 -20.576823
4.447003 -14.278693 -20.269110
5.247133 -13.912051 -19.905249
5.030343 -13.465078 -20.717804
5.362989 -12.798331 -20.124656
5.029955 -13.654511 -20.375803
4.842337 -14.155814 -19.588070
5.576586 -13.734599 -19.151621
5.423110 -14.235215 -18.356098
6.119859 -13.941727 -18.935265
5.436786 -14.487980 -18.558371
6.289919 -14.332263 -18.952001
5.523897 -14.790928 -19.283462
4.992409 -14.099582 -19.666334
5.742737 -13.955831 -19.097676
5.323870 -14.028186 -18.245418
6.088820 -14.159480 -18.797362
6.652613 -13.585373 -18.287882
7.301216 -14.040968 -18.815876
7.732286 -13.339227 -19.294172
7.527676 -12.504329 -18.884161
8.297004 -12.505318 -18.322767
7.547149 -13.057283 -18.522971
7.058410 -13.578140 -19.152950
6.753640 -13.019283 -19.861345
7.313180 -13.458493 -20.494621
8.007136 -13.734102 -19.903441
7.067385 -13.645401 -20.030049
6.529641 -13.522872 -19.253615
5.602450 -13.473038 -19.465426
6.151006 -12.880850 -18.960027
5.934722 -13.459301 -19.685039
5.644252 -13.076171 -20.507151
5.919955 -13.841633 -21.002212
6.708965 -13.491127 -20.600169
7.543556 -13.916561 -20.428432
7.962457 -13.641957 -19.618405
8.145280 -12.708681 -19.567413
8.607708 -12.638160 -18.737826
8.244307 -13.098457 -17.987429
8.833506 -13.083516 -17.239331
8.554361 -12.517549 -17.952625
8.438359 -11.573882 -17.897251
8.008310 -12.305215 -17.464541
8.643548 -12.716970 -16.886648
7.737676 -12.542874 -16.649757
7.701660 -13.027243 -15.830538
7.486328 -13.588914 -16.568907
6.757946 -13.944829 -16.069092
7.274432 -13.185409 -16.321188
6.455036 -13.618020 -16.101037
6.882066 -12.767133 -16.126870
7.431027 -13.359613 -16.631488
8.381435 -13.403308 -16.588539
8.889970 -13.391503 -17.393698
8.411483 -13.884946 -16.734462
8.550013 -14.268255 -15.873699
7.968310 -14.153423 -15.128404
8.580879 -14.706380 -14.652979
8.037048 -15.148813 -15.297595
8.403607 -14.905728 -16.142328
7.717376 -15.111839 -15.514924
6.916695 -15.618179 -15.417148
7.404596 -16.221230 -14.864598
8.181656 -16.027954 -15.380206
8.054526 -16.706961 -14.724601
7.325596 -16.209330 -15.082450
7.336951 -16.686113 -15.906815
8.171576 -16.544292 -15.470560
7.721719 -15.767216 -15.153054
7.167593 -15.217657 -15.698910
7.873710 -15.664992 -15.242490
8.664300 -15.238782 -14.925721
8.174341 -15.386066 -14.122430
7.567675 -15.157290 -13.424828
8.141616 -15.880470 -13.658562
7.953700 -15.252557 -14.349534
8.491320 -14.919650 -13.637377
8.427430 -14.097633 -14.114071
7.781545 -13.414040 -13.963865
6.982891 -13.641550 -14.430150
7.241592 -12.728752 -14.513240
7.194393 -11.885670 -14.953710
6.304522 -11.848206 -14.616437
6.494550 -12.612446 -15.152027
6.950019 -13.230530 -15.715543
6.797613 -12.605686 -15.013138
6.487268 -13.169667 -15.715021
6.237017 -13.813119 -16.371050
5.826160 -13.809358 -17.230243
4.991375 -14.181946 -16.963143
4.361961 -14.687110 -16.457499
3.836090 -13.986436 -16.831054
3.879592 -14.291661 -17.732150
3.647830 -15.146716 -18.081718
3.713110 -14.764163 -18.951443
3.706397 -15.196960 -18.103109
3.051159 -14.800441 -18.669204
3.825776 -14.320414 -18.945922
3.211907 -14.734547 -18.347016
3.905329 -14.192500 -17.983172
4.585097 -13.967441 -17.355246
4.653059 -14.805981 -17.801633
4.729017 -14.059571 -18.388262
5.527067 -14.461856 -18.717373
5.777358 -13.542956 -18.714739
6.496462 -13.071088 -18.305766
7.120428 -13.612410 -17.831774
6.622160 -14.390884 -18.061418
5.992427 -14.650236 -17.395685
6.210833 -14.257214 -16.556124
6.495608 -14.704825 -17.347059
6.035993 -14.052371 -16.827357
6.455970 -13.293365 -16.434219
7.096890 -12.626149 -16.660216
6.270325 -12.260675 -16.960631
6.268354 -12.906763 -17.660344
6.728423 -12.647855 -16.867669
6.383235 -13.269666 -16.234244
6.482086 -12.610106 -16.914126
5.637223 -13.016312 -16.746101
5.968891 -12.815111 -17.615896
5.483204 -12.430609 -18.339287
6.278149 -12.512522 -17.821230
7.078674 -12.821795 -18.234194
7.739137 -12.440283 -17.663873
7.422429 -13.321007 -17.840083
6.642144 -13.856041 -17.949279
6.030843 -14.286593 -18.539166
6.436693 -15.110669 -18.790592
6.603840 -15.951839 -19.204746
5.935370 -15.805861 -19.867216
5.313594 -16.359082 -20.330220
6.173616 -15.950439 -20.310139
5.340171 -15.532204 -20.503736
5.978233 -15.906527 -19.903911
6.565080 -16.499611 -20.363139
5.777273 -16.974709 -20.116822
5.432934 -16.178683 -20.510272
4.730468 -16.711623 -20.150348
4.550083 -17.471156 -19.604820
4.211064 -17.740822 -20.452981
4.712012 -18.303894 -19.870719
5.356224 -17.713324 -20.249200
5.982423 -17.145037 -19.811074
5.992499 -17.526573 -18.938516
5.416742 -17.733459 -19.668401
5.098760 -17.700011 -18.771295
5.723930 -16.997630 -18.922465
5.203579 -17.319492 -19.652307
5.571109 -16.443953 -19.725669
6.122042 -16.801313 -19.035889
6.350613 -15.972059 -18.627084
5.748836 -16.142891 -19.345213
4.942813 -15.721916 -19.628299
5.317173 -16.424258 -19.105230
4.743432 -15.685650 -19.284980
4.652250 -14.755756 -19.100557
4.315062 -15.529690 -19.541421
5.115557 -15.133462 -19.871938
5.585260 -14.435557 -20.318411
5.455018 -13.802557 -21.017966
6.239018 -13.344933 -21.305984
6.790176 -13.862910 -20.727231
6.417150 -13.264483 -21.367360
5.746812 -13.573550 -21.969153
6.347430 -14.231546 -21.632510
5.611584 -14.703216 -21.254242
4.714208 -14.615292 -21.560862
5.154981 -14.811837 -20.739814
6.026210 -14.971606 -20.389865
5.468705 -15.716424 -20.593493
6.209550 -15.950748 -20.042793
5.472246 -15.413226 -20.315709
5.112304 -15.986457 -20.985691
4.704858 -16.477967 -21.692399
3.950571 -17.055862 -21.628224
4.215376 -17.535668 -20.849318
4.249091 -16.865174 -21.524841
4.505565 -17.123195 -20.644684
3.775290 -16.568624 -20.901939
3.336363 -16.507330 -21.744919
3.882455 -15.907752 -21.245601
3.026891 -16.302945 -21.108262
3.354252 -15.842391 -21.874914
3.088104 -14.991680 -22.210300
2.678840 -14.289497 -22.706759
2.285794 -13.436929 -22.546535
2.889797 -12.756357 -22.827665
2.470315 -12.328086 -22.087632
2.478231 -12.580453 -21.169331
1.858310 -12.900664 -20.521110
1.325167 -13.656772 -20.295084
1.815207 -14.458360 -20.139047
1.509766 -14.932214 -20.906638
2.453663 -14.876126 -20.792881
1.814058 -14.176236 -20.702933
1.318075 -13.441991 -21.052097
2.014394 -12.793378 -21.013755
1.850307 -12.024173 -21.550811
2.133701 -11.374343 -20.914857
1.331621 -11.204772 -20.430148
2.055103 -11.737581 -20.745931
2.545872 -12.524979 -20.960823
2.313726 -13.012077 -21.745598
2.891881 -13.440921 -22.369184
3.709771 -13.025395 -22.113402
4.544674 -13.015816 -21.655281
3.788398 -13.027735 -22.234016
4.072243 -13.661908 -21.582643
3.403581 -13.069916 -21.913500
2.630102 -13.501812 -22.263110
3.384989 -13.163065 -21.791488
3.649294 -12.260310 -21.642476
3.955390 -13.139597 -21.842949
4.258173 -12.339451 -22.261421
4.984510 -11.749191 -22.437654
4.832445 -12.399454 -21.758636
5.747619 -12.138405 -21.795233
5.058218 -11.568010 -21.469034
4.724549 -10.794750 -21.913738
4.991498 -9.913550 -21.670314
4.074494 -10.105825 -21.499540
4.303809 -10.934660 -21.090301
5.046760 -10.372262 -20.893421
5.190338 -9.508489 -21.268001
4.332003 -9.140750 -21.455245
3.504826 -9.308749 -21.896361
2.779870 -9.726134 -22.351616
2.373169 -10.478208 -21.932082
2.405262 -9.526374 -21.928550
2.916598 -10.080092 -21.346347
2.982121 -9.157236 -21.120356
3.583627 -9.609329 -21.704166
4.275212 -9.772629 -21.070074
4.802887 -10.299902 -20.477983
3.916039 -10.500305 -20.761479
3.470637 -10.925949 -21.487752
4.198586 -11.537750 -21.540863
4.260747 -12.208320 -22.214287
3.761749 -11.626275 -22.779311
4.390708 -11.045170 -22.362470
3.719101 -11.358783 -21.764458
3.431464 -10.453908 -21.838585
2.731750 -10.270298 -22.458034
2.253517 -11.026856 -22.132546
2.210103 -10.117841 -21.851768
1.859761 -10.788337 -22.430322
1.924610 -11.720369 -22.245551
2.692654 -11.181244 -22.082818
2.630175 -10.523222 -22.768480
3.186696 -10.010852 -22.189869
2.860338 -9.273523 -21.683051
2.946318 -10.193480 -21.452151
3.473370 -9.719790 -20.815863
2.670881 -9.927957 -20.347132
2.728297 -9.128522 -20.861562
2.619852 -9.939522 -20.374171
2.573120 -9.627853 -19.475445
2.713589 -8.883548 -20.052772
3.039956 -7.997617 -19.927710
3.287327 -8.914221 -19.852387
3.144127 -9.381973 -19.035238
2.398813 -9.060213 -19.533242
1.757411 -8.414439 -19.813616
1.658251 -9.347890 -19.974452
1.883526 -10.260749 -19.822901
2.046488 -10.932907 -20.477634
1.521827 -10.175446 -20.718494
2.388039 -10.418555 -21.030910
2.817820 -9.583595 -21.189532
3.431969 -9.487892 -21.911123
4.165164 -9.942136 -21.507246
4.371031 -10.409833 -22.310930
3.476358 -10.123944 -22.153271
3.181464 -10.907594 -22.607098
3.388551 -11.807138 -22.372650
2.799917 -12.553558 -22.430922
3.631530 -12.302918 -22.821600
4.195150 -11.641279 -22.432247
3.785799 -12.488241 -22.580970
3.622352 -13.175142 -21.941845
3.938332 -12.499847 -22.534433
3.141590 -13.000943 -22.389062
4.070510 -13.209473 -22.363549
4.060243 -12.834098 -21.488325
4.452453 -12.410601 -20.730795
4.653792 -12.883912 -19.929254
5.446319 -13.029754 -20.436858
5.829284 -13.765869 -20.904300
5.126356 -13.787221 -20.262065
4.487208 -13.429452 -19.653362
4.492770 -13.665539 -18.730723
5.096337 -14.240250 -19.191637
5.398481 -14.429689 -18.308545
4.589059 -13.970089 -18.510123
3.706639 -13.783475 -18.815965
4.133819 -13.592794 -19.645536
4.738049 -13.113151 -20.203997
5.176270 -13.556388 -19.483905
5.778628 -14.080704 -20.002834
5.980699 -14.760019 -19.366652
5.944957 -15.680013 -19.610299
6.520502 -16.021898 -20.287715
6.404877 -15.308096 -20.907511
5.738127 -15.335618 -20.228014
5.974912 -14.901021 -19.414327
6.563107 -15.018544 -20.154088
6.730130 -15.268015 -19.250265
7.217848 -16.062209 -19.054261
7.776517 -15.494485 -19.576379
7.081057 -15.024380 -19.126528
6.477320 -15.758779 -19.070051
5.916546 -15.844897 -19.835000
6.831113 -15.705505 -19.608804
7.210691 -16.193002 -18.884030
7.014306 -15.796759 -19.727508
6.305028 -15.792243 -19.091950
6.292844 -15.782424 -20.044202
6.159995 -15.241802 -19.271474
5.223843 -15.330480 -19.120530
5.308636 -14.849150 -18.303119
5.807779 -14.411581 -18.986068
6.424383 -13.687514 -19.036640
5.746397 -13.824533 -18.381971
6.361084 -14.359386 -18.875047
5.724285 -13.957894 -18.291677
5.346895 -14.667569 -18.802528
5.280791 -14.300606 -19.678883
6.120906 -13.937357 -19.942110
5.716410 -13.378726 -19.285343
6.376837 -12.931985 -19.806196
6.648742 -13.456172 -19.058985
7.427109 -12.936211 -18.883443
7.963212 -12.801537 -19.658997
8.016690 -13.722571 -19.422640
7.615637 -14.363918 -20.001311
7.637442 -14.467815 -19.054866
8.106853 -13.838692 -18.515526
7.299595 -13.850090 -18.010318
6.452998 -13.539032 -18.316170
6.017523 -12.793547 -17.914122
6.803353 -12.764505 -17.376855
6.507472 -12.133622 -16.727648
6.841315 -12.933242 -17.122850
6.589238 -12.667204 -16.243811
6.225088 -13.307290 -15.639896
6.597182 -13.011663 -14.814560
6.184113 -12.832363 -13.975360
6.307334 -12.346679 -13.165449
6.910916 -12.048175 -12.491940
7.282630 -11.839758 -11.640224
6.680237 -12.250242 -12.253131
7.270963 -12.984475 -12.390879
6.557640 -13.440113 -12.827450
7.248090 -12.851560 -13.117130
7.269365 -12.024463 -13.588815
7.542446 -11.755388 -12.717004
8.231105 -11.861481 -13.366251
8.695675 -12.383546 -14.013284
8.808873 -13.221266 -14.451965
8.576909 -13.808379 -13.738860
7.901347 -14.468763 -13.859439
7.752261 -15.388259 -14.057755
7.506056 -14.640731 -14.594052
7.607736 -15.318257 -13.932502
8.516232 -15.059250 -14.053250
7.958022 -15.603882 -13.506617
7.365043 -16.259891 -13.860250
6.853837 -15.776074 -13.218674
6.218570 -15.258404 -12.733410
6.660007 -14.835362 -12.003207
5.834616 -14.390723 -12.170704
5.419470 -13.558505 -11.965530
4.815918 -14.240291 -11.686386
5.379917 -13.777917 -12.298876
4.904789 -14.207778 -11.594247
4.433908 -14.356788 -12.408554
4.094470 -13.752867 -13.062076
4.671834 -13.315146 -12.443950
5.176334 -12.637196 -12.004753
4.521447 -13.217321 -12.381060
5.157910 -12.652519 -11.953344
4.829247 -12.983130 -11.122859
4.062644 -13.054343 -11.683464
3.790785 -13.966546 -11.715231
4.290096 -14.107888 -10.916646
3.557355 -14.005360 -10.316973
3.529339 -13.253620 -9.732909
4.143252 -13.780175 -10.235779
3.497825 -13.334293 -9.695742
4.197589 -13.787031 -9.234888
4.947509 -14.263378 -9.578024
5.691173 -13.901635 -10.050396
5.895417 -13.874796 -10.980231
5.662788 -14.353004 -10.190149
5.643024 -15.071627 -10.814825
6.434258 -15.479084 -11.153879
5.994950 -16.318572 -11.250298
5.364852 -17.017521 -11.103746
5.643208 -16.345852 -11.718896
5.241140 -15.858565 -12.431582
4.413051 -15.868070 -12.901911
3.901711 -15.254619 -12.383028
3.845728 -15.155111 -11.437515
4.540914 -15.771270 -11.647500
4.868662 -15.798502 -10.753705
4.193806 -16.068315 -11.369172
4.923963 -16.226877 -11.959730
4.306308 -16.891883 -11.671114
3.571468 -17.068242 -11.091513
2.857527 -17.501320 -10.633516
3.452492 -18.032179 -11.154317
3.686622 -18.611639 -11.872954
3.991412 -17.915950 -12.447539
4.828045 -18.217318 -12.106582
5.231287 -17.609450 -11.494274
5.840657 -17.403221 -12.196532
5.000999 -17.678914 -12.551490
4.247925 -17.515375 -13.111101
3.478024 -16.962556 -13.204230
3.917981 -16.392970 -12.580501
4.567325 -16.491011 -11.890740
5.106190 -17.040094 -12.452132
4.802682 -17.441401 -13.260751
5.372112 -18.201648 -13.191447
4.620064 -18.750154 -12.989970
5.195695 -17.996246 -12.904528
4.569223 -18.495883 -12.389820
5.136669 -17.957922 -12.933542
4.695953 -18.431320 -12.234474
3.815830 -18.090867 -12.106010
3.340868 -17.953270 -11.292066
2.639870 -17.956818 -11.936751
1.746814 -17.983343 -11.606938
2.173702 -18.737117 -12.002691
2.627911 -18.375069 -11.247945
2.461603 -17.928548 -12.072559
1.901076 -17.255273 -11.699006
1.855330 -17.281607 -10.748089
2.330084 -17.649863 -11.487023
2.235569 -18.088181 -12.327246
1.626700 -18.522165 -11.737359
1.941295 -19.161950 -12.368812
2.701317 -18.812608 -11.913450
3.376258 -18.268330 -12.307462
4.280280 -18.433622 -12.057557
4.141830 -18.874261 -12.890442
4.461893 -18.002289 -13.100803
4.530885 -18.398758 -12.237622
4.747110 -18.343509 -13.163486
3.898679 -18.529343 -12.772768
4.115110 -18.510412 -13.700037
4.728591 -18.345079 -12.990577
4.027993 -17.728486 -12.800829
3.947126 -16.836287 -13.124046
4.280804 -16.029541 -12.743453
5.118809 -15.608610 -12.909570
4.758096 -16.452625 -13.163648
4.722900 -16.338279 -12.218811
4.356245 -16.804700 -11.473798
3.485831 -17.135343 -11.273587
3.119270 -17.204289 -12.149891
2.835399 -17.120255 -13.055090
2.342634 -17.893486 -12.797552
2.083333 -17.438344 -12.002167
2.769112 -18.098566 -12.031189
2.597951 -17.162303 -12.065010
2.005804 -16.652960 -11.520070
1.428062 -17.393637 -11.363097
1.824436 -16.837561 -10.699248
1.731462 -16.963630 -11.638657
2.184028 -17.420620 -12.341064
2.859101 -17.544940 -11.680873
3.394082 -16.759632 -11.745044
3.455344 -17.596148 -12.196176
2.997119 -18.218155 -11.639250
2.087273 -18.463211 -11.500839
2.027353 -17.950681 -12.301309
2.552902 -18.154774 -13.068885
2.918750 -17.600006 -13.751100
2.613257 -18.445788 -13.437480
3.333618 -18.097337 -12.921059
2.593868 -17.753021 -13.412226
2.500560 -16.938835 -13.897431
3.259633 -17.057607 -13.334643
2.999317 -16.549999 -12.572015
3.645847 -17.169535 -12.247666
3.033400 -16.557189 -11.851471
3.518373 -15.745859 -11.734962
3.863751 -14.859498 -11.780866
4.126970 -15.562891 -11.195219
3.425761 -14.985610 -11.481717
2.476090 -14.951717 -11.544999
1.524321 -14.971030 -11.573162
1.350414 -15.347810 -10.715943
1.834630 -16.152103 -10.555704
1.739840 -16.428208 -9.649167
2.256232 -15.628370 -9.624129
3.126279 -15.537394 -10.000655
3.654136 -15.021251 -10.602313
2.976740 -14.644844 -10.048706
2.828545 -15.533984 -9.741302
3.227286 -14.698522 -9.517608
4.080101 -14.798101 -9.929700
3.485773 -14.223708 -9.456544
2.688483 -13.785848 -9.738742
3.089610 -14.302886 -9.046790
2.479137 -14.363457 -9.775270
1.811474 -15.037272 -9.690247
2.434780 -14.571972 -9.140687
1.573190 -14.428608 -9.520341
2.485632 -14.701198 -9.507199
3.029025 -15.469444 -9.360395
3.279060 -14.682121 -9.834351
2.579131 -14.459046 -10.440460
2.862849 -15.350427 -10.619273
3.696175 -15.512598 -11.050893
3.553650 -15.464459 -11.991318
4.281189 -14.908815 -11.728683
4.813725 -15.416021 -12.333808
4.130730 -15.662990 -12.949888
4.604008 -15.011861 -13.458876
5.466130 -14.812719 -13.106576
4.851878 -14.618382 -12.405180
5.410611 -15.242026 -11.951402
4.709971 -14.619575 -11.782026
4.096716 -15.136303 -12.295776
4.597168 -14.341483 -12.453385
3.878555 -14.183096 -13.057984
4.640454 -14.183067 -13.629420
4.815579 -15.088773 -13.866181
5.520730 -15.381383 -14.435541
4.763632 -15.758185 -13.997531
4.346732 -16.331056 -14.633961
3.831643 -15.811359 -15.243572
3.430009 -14.947923 -15.257645
3.347485 -14.177331 -14.704104
3.866814 -14.966797 -14.585488
4.609617 -14.546510 -15.008136
4.916033 -14.340847 -15.886112
4.701399 -15.149431 -16.341253
5.161648 -14.617111 -16.982997
5.568335 -15.081021 -16.257448
5.160384 -14.407232 -16.792810
5.815934 -13.922643 -16.300412
5.021194 -13.414263 -16.170154
4.229290 -12.973600 -16.462960
3.620744 -13.258549 -15.788049
2.967036 -13.196418 -15.098240
2.036070 -13.217353 -14.898506
1.726367 -12.445040 -14.435208
1.137202 -11.699514 -14.371133
1.082896 -11.938178 -15.291524
1.389187 -11.289490 -14.665091
2.110470 -11.887587 -14.835562
2.787487 -12.551641 -14.747755
2.989523 -11.983442 -15.484886
2.566858 -12.494677 -14.801495
3.112406 -13.275199 -14.787615
2.764970 -13.935395 -15.379610
1.954048 -14.410803 -15.532651
2.543742 -14.361134 -16.278857
2.359459 -13.558456 -16.757164
2.425579 -12.861630 -16.111338
1.876580 -13.498917 -16.557989
1.524827 -13.158508 -15.741030
1.359388 -13.397521 -16.647966
0.691046 -13.872899 -16.163853
0.372552 -13.520996 -16.989539
-0.300169 -13.829718 -17.588844
-0.643691 -14.373873 -16.886763
-1.237273 -13.644268 -17.036314
-0.961857 -12.923874 -16.477557
-1.344070 -13.451152 -17.172482
-0.618940 -13.029701 -17.623698
-0.025403 -12.356499 -17.305042
-0.719162 -12.555685 -16.683710
-0.249241 -11.947690 -17.246335
-0.100508 -11.425843 -16.463658
-0.819650 -11.986487 -16.738505
-1.065963 -11.991416 -17.658470
-1.801097 -11.641503 -18.152604
-2.562974 -11.327113 -18.629815
-3.154387 -11.723332 -17.997146
-3.422480 -11.394995 -17.144297
-3.776346 -12.152296 -17.600700
-3.229141 -11.372988 -17.584162
-4.012083 -10.830889 -17.571501
-3.406053 -10.464124 -16.934915
-2.776178 -9.898428 -16.498711
-3.666397 -10.208173 -16.635082
-3.457365 -10.760037 -15.887566
-4.027576 -10.319885 -16.510586
-3.404217 -9.783986 -16.991486
-2.630922 -10.278892 -16.738285
-1.938302 -10.653826 -16.202811
-2.252366 -10.033884 -16.854014
-2.294786 -10.498561 -16.023770
-3.067763 -10.728689 -15.517235
-2.455261 -10.421850 -14.855630
-2.745567 -11.080878 -14.232386
-3.131733 -11.844330 -13.813999
-3.184037 -12.701179 -14.226432
-3.528133 -13.301437 -14.880891
-3.147938 -12.697374 -15.511438
-3.446937 -13.352844 -16.134325
-2.882897 -14.094242 -16.332357
-2.098947 -14.566381 -16.596055
-2.156666 -13.684629 -16.951317
-1.541604 -13.846568 -16.242442
-1.018239 -13.869835 -17.037790
-0.339676 -13.783110 -17.700406
0.120370 -14.508267 -17.288661
-0.548651 -14.037808 -16.800699
-1.085264 -13.541867 -17.411534
-0.438821 -13.959803 -16.850758
-1.074961 -14.667026 -16.803943
-1.983390 -14.400078 -16.701352
-1.296351 -13.742985 -16.758245
-2.033095 -13.988933 -16.207110
-2.251649 -14.735559 -16.756486
-2.452100 -13.923222 -16.301560
-1.554708 -13.667421 -16.111080
-2.480731 -13.613309 -16.326908
-1.697166 -13.277144 -16.751227
-2.635148 -13.294515 -16.587158
-2.320445 -13.847449 -17.295859
-1.644305 -13.223017 -17.051015
-2.481227 -13.620413 -16.830407
-3.171501 -12.977766 -16.962904
-3.318871 -13.606347 -16.262763
-4.168977 -13.247114 -16.497927
-4.402144 -12.678984 -15.769990
-4.621988 -13.047962 -16.620022
-4.773641 -13.678998 -17.317032
-4.117092 -14.365690 -17.383576
-3.393949 -13.855659 -17.031496
-3.158320 -14.772750 -17.133738
-2.927675 -14.122788 -17.790533
-2.040293 -13.997380 -18.112801
-1.210755 -13.549512 -17.977489
-1.365416 -12.693177 -18.364530
-2.036379 -12.344113 -18.943315
-1.463608 -12.980566 -19.360317
-2.162670 -13.604932 -19.191476
-2.237624 -14.366348 -19.758625
-1.508183 -14.004460 -19.264680
-1.156432 -14.733259 -19.766828
-0.335233 -15.215314 -19.749955
0.090274 -14.875676 -18.968534
-0.627945 -14.803150 -19.589768
-0.279216 -14.291175 -18.866373
0.255121 -13.544528 -18.613328
-0.135471 -14.393022 -18.427519
0.580229 -14.976504 -18.660655
0.565606 -15.549517 -19.421229
0.268472 -16.073608 -20.158839
-0.559939 -16.431023 -19.853851
-0.065757 -15.799827 -19.339648
0.723547 -16.155083 -19.736914
0.006843 -15.908263 -20.313494
0.531271 -15.183894 -19.985934
1.316690 -14.648510 -20.045181
1.520975 -14.892711 -20.942769
2.214527 -14.253093 -21.072785
2.967105 -14.836749 -21.071803
