19.619048 0.000028 0.000000
18.805187 0.461114 0.179051
18.049403 0.531038 -0.396214
18.664462 -0.012296 0.087025
18.656584 0.714222 -0.528718
18.318254 -0.148278 -0.308136
17.660186 0.403460 0.103640
17.563419 1.066890 -0.572767
16.779539 0.553595 -0.402210
16.833763 1.333627 0.141518
16.429870 0.728607 0.756213
16.447297 1.340395 1.485899
15.784556 0.719607 1.772999
16.213572 -0.071318 1.460888
16.108836 -0.209793 0.524467
16.313636 0.390309 -0.186141
16.331588 1.004848 0.541217
16.850661 0.961003 -0.256072
16.338778 0.331076 -0.754265
15.768747 0.799610 -0.152127
15.023240 0.540328 -0.685064
15.837108 0.976270 -0.918737
15.120737 0.439049 -0.594338
15.399349 0.860086 0.213210
15.024958 1.710187 0.002997
15.160650 0.798332 0.242034
14.458188 1.440300 0.280167
15.075713 1.215571 -0.409172
14.436622 1.384454 0.276445
15.026561 1.075025 0.957072
15.725846 0.725980 0.412831
15.442756 1.551347 0.031178
14.676142 2.108997 -0.060245
14.659819 1.231637 0.309892
15.361952 1.866758 0.413145
15.995386 1.195268 0.647434
16.572960 1.555236 1.313663
15.987570 0.815889 1.446757
15.385370 0.716253 2.177824
16.214286 0.621995 1.718429
16.624087 1.378121 2.127532
16.169311 2.187930 1.916778
16.831978 2.855004 1.765395
16.703855 2.951623 2.704160
16.270391 3.790648 2.580964
15.682518 3.495952 3.269868
15.094911 2.810404 3.572806
14.925073 2.575763 4.480070
14.475031 3.197624 5.043789
14.356943 2.308495 4.723578
14.801799 1.500027 4.487970
15.034563 2.422709 4.449119
14.610709 2.303895 5.293667
14.334653 2.607792 4.434325
13.775316 2.142330 3.819901
13.368578 1.351292 4.160272
12.420365 1.285063 4.219733
11.842355 0.616758 4.575124
11.406489 0.100025 3.904276
10.572043 0.533772 4.054582
9.785862 1.052184 4.196705
10.535711 1.150781 3.617885
9.806357 1.736307 3.797410
8.969414 1.834904 4.241072
9.254138 2.402872 4.950561
9.313726 3.320378 5.198876
8.900905 3.727431 4.443286
9.023272 2.872781 4.845316
9.572370 2.302092 4.316322
9.619660 2.588172 5.223489
9.982922 3.281937 4.681491
9.853858 2.647204 5.379693
10.176717 3.192570 6.090586
10.767967 2.593370 6.536022
10.061529 2.980859 6.028255
10.858478 3.307554 5.621842
11.319569 2.504322 5.399937
11.670185 2.353781 4.527334
11.467240 2.008975 5.391598
11.801626 2.583487 6.073619
12.180235 2.488144 5.204945
11.844978 3.361756 5.382237
10.947069 3.058112 5.289562
11.484290 2.730538 6.004488
11.800250 1.881984 6.299705
11.037420 1.338236 6.471340
11.308070 1.085282 5.593963
10.627172 1.628851 5.978591
10.563559 2.398763 5.421617
10.611478 3.307970 5.701036
11.508931 3.606998 5.811440
10.785850 4.117209 5.459491
10.920427 4.861381 4.880590
10.370350 4.401774 5.507651
9.826812 4.120862 4.777798
10.319004 4.484028 4.047807
10.207233 3.667973 4.525920
10.342781 4.439520 5.067559
9.496349 4.028660 4.919994
8.922422 3.291580 4.734655
9.279591 3.521399 3.882221
9.846170 2.923116 4.359795
10.119447 2.736196 5.252773
9.938235 3.356070 5.952735
9.369741 3.262517 5.194388
8.725270 2.765592 4.699664
8.826641 3.394879 3.992026
8.293198 3.222148 3.222200
8.881432 2.716786 3.775028
8.522767 2.453193 2.933061
9.298970 3.003423 2.890817
8.651938 3.650979 3.153590
8.182975 4.122729 2.472008
8.125501 4.919116 2.991133
8.747556 4.210320 2.858148
9.488884 4.784205 2.690459
8.925960 4.200282 3.189638
9.366884 5.031411 3.041858
9.894082 5.823021 3.091295
9.473627 5.218692 2.487115
9.972370 4.713110 1.852551
10.695962 5.019201 2.390839
10.532949 4.084342 2.471431
11.061365 3.744648 1.755601
10.514541 4.283774 1.192257
10.906262 4.067873 0.351442
11.032022 4.973158 0.619160
11.864046 5.430263 0.542858
12.139317 4.751054 -0.065361
11.850990 5.352001 0.614903
12.582387 5.767434 0.168247
12.569213 6.719239 0.198646
13.513975 6.802682 0.285196
14.159207 6.121833 0.120418
13.603810 5.468335 0.534548
13.628812 6.159539 -0.120159
14.053147 5.614353 0.535389
13.365993 5.936959 1.110518
12.795009 5.354410 1.602090
12.810970 6.213790 1.191918
11.888056 6.028030 1.335979
12.501135 5.380837 1.000858
13.012611 4.634038 1.297022
13.626450 4.203051 1.883949
13.919990 4.981256 2.347911
13.455355 5.811375 2.302670
14.286111 5.718148 2.758940
13.684381 5.124570 3.197820
14.089861 5.214366 2.340760
13.609837 4.582662 1.813923
12.793820 4.106286 1.694712
12.155851 3.426946 1.498441
12.090326 4.048552 2.217010
11.455421 4.745165 2.080423
10.847142 4.135846 2.487554
11.351456 4.271290 3.284016
11.780627 4.871439 3.886230
11.000977 5.206887 3.454199
11.295151 6.022196 3.059534
10.881765 5.189087 3.264640
10.363040 4.415879 3.464900
10.736627 5.097718 2.914847
10.132290 5.713375 3.318297
11.013093 6.075436 3.307111
11.130516 6.615612 2.531578
11.156726 5.785691 2.998028
10.890985 5.048520 3.539310
10.279097 5.397830 4.180096
9.789688 4.710771 4.622204
9.636224 5.446211 4.036877
10.390315 4.926363 3.775852
10.148185 4.077315 3.418750
10.299630 3.428802 4.099577
10.062460 4.309160 4.374805
9.861145 4.284681 5.305344
10.555450 3.652962 5.144406
10.731542 3.070168 4.412031
10.774525 2.411081 3.725892
11.356290 3.046116 4.132473
11.267582 2.327438 4.751070
11.350215 2.761577 3.907432
11.105161 3.046778 4.782440
11.672581 2.282956 4.741947
10.929741 2.615565 4.247387
10.668337 1.723186 4.041578
11.397323 1.562071 3.450265
12.064464 1.097461 3.946340
11.848492 2.023641 3.895592
11.217158 2.191410 3.202555
10.468786 2.312752 2.626149
9.908270 2.966476 3.032961
9.324691 3.707950 3.162119
8.756545 3.590226 2.406885
8.118220 3.718423 1.711804
7.810484 4.607864 1.566123
7.183879 3.891318 1.535148
6.542962 3.352682 1.989157
6.814434 2.699440 1.351500
6.270790 2.220797 1.969870
6.675761 1.722776 2.673436
6.920288 1.482363 1.784933
7.725141 1.551224 2.289412
7.207460 1.085609 2.939211
6.737611 0.259345 2.998872
6.043882 0.908917 3.060719
6.108073 0.120942 3.591758
5.757404 -0.611260 3.093822
6.689224 -0.613957 2.897016
5.796601 -0.900379 3.064992
6.165439 -1.403846 2.345610
7.039642 -1.048869 2.216029
7.634722 -1.776069 2.060821
7.981247 -2.077779 2.895039
8.754630 -1.991126 2.346042
9.093237 -1.169298 2.004027
8.290126 -1.638252 1.798783
8.604712 -1.018082 1.148050
9.262245 -0.846821 0.480704
8.974793 -0.188248 1.105750
9.600413 -0.573771 1.711555
10.483395 -0.864707 1.918267
9.831050 -1.536327 2.092627
10.116650 -1.938359 2.907385
9.483702 -1.252996 3.098917
8.713862 -1.711299 2.775908
8.283383 -1.377158 3.556975
8.869855 -1.312703 2.809362
8.105155 -1.713123 2.406960
7.868606 -1.726303 1.484517
7.507118 -0.887328 1.753733
8.296796 -1.146250 2.218920
7.531042 -1.018425 2.770564
6.982070 -1.546332 3.342380
7.261261 -2.247912 2.761976
7.295682 -1.585872 2.078202
6.596688 -1.049518 1.716592
5.865862 -0.581120 2.108416
5.183145 -0.548858 1.445177
5.779398 -0.128749 2.057566
5.577309 -1.058424 2.014036
6.257778 -0.507750 2.389202
7.049518 -0.977540 2.633077
6.861233 -1.389264 1.795186
7.690325 -1.650709 1.406234
7.671227 -1.682044 0.454560
7.673407 -0.730341 0.490429
8.095342 0.016175 0.076046
7.924127 -0.882945 0.339290
8.176823 -0.561073 -0.520694
8.571984 0.212377 -0.129989
9.034703 1.013182 0.097238
8.777544 0.384447 -0.570287
8.350209 1.183476 -0.863486
8.645630 1.596169 -0.057607
7.804370 1.709702 0.374159
7.561084 2.587072 0.094760
6.896915 1.931995 -0.097031
7.341661 1.202273 0.323370
7.932777 0.526491 0.641064
8.000541 1.466761 0.776458
7.482630 1.189290 1.525996
7.482329 0.738343 2.364850
7.255028 0.152238 3.080284
6.727498 -0.197101 2.368451
7.367950 -0.656246 1.833627
7.602264 0.158003 2.268512
7.537986 -0.507593 1.590368
7.972731 -0.802684 0.796046
8.630699 -0.549112 1.436209
7.762785 -0.450975 1.815844
7.772897 -1.403220 1.828416
7.403504 -2.247491 2.068799
8.083591 -1.886530 1.508248
8.667742 -1.141727 1.403057
9.587331 -1.281267 1.198330
9.554982 -0.394445 0.852599
10.040467 -1.080110 1.301150
9.619158 -0.405080 0.777830
10.546931 -0.196624 0.724791
11.261884 0.141471 0.194166
10.773796 -0.661743 0.347939
10.279755 -0.951430 1.108883
10.467432 -0.829294 0.183199
10.598535 -1.317572 0.990309
11.200197 -1.072976 1.686875
10.492720 -1.283263 2.288777
10.118355 -1.859934 1.629739
10.672146 -2.319079 2.253864
11.272791 -2.060785 1.561376
11.785371 -1.665259 2.259839
11.913739 -1.091570 3.009127
11.724153 -0.887381 2.098416
12.057104 -1.561678 2.682793
11.917036 -2.211070 2.000371
11.017523 -2.487834 1.854402
10.753590 -3.163410 1.237176
11.320742 -3.877692 0.963008
10.604113 -4.259810 1.460460
10.004522 -4.981296 1.624710
10.684246 -4.704112 2.231484
10.554838 -3.819620 1.902918
10.027964 -4.607218 1.807410
10.696680 -5.108168 1.350356
10.090094 -5.723041 0.949092
9.596080 -6.331019 0.407481
9.381442 -5.495791 0.811653
9.634429 -6.215836 1.381357
10.178050 -6.037289 0.620025
10.989459 -6.529362 0.539351
11.095301 -5.672233 0.137908
11.706258 -6.402182 0.168501
11.282640 -5.897022 -0.518806
11.620705 -6.775143 -0.665933
12.501308 -7.128192 -0.749145
11.896088 -6.830713 -1.421637
11.723304 -5.896504 -1.488182
11.320417 -6.548032 -0.922299
10.666122 -5.937416 -0.596610
10.167449 -5.889541 0.213367
10.693579 -5.391172 -0.404569
10.435451 -6.251518 -0.721119
9.720096 -6.255697 -0.092408
9.511986 -5.326366 -0.100270
10.078742 -5.597088 -0.816179
10.964693 -5.930353 -0.921320
10.183588 -5.962573 -1.465256
10.499551 -5.204524 -0.983015
9.862976 -5.904316 -0.873054
9.492195 -6.664394 -0.435067
10.039643 -6.068372 0.067019
9.224909 -5.874110 -0.386302
9.278620 -5.490574 0.483782
8.664890 -5.895886 -0.121270
8.983284 -5.287065 0.538270
9.756100 -4.746123 0.407248
10.571620 -5.112218 0.078719
10.454263 -4.407274 0.708252
10.993243 -3.771996 1.169719
11.106548 -3.245504 0.384227
11.734874 -2.740198 -0.122627
11.127577 -3.224662 -0.673548
10.605592 -2.964944 -1.426613
11.257584 -3.294162 -2.037803
11.932195 -3.395955 -1.373298
12.635534 -2.766727 -1.245173
12.053530 -2.115747 -0.865009
12.616760 -2.775842 -1.257532
11.958095 -2.659230 -1.935465
12.333211 -3.195125 -1.243270
12.198106 -3.391039 -2.165438
11.424416 -3.644307 -2.659695
10.841768 -2.902792 -2.526629
10.325169 -3.668442 -2.294390
11.173663 -3.407097 -1.949737
10.374071 -3.570078 -1.458697
10.815624 -4.194391 -2.026407
11.539733 -3.611217 -1.820000
10.896110 -4.109382 -1.325419
11.448804 -4.658304 -0.777474
10.555290 -4.784547 -1.081981
10.383717 -4.503883 -1.975749
9.885426 -3.721923 -1.758325
10.014642 -2.918790 -1.263037
10.221956 -2.228453 -0.640553
10.739665 -2.800314 -0.082000
10.922864 -2.494482 -0.965139
10.906275 -2.013590 -0.143253
11.040779 -1.354709 0.531146
10.876901 -1.880229 -0.246030
10.193547 -2.272625 0.288836
9.962811 -3.094172 -0.134070
10.658935 -2.920119 -0.760287
10.553782 -3.671655 -0.184816
11.495845 -3.810202 -0.166057
11.777982 -4.454849 -0.807819
11.300488 -3.824432 -1.338484
11.288020 -3.955143 -2.281770
11.912290 -3.497935 -1.726544
12.326577 -3.310171 -2.563288
12.460890 -3.983700 -3.223097
13.130116 -4.478148 -2.759753
13.023349 -4.411054 -1.815757
13.159290 -3.608213 -1.321798
13.972826 -3.853778 -1.751784
13.484431 -4.422883 -1.164740
14.051617 -3.760459 -0.781954
13.969378 -3.546942 0.142532
13.366137 -3.255131 0.819272
12.808313 -3.677198 1.465587
12.016183 -3.390121 1.909597
12.631035 -4.036199 2.243616
13.309422 -4.693380 2.365822
14.250620 -4.647699 2.227659
13.407912 -4.364076 1.886438
14.047483 -3.926138 2.439783
14.387445 -3.041744 2.343338
13.582368 -2.707428 1.959787
13.589567 -1.802740 2.257308
13.518551 -0.896876 2.542608
14.010493 -1.466320 3.126350
13.675594 -1.412040 2.236449
14.197277 -1.423081 3.033163
14.704644 -0.920969 3.663632
14.503538 -0.057162 3.316611
14.311997 0.746798 2.843334
14.125418 1.627757 3.153380
13.818670 1.568407 4.053053
13.290188 0.779236 3.982732
12.887849 0.995610 4.818397
13.031919 1.570820 4.073141
13.872070 1.485437 4.513468
13.490550 0.819303 3.949786
13.902002 1.086770 3.133576
13.455123 1.623718 3.780890
13.480902 1.185901 4.626278
12.758730 1.753108 4.373745
12.502519 1.285808 5.163058
11.557517 1.254963 5.277290
11.601435 1.011843 6.197070
11.121701 0.632373 5.467079
10.574004 0.290701 6.167306
10.253611 -0.531646 6.525250
11.010004 -0.835216 6.032558
11.213662 -0.297299 6.791635
11.834964 -0.342888 6.071265
11.032338 0.152330 6.203855
10.739301 -0.676941 6.569190
11.084889 -1.360766 6.003520
10.536885 -0.987741 6.687314
10.466245 -1.866235 6.326361
9.864759 -1.143264 6.176170
10.021967 -2.082396 6.157562
10.533419 -2.885620 6.140905
10.057802 -2.899982 5.315913
9.402814 -2.263520 5.045844
8.959278 -1.463328 4.781273
9.452004 -2.278339 4.783882
9.146466 -3.173552 4.894650
9.660765 -3.959932 4.739302
9.955077 -3.511857 3.952130
10.101782 -3.219044 4.846428
9.614411 -2.401010 4.828562
10.063764 -1.814991 4.227150
9.259065 -2.311320 4.112492
8.459917 -1.810162 4.243770
7.838350 -2.527758 4.319527
8.408290 -1.770853 4.223127
7.852280 -2.513490 4.438472
8.372414 -1.952721 3.870998
8.949312 -2.196573 4.588462
9.450388 -2.133718 5.395929
9.442210 -1.309315 5.872711
9.034689 -2.152846 6.044210
9.641078 -1.537314 6.444763
9.412090 -2.104184 5.714521
9.180996 -1.203286 5.919481
9.932087 -0.619989 5.971030
9.171395 -0.659912 5.399379
9.967197 -1.162024 5.546395
10.617547 -1.709274 5.976037
10.249564 -2.490668 5.574737
11.048050 -3.009191 5.550598
10.289603 -3.133770 4.988222
10.865833 -3.729794 4.519455
9.983757 -3.922599 4.822436
9.994924 -4.628913 4.183668
9.718799 -3.766350 3.889101
10.396134 -3.405845 3.324935
10.940523 -3.574956 4.087872
11.430810 -3.034314 3.476028
11.894760 -2.214354 3.615478
11.122849 -2.370300 3.079882
11.437721 -3.148270 3.530045
11.271940 -2.687065 4.346645
10.780921 -2.092023 3.788205
10.556961 -2.901620 4.237009
9.925574 -2.871093 4.949363
9.045558 -2.765549 4.600851
8.685478 -2.598296 3.735173
7.994232 -2.290824 4.313680
8.796480 -2.550819 4.756209
7.986474 -2.066177 4.882870
8.785621 -2.156721 5.392964
9.319339 -1.660630 4.779719
8.689661 -2.064585 4.190351
9.268387 -1.874893 4.922555
8.626735 -2.546656 4.712683
7.712708 -2.813437 4.692376
8.320296 -2.393587 4.091051
9.080597 -1.886050 3.823882
8.344718 -1.406333 4.191827
8.947701 -1.664332 4.882390
9.471191 -1.877331 5.648953
8.975639 -2.396352 5.022794
9.814641 -2.611787 5.418640
9.227368 -2.691011 4.673077
9.046396 -1.931922 5.219029
9.681736 -1.519256 5.796159
9.034970 -0.843719 5.976083
9.357313 0.047614 6.069074
8.829561 0.767372 5.736726
9.368900 0.418082 5.033776
10.227997 0.775828 4.831290
10.308680 0.993608 5.754920
9.981232 0.356323 5.127484
10.247774 1.022918 4.501675
9.504490 0.429394 4.549498
10.260896 -0.146391 4.607375
10.849300 0.120286 3.907593
10.329430 0.863914 3.618141
10.257212 1.730716 3.230239
10.351214 0.973210 2.660697
10.933534 0.407139 3.158187
10.874948 0.005720 4.019848
11.638519 -0.512433 3.784250
12.106354 -0.836200 3.020488
12.094117 -1.724914 3.362639
12.683296 -1.433344 4.051757
12.426266 -0.827174 4.739888
11.976404 -1.340146 4.075423
12.483879 -0.703829 4.569991
12.533117 -0.249658 5.405656
11.858375 -0.449043 4.763785
11.192414 -0.897784 4.251771
11.227210 -0.084700 4.746456
10.853981 -0.808192 5.240711
10.802630 -0.979306 6.176186
11.423492 -1.469803 5.646118
11.464081 -1.804763 6.536727
10.917686 -2.401167 6.033950
11.654505 -2.252155 6.618691
10.843617 -1.957190 6.215596
11.103888 -2.872726 6.182670
11.950452 -2.606298 5.837168
11.393386 -2.980406 5.161335
11.047940 -3.864810 5.235660
11.937734 -3.939391 5.566920
12.528276 -4.550364 5.136800
12.190382 -4.804807 4.283503
11.686802 -4.524891 5.041847
12.275153 -4.126742 5.676157
12.162634 -3.193830 5.521098
11.768908 -2.632396 4.860189
11.385835 -3.427238 4.501704
11.908807 -3.185569 5.260074
11.548774 -2.590968 5.911116
10.837586 -2.889175 6.469966
10.385514 -3.440159 5.838239
11.119344 -3.217326 6.402924
12.008140 -3.163132 6.065086
11.323321 -2.515903 5.926716
11.932749 -1.852879 6.236599
12.445849 -2.613097 5.980032
11.931855 -1.815377 6.060546
12.015382 -1.142291 6.729133
11.101624 -1.281923 6.499832
11.119101 -2.114504 6.037735
10.406956 -1.525386 6.267559
11.193845 -1.738733 5.775300
12.026310 -1.982012 6.168806
11.236812 -1.816772 6.675186
11.418889 -2.482608 6.019030
10.683554 -2.218532 5.474440
9.977322 -1.715504 5.080451
9.287902 -2.017453 4.496878
10.160420 -1.815957 4.821133
9.858387 -2.254033 5.611003
9.599482 -3.128661 5.884908
9.667332 -2.200076 6.085294
8.775604 -2.419510 5.832910
9.476133 -1.847610 5.534212
9.555206 -2.607820 4.966006
10.264679 -2.973373 4.446343
11.169387 -2.677510 4.477954
10.523753 -2.001970 4.661892
9.964268 -1.505876 5.251719
9.310310 -0.840404 5.442807
9.398418 0.066934 5.167117
10.162710 0.572029 5.427435
9.801414 -0.012410 6.086924
8.905712 -0.286933 5.915500
9.804092 -0.275869 5.599556
10.324498 -1.071709 5.652908
9.517117 -1.459045 5.977154
8.886409 -0.826198 5.647394
9.587978 -0.295646 5.282232
9.663060 -1.173545 5.643738
9.429728 -0.456884 5.061515
10.161467 0.057222 5.389058
10.297431 -0.879810 5.286512
10.642965 -0.750598 6.164545
10.660510 -1.634001 6.519962
11.586013 -1.554482 6.730076
12.028677 -2.220757 6.213207
11.776946 -3.111233 6.438404
11.106420 -2.434903 6.439786
11.328018 -2.878577 5.626719
11.677650 -3.227417 4.812411
11.180079 -3.964247 5.153782
10.334462 -4.207210 4.789186
10.206246 -3.382010 5.247045
11.054806 -3.247294 5.657930
10.518732 -3.790711 5.088410
10.020794 -3.155378 5.593820
10.538456 -2.515237 5.114993
11.054810 -2.953165 5.784790
10.942399 -2.082574 5.415377
11.565303 -2.493371 6.007210
11.712310 -3.138332 5.322050
11.097211 -2.422676 5.450579
11.086881 -3.034663 4.720926
10.511451 -3.309139 5.428438
10.650937 -3.693177 4.568154
10.054505 -3.135650 4.077786
10.403680 -2.331886 3.704868
10.550819 -2.939708 4.423152
11.409902 -2.665883 4.116515
11.326763 -3.335415 3.444322
11.121529 -2.465170 3.772319
10.578445 -2.733645 3.037466
11.196891 -2.179867 3.504245
10.317765 -1.924597 3.241561
9.636974 -1.273167 3.103030
9.014606 -0.891914 2.491201
8.511924 -0.096052 2.635922
9.460275 -0.008809 2.628973
9.046899 0.488067 1.929498
8.325461 0.695552 2.515592
7.771119 -0.012566 2.202058
8.388325 0.705842 2.301942
7.856050 1.480349 2.456384
8.216396 2.359342 2.523833
8.204814 2.356922 1.571526
8.529937 1.621620 2.082070
7.908576 2.336058 2.184625
7.215764 2.567335 2.795812
7.260029 2.000465 2.031791
7.789884 2.743469 2.304238
8.221053 3.218527 3.008115
8.197956 2.390939 3.478853
7.372345 1.916541 3.497337
7.914729 2.553047 3.041587
8.598105 1.895756 3.131007
8.369696 1.911434 4.055459
7.803519 1.146278 4.023695
8.390461 0.654170 3.457694
9.001606 0.069500 3.019866
9.447380 0.457322 3.766799
9.807029 -0.177406 3.154588
9.021947 0.005474 3.661767
9.955227 0.194833 3.649098
9.209567 0.353900 3.078381
9.819494 0.698904 2.433408
9.593426 0.953026 3.322983
9.413793 0.252572 3.942762
9.945950 -0.190046 4.596924
9.509102 0.070160 5.402210
10.337391 -0.069744 5.850978
9.513120 0.356485 6.065305
9.563311 -0.444185 5.552042
10.054631 -1.225355 5.787426
9.415127 -1.381281 6.475721
10.145403 -0.772173 6.527815
10.047906 -1.717650 6.587794
9.578450 -2.340321 6.041056
8.814161 -2.018907 5.572458
8.515202 -2.886339 5.317090
9.117813 -3.613562 5.194465
9.470527 -4.233859 4.563708
8.937952 -3.624468 5.065741
9.836169 -3.590597 5.380526
10.455518 -3.021217 5.826891
10.759030 -2.327355 5.249427
11.155049 -2.805049 4.526927
11.906884 -3.009988 3.979411
11.408979 -3.803975 3.809992
12.170220 -4.337093 3.601841
12.731572 -3.840530 3.014187
12.877756 -3.769298 2.075791
13.494810 -4.039521 2.749033
13.191995 -4.403063 3.575573
14.130914 -4.531524 3.480925
13.998756 -4.132079 4.335330
14.636762 -3.749816 3.740473
14.073877 -4.518022 3.747510
14.255429 -3.583905 3.708862
14.000614 -2.826666 4.227214
14.656967 -3.284856 3.711179
15.174488 -2.639096 3.239803
15.872517 -3.276610 3.355387
15.450758 -2.749755 4.027378
15.214840 -2.077586 4.659486
14.992743 -1.515205 5.395305
15.621466 -2.218342 5.263646
16.002155 -1.667656 4.586261
16.474304 -1.650667 3.759330
17.152747 -1.872488 4.389838
16.409912 -1.779858 3.801070
16.937740 -1.457975 3.076626
17.735214 -1.559775 3.587214
17.360729 -1.989435 2.824206
17.223726 -2.437804 3.653197
16.844538 -1.782964 4.231495
17.559051 -1.153948 4.202549
16.630290 -1.244530 4.012214
16.550030 -2.172028 3.811373
17.215758 -2.410699 3.173509
17.704163 -1.820209 2.607990
17.112749 -1.423987 1.975324
17.573251 -2.203936 1.680967
17.512515 -2.982244 1.135460
16.992004 -2.480610 0.515410
16.919673 -2.049927 1.361762
16.280187 -1.868329 0.679773
15.709690 -2.400888 0.133930
16.513356 -2.116453 0.558488
17.172300 -2.395005 1.187162
17.485992 -3.293157 1.143014
17.256065 -2.883974 0.314321
17.022324 -3.620639 -0.242204
17.557456 -4.222560 0.266081
16.864596 -3.848187 -0.269474
16.254677 -3.153280 -0.041148
15.724205 -3.943291 -0.080010
15.323092 -4.626364 -0.608735
15.191740 -4.140423 -1.417213
15.268525 -3.578016 -0.652470
15.230392 -2.643272 -0.830881
15.851297 -2.257192 -0.220594
16.136994 -2.850226 -0.908867
15.931101 -3.482401 -0.226963
15.563801 -2.781511 -0.756939
14.632993 -2.787785 -0.555475
14.293120 -2.722769 -1.442769
14.594440 -3.567030 -1.121118
15.379481 -3.125959 -1.431272
15.892189 -2.800508 -0.697623
16.633301 -2.208885 -0.785738
16.258153 -1.372345 -1.043602
15.984020 -1.790948 -0.233262
15.331779 -2.280458 -0.725188
14.709941 -1.760895 -1.225589
14.100362 -2.008106 -0.536872
14.688676 -1.273418 -0.391442
14.341759 -1.599849 -1.216136
13.760304 -1.015058 -1.692539
12.863050 -1.013443 -1.373222
13.090808 -1.100607 -2.293851
12.895900 -1.051061 -1.362946
13.023890 -0.121906 -1.528228
13.169967 0.411164 -0.752645
12.473452 1.057553 -0.816502
12.844729 1.621757 -1.487961
13.498861 1.171190 -2.013441
14.239924 1.228116 -1.417945
14.796951 0.548442 -1.050803
14.332431 1.101656 -0.430154
15.248299 1.035610 -0.682847
15.880661 0.324697 -0.724704
15.044380 -0.049642 -0.464832
14.521227 0.441414 -1.091094
13.949699 1.164546 -1.330816
13.059265 0.860554 -1.183347
13.817172 0.283858 -1.178098
14.471559 0.246670 -0.487139
14.885829 0.195132 -1.343150
15.641293 -0.321124 -1.607312
15.812323 -0.741657 -2.444529
15.953128 -1.654607 -2.212740
15.336321 -1.542646 -1.495771
14.858890 -2.186083 -2.010629
14.080594 -2.615660 -2.352312
13.592325 -1.805850 -2.465576
14.185765 -1.894022 -1.725925
14.285648 -1.560173 -2.612265
14.917725 -1.126742 -2.046893
14.103595 -1.377850 -2.472531
14.479602 -1.467826 -1.602157
14.881050 -2.111532 -2.177928
15.696724 -2.470416 -1.841910
16.247991 -1.808298 -1.436037
16.458570 -2.310215 -2.217552
17.267419 -2.383063 -1.720074
17.992687 -2.214633 -1.126233
18.618479 -1.508605 -1.256378
17.915910 -1.786906 -0.676744
17.200434 -1.569330 -0.087011
17.598417 -1.993827 0.666939
16.742327 -1.809553 1.041347
16.121839 -2.526198 1.133253
16.890592 -2.335618 0.604360
16.398109 -1.962393 -0.120341
16.707909 -2.857425 -0.220205
16.875197 -1.926509 -0.331740
16.542750 -1.034358 -0.307746
15.647167 -0.976788 -0.626567
16.108256 -0.874967 0.200511
15.384956 -0.342789 0.517770
14.716608 -0.783932 0.002278
15.288029 -1.469458 -0.330229
14.569458 -0.919222 -0.033709
13.655187 -0.664774 -0.113680
13.686125 -1.580248 0.147052
13.669257 -0.920510 0.833705
12.967496 -1.296567 1.356335
13.452365 -0.724567 1.943488
14.032604 -0.199053 2.485878
14.475387 -0.563669 1.725596
14.881353 -1.114779 2.387789
15.307142 -1.294375 1.555034
15.037279 -0.545927 2.078512
14.789210 -0.265535 1.202800
14.213783 -0.986053 0.964545
14.813758 -1.725646 0.972403
15.468528 -1.609612 0.290610
15.597957 -0.666087 0.296724
16.239617 -0.590635 -0.402997
16.719577 -1.158343 0.192298
15.914903 -0.687342 -0.001835
15.785407 0.215181 -0.276994
15.796133 1.150547 -0.098092
16.172468 1.700099 -0.778823
16.269692 0.795018 -0.498813
16.984242 0.278211 -0.858479
16.351627 0.824292 -1.315232
16.925837 0.077700 -1.456344
16.102115 0.481010 -1.199727
16.587062 1.110034 -0.674193
16.955848 0.418593 -1.215430
17.592465 -0.088479 -0.720832
17.431979 -0.911391 -0.269070
17.540972 -0.214482 0.370827
18.126246 0.465547 0.051382
17.385204 1.008723 0.302074
16.984463 0.231510 0.679404
17.408281 -0.523409 1.076273
16.688838 -1.088817 1.340364
17.309216 -1.373245 0.676089
16.419129 -1.191237 0.961828
16.344220 -1.331450 0.022809
16.455660 -0.740449 -0.715654
16.845592 -1.602826 -0.821902
15.957676 -1.907431 -0.982675
16.256636 -2.598557 -0.399582
16.025293 -3.427876 -0.806692
15.257879 -3.792481 -1.237005
14.855014 -4.215859 -1.988989
15.467290 -4.754420 -2.481024
14.672721 -4.305950 -2.754087
15.131038 -4.770761 -3.447575
15.445882 -3.923582 -3.747891
15.417945 -3.249512 -3.075671
16.067366 -3.598886 -3.678350
15.311601 -3.570453 -3.099522
16.051053 -2.995934 -3.273211
16.721714 -2.344816 -3.090760
16.211797 -1.549663 -3.212190
15.896200 -2.310130 -3.690852
16.164651 -2.878397 -4.406418
15.716620 -3.417214 -3.761458
16.363063 -2.792111 -4.075127
15.733339 -3.331399 -4.543792
14.928590 -2.916390 -4.839048
14.673924 -3.683172 -4.334847
14.411548 -4.358825 -4.952650
13.588645 -4.451481 -4.482252
13.016472 -5.212422 -4.457385
13.175637 -4.372904 -4.036783
13.492419 -3.712056 -3.428541
13.432065 -4.655133 -3.546828
13.777130 -5.309932 -2.947496
13.511781 -4.830598 -3.726508
13.372059 -5.518632 -4.370026
13.313962 -5.273178 -3.451654
13.791080 -4.598029 -2.978831
13.671177 -5.316040 -2.364736
13.036929 -5.745996 -2.930330
12.375061 -5.772388 -3.614629
12.767032 -4.958845 -3.917175
12.184359 -5.416133 -4.515847
12.441652 -4.587000 -4.124227
12.245793 -5.407014 -4.567221
12.066984 -4.733828 -3.917702
12.859072 -4.623155 -3.400616
13.448605 -5.292307 -3.734857
14.076270 -4.671792 -3.377047
13.322416 -4.279982 -3.807417
13.354845 -4.800651 -3.010623
14.156577 -4.620555 -2.529145
14.254920 -3.868073 -3.104583
13.653292 -4.467004 -3.536273
12.762550 -4.729710 -3.747440
13.060895 -5.610630 -3.952379
12.374944 -5.408588 -4.581410
12.843250 -4.610547 -4.355910
12.105360 -4.864854 -4.901691
11.944881 -3.927550 -4.849380
12.436673 -3.341914 -5.417008
13.293440 -3.052190 -5.715404
12.973949 -2.476012 -5.027671
12.580913 -1.896786 -4.381878
12.039854 -2.502972 -4.878690
11.520737 -2.119565 -5.579081
12.079543 -2.653592 -6.135481
11.598383 -2.117857 -6.758781
10.954982 -1.615387 -6.268284
10.565994 -0.912712 -5.756456
11.305959 -1.472462 -5.971311
10.896910 -1.482850 -5.111310
10.950074 -1.052609 -4.263316
10.356041 -0.525583 -4.789051
10.644970 -0.099269 -5.590180
11.357382 0.434210 -5.251212
12.187242 0.201877 -5.656655
12.028750 -0.249630 -6.480094
12.675256 -0.009328 -5.823349
12.547385 -0.665182 -6.501974
13.306940 -1.235756 -6.569424
12.648652 -1.871687 -6.306215
12.441718 -2.541115 -5.661178
12.590088 -1.720280 -5.201564
13.230024 -1.427746 -4.559741
12.690601 -1.833365 -3.887784
12.107380 -2.465714 -4.296461
12.354232 -3.385388 -4.279338
13.299389 -3.410887 -4.393616
13.395182 -4.353003 -4.292267
14.209613 -4.375585 -3.799093
14.846598 -4.102582 -4.452353
14.393499 -4.565887 -3.754443
13.862388 -3.790050 -3.602696
14.096097 -4.704344 -3.474341
14.944429 -4.271498 -3.471740
14.196749 -4.839117 -3.632404
13.632304 -4.185528 -4.033968
12.965493 -4.649378 -3.536740
13.477950 -5.254794 -4.063891
13.227309 -4.555414 -3.468009
13.864379 -5.197550 -3.766054
13.435658 -5.441060 -2.951235
12.962824 -5.944183 -2.295244
12.324357 -6.632881 -2.136866
11.929724 -5.809550 -1.865904
12.533170 -6.430103 -2.263142
11.997175 -6.076150 -2.966317
11.345753 -5.436924 -2.694160
10.575259 -5.404400 -2.135313
11.357510 -5.810439 -1.774419
11.631116 -5.842488 -0.862750
12.573044 -5.701970 -0.870310
12.784501 -6.392563 -0.249508
12.381928 -7.063006 0.294065
12.212912 -7.014093 -0.641922
12.887850 -6.947035 -1.310497
12.908825 -7.017353 -0.360947
11.979723 -6.841978 -0.475147
12.820590 -6.814067 -0.028836
12.844931 -6.205626 0.703445
13.422329 -5.465637 0.542015
12.778080 -5.299526 -0.139439
12.075986 -4.783427 0.244922
12.842685 -5.038325 0.749132
12.302257 -5.547846 0.153016
12.029131 -4.925354 -0.514020
11.159482 -4.821216 -0.139997
11.221493 -5.734497 -0.402869
10.892299 -6.571605 -0.715776
10.218610 -6.109379 -1.205186
9.608483 -5.871750 -1.896783
9.122793 -5.070785 -2.068796
9.452568 -4.404398 -1.473644
9.423145 -3.750354 -2.165302
9.790625 -4.289443 -1.471492
9.691959 -3.988130 -0.573436
9.467119 -4.897800 -0.743660
8.718493 -5.021610 -1.319212
8.518052 -5.446777 -0.490909
8.970370 -4.609444 -0.527130
9.495190 -5.086626 -1.162654
9.294684 -5.547087 -1.971852
10.037801 -5.776314 -1.422070
10.165685 -5.038656 -0.833397
10.294150 -4.406657 -0.132610
9.690746 -5.083511 0.158596
10.292269 -4.488305 0.595550
9.465035 -4.664946 1.033172
10.151219 -4.305271 0.479263
9.288498 -4.100725 0.826971
8.713304 -3.419529 0.492079
8.553703 -4.283467 0.124427
9.332453 -4.694948 0.486727
10.068232 -5.018351 -0.024223
9.555290 -4.582670 -0.698093
10.146412 -3.977379 -1.135388
10.545098 -4.373840 -1.904087
9.831370 -3.883231 -1.507948
9.244509 -4.468367 -1.977245
8.718508 -3.947447 -1.378084
8.075734 -4.505404 -1.805350
8.180724 -3.688484 -1.327178
7.342430 -3.254363 -1.201358
6.759494 -3.859118 -0.752486
7.183302 -4.478212 -1.339120
7.442310 -4.147311 -0.484457
6.867730 -4.642392 0.091548
7.706054 -4.190533 0.083438
8.382403 -4.774523 0.412890
7.796200 -5.392583 0.838798
8.342650 -6.006427 0.357530
8.081596 -5.208385 -0.091924
8.506874 -6.024846 0.152126
8.152884 -5.740298 -0.684985
7.474182 -5.072506 -0.706103
6.666937 -4.746947 -0.319585
6.898710 -4.607844 -1.232799
6.303958 -3.888644 -1.422671
7.064976 -4.015478 -1.981057
7.739114 -4.422233 -2.516890
6.831437 -4.162698 -2.642559
7.452426 -3.604521 -3.100643
8.017566 -3.084584 -2.537339
8.637219 -2.865605 -3.226620
9.116716 -3.371832 -3.875345
9.367400 -2.489337 -3.619632
10.222832 -2.708140 -3.262715
10.767168 -3.211722 -2.665109
11.275356 -2.861236 -1.939895
11.263190 -2.611665 -2.858914
10.992589 -2.025123 -3.558751
11.349771 -2.536109 -4.278712
10.925563 -3.332990 -3.975303
11.564133 -4.008502 -4.182525
10.763754 -3.707421 -4.601778
10.121530 -3.614589 -3.904670
9.362050 -3.199758 -3.507008
8.764254 -3.937232 -3.430843
9.516052 -4.212224 -3.946797
9.735487 -4.675470 -3.144127
9.153630 -5.190237 -3.695024
9.635697 -4.787244 -2.979316
10.406261 -4.941779 -2.441376
11.345182 -5.061807 -2.546495
11.006262 -4.551386 -1.817364
11.785010 -4.531144 -1.269486
11.364676 -4.310111 -2.095011
11.153102 -5.080370 -1.576392
11.376414 -4.522968 -0.837162
11.858164 -5.111930 -1.409937
12.236126 -4.333428 -1.807567
12.384504 -4.947789 -1.095125
11.662217 -4.450289 -0.723878
11.561622 -3.825839 -0.011857
10.752495 -4.181970 -0.366138
10.207119 -3.401868 -0.398271
10.275721 -4.279186 -0.762464
9.644769 -4.310788 -1.475155
10.382947 -3.883193 -1.898577
10.160198 -3.028146 -1.543182
9.442663 -3.195568 -0.939739
10.228152 -2.795385 -0.579336
9.581792 -3.081865 -1.217441
8.877549 -2.737139 -0.676854
8.390592 -2.467361 0.095883
8.534489 -1.526862 0.053635
7.902266 -2.227008 0.184477
8.335104 -1.879301 0.958287
7.603304 -1.605087 0.413949
8.302369 -1.616911 -0.232732
7.642554 -1.310507 0.381913
6.862240 -0.768567 0.315278
6.982047 -0.723868 -0.628479
6.062469 -0.888605 -0.813593
6.799918 -0.587308 -0.291656
6.121699 -0.995993 -0.820830
6.744871 -0.569664 -1.401286
6.273198 -1.292914 -1.803110
5.771481 -1.894968 -2.344257
6.061262 -1.713026 -1.455464
5.389119 -1.296697 -0.924499
6.120826 -1.832306 -1.215632
6.075310 -2.546090 -1.844495
6.510768 -2.789850 -2.655660
7.204500 -3.414978 -2.842688
7.810248 -4.023059 -3.255408
7.927751 -3.657636 -2.383807
7.862170 -4.599505 -2.508754
7.330665 -4.062580 -3.088621
7.974190 -4.693431 -3.396732
7.588571 -4.039566 -3.971874
7.921535 -4.485264 -3.198881
7.814963 -3.570523 -2.956144
7.733066 -2.669139 -2.659782
8.208611 -3.265073 -3.230526
7.552172 -3.904344 -3.490237
8.134576 -4.467955 -2.990061
8.519329 -4.876642 -2.220664
9.468239 -4.875609 -2.139439
8.934591 -4.124933 -2.381795
9.624025 -4.780667 -2.423329
9.133018 -4.620590 -3.223527
8.583152 -4.218532 -3.889130
8.265409 -3.439794 -3.442325
8.475557 -4.257541 -3.882958
8.779820 -3.575213 -3.292295
8.420098 -3.301301 -2.454082
8.289220 -3.489226 -3.378520
9.212690 -3.473248 -3.610854
8.588264 -3.962895 -3.084197
8.294987 -3.124103 -3.426900
9.167150 -2.746349 -3.487402
9.022359 -3.081750 -4.366931
8.807831 -3.067699 -5.294730
8.621652 -3.870179 -4.816825
9.159527 -3.352810 -5.408476
9.674896 -3.293336 -4.609798
10.433084 -2.936932 -5.062742
10.787263 -2.376207 -5.746242
10.337556 -2.765935 -5.002667
10.139513 -3.441693 -4.361450
10.607622 -4.013017 -4.962692
11.138226 -4.633793 -5.452719
11.500162 -4.299255 -4.637786
12.162032 -4.448473 -3.969437
12.582870 -5.299233 -4.047751
13.512506 -5.502434 -4.086689
14.406106 -5.182340 -4.008928
13.978555 -4.644967 -4.668822
13.341214 -4.161182 -5.185328
13.381518 -3.271963 -5.523991
13.117644 -3.381660 -4.615494
13.765133 -3.991772 -4.275569
13.485189 -3.104877 -4.070441
14.111082 -3.729274 -4.424581
14.650610 -3.724271 -5.209383
15.357938 -3.497880 -4.613176
15.877288 -4.143852 -4.144109
15.800479 -4.715170 -3.386002
16.149235 -4.540792 -2.517100
16.433489 -3.683697 -2.214416
16.464049 -3.403164 -3.124030
16.985559 -2.839264 -2.560936
17.738369 -2.281924 -2.388662
17.523903 -3.162599 -2.096351
17.367747 -2.381366 -1.574509
17.214718 -3.094831 -0.962480
18.085150 -2.760969 -1.157194
18.709093 -2.046480 -1.242220
18.492539 -1.119937 -1.201577
17.880549 -1.329941 -1.900430
17.269950 -0.865529 -2.464806
16.992958 -1.502743 -3.116160
16.961704 -1.213855 -4.023131
16.260830 -0.572210 -3.959123
15.708034 -1.285478 -4.263581
14.846483 -1.014890 -4.566137
14.114468 -1.406023 -4.099021
13.946728 -0.567853 -3.679063
13.253018 -1.195837 -3.856357
13.597635 -1.518732 -4.683405
14.305542 -1.333291 -5.292919
14.333879 -1.652719 -6.189687
15.023118 -1.761550 -5.541509
14.451452 -1.104849 -5.927476
13.848349 -1.318552 -6.632902
13.151530 -0.982628 -6.077360
13.054089 -1.351036 -6.950177
12.551768 -1.317731 -6.141726
12.117975 -0.757855 -5.505021
12.530601 -1.606780 -5.631897
11.640328 -1.587246 -5.969628
11.912615 -0.953318 -5.313102
11.776096 -1.480925 -4.532063
11.875374 -2.075324 -5.269533
12.610838 -2.379538 -5.792578
13.141609 -2.675183 -5.059156
13.468765 -3.179975 -5.797521
13.707711 -3.364492 -4.894256
13.707317 -3.083419 -5.804216
13.078478 -2.660071 -6.380730
13.722428 -2.814607 -5.696276
14.353680 -2.206300 -5.324103
15.158859 -2.705254 -5.422896
15.103393 -3.320831 -4.698316
15.094490 -2.473746 -5.133512
15.642475 -2.903284 -4.483712
15.609493 -1.954503 -4.407839
16.284639 -2.619610 -4.313812
16.046028 -2.194966 -3.495416
15.604764 -2.785681 -4.098219
16.061170 -2.101342 -4.578224
16.183326 -1.191832 -4.832978
15.320860 -1.408663 -4.492146
16.044016 -0.992745 -4.032704
15.610520 -1.774669 -4.360890
16.205505 -1.447874 -3.692887
15.698833 -2.096764 -4.171693
16.630645 -2.276856 -4.092173
16.806141 -3.076613 -3.605738
17.363349 -3.061865 -2.833513
17.035676 -2.582240 -2.078781
17.970277 -2.481827 -2.231972
17.354189 -2.041292 -2.809375
17.919339 -2.319710 -2.095150
18.020908 -1.755493 -2.855658
17.833297 -1.112073 -2.179018
17.169324 -0.437732 -2.285939
17.406689 -1.098117 -2.929817
17.822227 -1.662999 -3.574230
18.073825 -2.368950 -2.986555
17.358054 -2.661671 -3.542448
16.583998 -3.095129 -3.888830
15.891296 -2.474648 -4.094250
15.233651 -2.767790 -4.717629
14.847982 -3.450616 -5.258032
14.322515 -2.976664 -4.620629
13.746208 -2.744369 -3.898868
12.987696 -2.177450 -3.797418
13.530929 -2.610142 -4.449112
13.732960 -2.187764 -5.278455
13.531307 -1.843175 -6.143108
14.362948 -1.387950 -6.233509
14.067494 -1.255330 -5.337881
14.697002 -1.598173 -4.710818
14.194884 -1.096045 -5.345464
15.075107 -1.290352 -5.038084
14.288994 -1.705205 -5.380070
14.681543 -0.869972 -5.144862
13.948194 -0.720574 -4.555871
13.307331 -0.307979 -3.984830
13.945932 0.173869 -4.501590
13.589475 0.533907 -3.695153
12.944437 -0.042034 -4.094210
13.222743 0.848150 -4.286950
13.880620 1.338884 -4.770072
13.897025 2.029218 -4.114176
14.666653 1.815132 -3.595650
14.067465 1.810936 -2.855390
13.390884 2.263407 -3.349899
12.765418 2.974866 -3.251681
13.453411 2.433819 -3.627130
13.574431 1.538367 -3.326219
12.684872 1.793435 -3.101156
13.509012 2.146567 -3.422281
13.067343 1.451618 -2.943736
13.393975 2.071275 -2.298472
13.764286 1.205153 -2.158003
14.115292 2.000507 -1.769110
14.697749 1.364881 -1.364446
14.505156 1.777096 -2.201115
13.667996 2.150108 -1.942164
12.973290 1.499525 -1.908195
12.475106 1.303311 -2.695814
12.579905 2.016287 -2.073148
12.624388 2.535190 -2.870512
11.902012 2.615743 -3.485910
12.410683 1.878877 -3.810430
12.031230 2.738244 -3.653797
12.609545 3.152260 -3.020416
13.250717 2.737400 -3.589468
12.764504 2.166218 -4.176304
13.218055 2.669173 -3.506710
13.944175 2.377809 -2.963676
13.202615 1.797690 -2.820216
13.038954 1.854477 -3.756710
13.723830 2.461616 -4.020067
13.268461 1.882101 -3.416883
13.873900 1.368403 -3.942798
14.359719 1.725942 -4.679802
13.701781 1.916097 -4.017995
14.434550 2.512258 -4.139125
14.914482 2.005710 -3.490971
14.786769 2.588813 -4.233070
13.902428 2.897460 -4.060710
14.469950 3.424651 -4.614802
14.892125 4.266716 -4.474358
14.113475 4.644410 -4.076764
13.877975 5.090544 -3.268968
14.724453 4.973315 -2.848537
15.666729 5.003922 -2.713591
15.552885 4.100082 -2.435847
15.298072 4.371503 -3.312449
14.764225 4.798176 -2.649134
15.382548 5.370582 -3.093047
14.744326 4.945067 -2.528566
15.228241 4.151172 -2.322196
15.519086 4.969860 -2.712310
14.866038 5.491340 -3.169056
15.452706 5.742196 -2.462006
14.727805 5.809316 -1.847968
14.534782 5.030044 -2.360321
15.198155 4.469753 -2.751524
14.618054 4.831649 -3.414505
13.963118 4.965467 -4.092871
14.522535 5.013624 -3.323610
13.917791 5.589371 -2.865539
13.285220 4.948648 -2.555128
13.193985 4.272169 -3.219268
13.782105 4.741084 -2.635090
14.360822 4.051662 -2.323941
15.180281 3.736369 -1.955015
15.925821 3.178386 -1.755381
16.224310 3.642936 -0.979413
15.333648 3.402604 -1.216038
14.648301 4.051508 -1.343525
15.268208 4.399003 -1.977552
