7.619048 9.000028 -19.000000
6.993846 8.648839 -19.626752
6.966967 9.460305 -19.128927
6.784429 8.590345 -18.787050
7.066265 9.167251 -19.490453
6.452790 9.208908 -20.217738
5.794154 9.527322 -20.827525
6.603641 9.027999 -20.778151
5.942134 9.603808 -21.149478
5.687059 10.126468 -20.395295
5.947427 10.657239 -21.141968
5.824173 9.832024 -21.601161
5.114765 9.814453 -22.236346
5.970701 9.929019 -21.834751
5.505863 9.601811 -22.598879
5.050770 9.648597 -21.763576
5.223452 8.939733 -22.375721
5.720363 9.562902 -21.854407
5.022775 10.121747 -21.525631
4.408826 10.432710 -20.867301
5.075236 11.094892 -20.710965
5.234063 10.524854 -19.964734
4.891430 11.167093 -19.350599
5.765540 11.528392 -19.462065
6.354490 11.280248 -20.168175
5.805701 11.761952 -20.779584
5.632017 11.067271 -20.151666
5.206508 10.216442 -20.197046
5.500393 9.717612 -20.953240
6.422723 9.911975 -20.816998
6.150529 9.054470 -21.129447
6.322763 8.379031 -21.778406
5.382179 8.423319 -21.921130
5.008133 7.930200 -22.644976
4.489270 7.327256 -22.121270
5.220987 7.557041 -22.685910
4.923287 8.194538 -23.327784
4.604176 7.534499 -22.719882
5.038764 7.066211 -22.013574
4.383986 7.672042 -21.680010
4.966337 7.147852 -22.221418
5.803737 7.365391 -21.823337
5.313593 7.521979 -22.624754
5.567543 8.261629 -22.081193
6.275238 8.718670 -22.525390
5.651578 9.433786 -22.443622
6.340044 9.503589 -21.789272
6.037544 9.206372 -20.936520
6.713804 9.864391 -21.065806
6.576990 9.225387 -20.372996
6.633803 9.804891 -19.619355
5.985447 9.229239 -20.013422
5.127005 8.989361 -19.677915
4.322386 8.843361 -19.189754
4.825191 9.534215 -18.769116
5.082776 9.370644 -19.671294
5.521854 9.606073 -18.859621
5.172128 10.314568 -19.391370
4.423361 10.644141 -18.903765
4.040563 11.468086 -19.189438
3.577326 11.863529 -18.457273
3.146787 12.706106 -18.565582
4.086575 12.827282 -18.469960
4.829450 12.348551 -18.115017
5.534339 12.639041 -17.544250
5.390760 11.991599 -16.860706
5.887451 12.677750 -17.296050
5.791265 12.008101 -16.625715
5.425258 12.630604 -17.246649
4.865807 12.735140 -16.483028
5.351088 13.404014 -16.956461
4.819380 13.568484 -17.729290
5.172017 12.782441 -17.323319
5.844483 12.524826 -17.946579
6.175575 12.726197 -18.816554
5.350745 12.448761 -19.203484
6.199221 12.362400 -18.779621
5.341864 11.948254 -18.800858
4.697673 12.299837 -19.407849
4.358563 11.687479 -18.762054
4.612049 11.349770 -19.615709
5.212292 11.505019 -20.338643
4.486850 10.893890 -20.423988
3.969177 11.278223 -19.723037
3.026512 11.243560 -19.854226
3.512602 10.472379 -19.578496
4.080820 10.028395 -18.956374
3.931886 9.585451 -18.126526
3.643291 10.170829 -18.820123
3.636754 10.174773 -19.772473
4.148597 10.847635 -20.210997
3.570713 10.410962 -19.592615
3.388431 11.343660 -19.654883
3.361386 12.246900 -19.354124
2.995004 11.567435 -18.796341
3.796719 11.330119 -19.252370
4.425572 11.499199 -19.947341
4.267964 10.666947 -20.382709
3.319100 10.671463 -20.301062
3.356023 11.005515 -21.192171
4.075030 11.335108 -20.661674
4.948330 11.567074 -20.360727
4.894459 10.928356 -21.065118
5.557050 10.990469 -21.746399
4.896159 10.308372 -21.817087
4.522084 9.461517 -22.040548
4.094519 9.720714 -22.851124
3.469045 9.210635 -22.345525
2.973053 9.558591 -23.080336
2.283491 9.136816 -23.583963
1.427278 9.429253 -23.286627
1.788767 9.929691 -22.561426
1.124754 10.331243 -23.113579
0.312264 10.010379 -23.492968
-0.619263 9.825726 -23.420923
0.113922 9.579147 -23.976503
0.731349 9.215430 -23.349188
1.214940 8.679411 -22.728017
0.590405 8.934230 -22.055669
0.858447 9.129898 -21.162978
1.620152 8.833362 -20.674204
2.374807 8.435651 -20.250703
1.746069 7.860560 -20.676130
2.389441 7.791977 -19.977275
3.114424 7.468350 -19.451256
3.736153 6.937950 -18.962219
3.908836 7.826736 -18.666809
3.801815 8.580185 -19.239427
4.249089 8.773246 -18.421072
4.692641 8.078511 -18.898184
5.105120 8.516423 -18.159858
6.027200 8.496730 -18.397368
5.692355 7.665955 -18.073759
5.146210 7.197893 -17.449522
5.188392 8.139567 -17.585544
5.876087 8.612842 -17.127159
5.425246 7.857710 -16.761718
4.483693 7.724307 -16.709641
5.176759 7.356810 -16.169609
4.793716 6.722241 -16.767631
5.287061 7.242209 -16.140515
5.815913 7.588426 -15.428141
5.216363 6.976316 -15.012341
4.690997 6.247407 -15.328111
3.904219 6.775385 -15.424283
4.583213 6.893877 -14.767050
3.691770 6.615395 -14.953614
3.366950 5.857549 -14.476969
3.473780 5.895878 -15.422563
3.598659 6.181327 -16.322537
3.119061 6.954831 -16.603082
2.832856 7.779344 -16.984260
2.446285 8.257022 -17.711870
2.801629 9.048496 -18.104717
3.216510 8.378803 -17.569541
3.723182 7.798096 -17.009992
4.365966 7.288293 -17.493687
3.829386 6.677281 -17.989445
4.223581 5.855066 -17.714487
3.851144 6.375950 -17.009504
3.272807 6.036937 -17.685985
3.383974 6.669645 -18.389086
3.198160 7.138595 -17.581256
2.613628 7.479861 -18.251250
3.253495 6.833749 -18.534336
4.055932 7.320970 -18.373902
4.046779 6.702887 -17.649390
3.928206 7.642127 -17.753310
3.223237 7.020169 -17.600937
2.642472 7.431665 -18.233719
3.054337 7.883897 -17.503731
3.875552 7.929021 -17.983937
3.837917 7.952938 -18.935273
4.397094 8.592873 -18.505350
4.504293 9.068876 -19.323250
5.174225 8.548109 -19.755712
4.313952 8.931481 -19.614337
4.786486 9.733005 -19.817561
4.577012 9.594816 -20.736286
4.482752 8.677283 -20.973515
5.026188 9.388247 -21.299459
5.436156 9.837291 -20.566443
4.935834 9.056249 -20.350390
4.218551 9.682760 -20.346173
4.697880 9.183958 -19.691597
4.099540 9.857801 -19.999744
4.284990 10.702332 -20.398999
4.677569 10.705087 -21.266699
5.296084 11.308596 -20.866393
5.506314 12.068123 -20.331649
4.981319 12.844448 -20.501145
5.435194 12.447783 -19.763795
4.617612 12.413049 -20.251015
4.563975 12.584014 -19.315642
5.343590 12.616009 -19.861727
6.013731 12.452150 -19.205153
5.724452 12.113466 -18.363346
4.853210 11.923879 -18.698044
5.060074 12.064663 -17.779122
4.319633 12.353703 -17.254495
3.400802 12.192940 -17.062314
2.776330 11.704530 -17.590064
2.473525 12.274174 -18.290668
2.699702 12.570481 -19.167067
2.907223 13.127601 -18.423035
2.128033 13.063889 -18.966942
2.742780 12.390833 -19.242825
2.358787 12.718071 -20.050595
2.852453 13.485085 -20.324482
2.046397 13.348080 -19.836084
2.830271 12.814463 -19.747633
2.279879 12.944778 -18.981398
3.093240 12.649697 -18.583403
3.455857 13.444247 -18.963178
4.120537 13.196659 -19.598733
3.800421 13.825897 -20.237963
3.558057 13.581202 -19.350036
3.949581 14.364477 -19.724493
3.901451 13.731509 -19.014519
4.624894 14.314025 -19.225078
4.698107 13.849987 -18.396623
4.362838 14.649403 -18.002214
4.516317 13.779485 -17.646245
5.341652 13.304431 -17.659536
4.924784 12.941060 -16.884159
4.309910 13.566899 -17.254681
4.770793 12.737354 -17.174228
4.330745 12.133029 -16.584164
3.533823 12.181172 -16.064908
3.584198 11.236369 -16.173703
3.192882 11.806404 -16.828653
3.981911 12.339180 -16.803933
3.495209 13.018320 -17.261010
3.819122 12.226708 -17.679890
4.405583 11.677146 -17.168934
3.885229 11.120837 -17.740583
4.464298 10.654752 -18.335960
3.980926 11.219513 -17.740623
4.366990 12.067128 -17.939452
4.860181 11.691426 -18.662392
4.954385 10.744691 -18.619386
4.489365 10.062710 -19.094453
4.017632 9.238009 -19.028395
3.137465 9.550301 -18.841827
3.670345 9.549751 -18.052479
4.229583 9.726706 -18.802792
3.661141 10.313315 -18.313107
2.714075 10.285968 -18.409789
2.136464 9.737483 -17.887715
2.387391 10.401875 -18.522261
2.651233 9.616786 -18.992422
2.820835 9.251255 -19.855354
3.371786 10.026359 -19.907286
3.616212 9.282107 -20.448925
2.985296 9.402487 -19.745730
2.604584 8.810430 -20.387257
3.159675 9.572442 -20.522323
2.314296 10.010152 -20.550142
1.435187 9.817867 -20.238338
2.031787 9.283799 -20.753964
2.439805 9.901094 -20.154382
3.387480 9.994865 -20.142252
3.519768 9.982315 -19.199188
3.863252 10.321158 -18.378070
4.790430 10.508660 -18.267552
4.041311 10.714552 -17.716680
4.164298 10.099148 -18.433048
4.445545 9.852511 -17.557205
3.690704 9.794729 -18.135050
2.963792 10.303860 -18.480615
2.589071 9.566929 -18.953422
2.546089 10.352812 -19.489675
2.255407 10.982192 -20.142680
2.875614 10.728684 -19.465845
3.224840 9.940715 -19.871030
2.297793 9.759401 -19.749628
2.212222 10.223292 -18.922275
2.163592 10.758200 -19.708747
3.111918 10.786435 -19.791873
3.622395 11.318792 -19.189347
2.940970 11.326684 -19.854650
3.446027 10.937651 -20.562182
3.868990 11.394708 -19.841606
4.292303 10.554126 -19.695808
4.052223 9.637699 -19.598068
4.394070 10.250023 -20.242450
4.863941 10.877611 -20.783176
4.184994 11.399814 -20.366804
3.940710 12.166059 -20.876925
4.630514 12.663122 -21.306027
4.125344 13.089527 -20.620454
4.071921 13.962622 -20.243783
3.477479 13.691241 -19.550948
4.275613 13.174682 -19.494569
3.749516 12.582387 -20.023188
2.913739 12.276535 -19.684129
3.730393 12.081873 -19.234449
3.196138 11.462128 -19.721805
3.695244 12.131475 -20.179949
4.203026 12.894397 -20.439059
4.598081 13.029483 -21.295046
3.882387 13.227539 -20.698735
4.649760 13.017770 -21.222343
4.340728 12.446982 -21.919286
3.580788 11.884310 -21.805613
3.984416 12.570871 -22.327866
4.708296 12.172384 -21.854330
4.519803 11.707827 -21.044587
5.219482 12.230302 -21.424713
4.768576 11.575946 -21.949623
4.283781 10.764658 -21.832081
3.550361 11.342053 -22.021130
4.108588 12.055325 -21.726755
3.931552 11.208800 -22.125609
3.102556 11.570639 -22.423713
2.384952 11.938258 -22.930596
1.487326 11.621341 -22.959929
0.783663 11.410770 -23.566185
1.063097 10.566570 -23.225196
0.411248 11.250505 -23.105388
-0.134377 11.669137 -23.764228
-0.918128 11.461479 -24.263870
-1.056160 12.403104 -24.300208
-0.429740 12.100832 -23.649624
-0.006321 12.528918 -22.911729
0.566105 13.061239 -22.367676
0.206291 13.765081 -22.898873
-0.119323 13.125954 -23.525389
-0.395436 13.591058 -22.741508
-0.152075 14.327603 -22.188962
0.410882 14.376721 -22.955576
0.989829 14.312744 -22.202079
0.360447 13.661041 -21.908496
-0.112216 14.112284 -21.215676
-0.656456 14.840993 -20.933160
0.267146 14.611182 -20.967453
-0.010519 13.846639 -20.472069
-0.346290 14.532863 -19.903400
-0.865070 14.729143 -20.677590
-1.578488 14.938341 -21.272823
-1.704113 13.995890 -21.217752
-2.424065 13.404084 -21.413879
-1.619412 13.880096 -21.232283
-1.196464 14.682192 -21.523461
-0.447823 14.097749 -21.594110
-0.050363 14.717271 -22.198466
0.028821 13.794617 -21.976050
-0.776615 13.786541 -21.467880
-0.226261 13.533249 -22.202714
-0.143157 14.235425 -22.840735
0.723134 13.842245 -22.796246
-0.073439 13.370351 -23.019442
0.358083 14.089056 -23.471417
-0.100977 13.255833 -23.426316
-0.810291 12.638834 -23.578679
-0.055778 12.212470 -23.183772
-0.797354 11.903009 -22.672570
-0.985159 11.211807 -22.044876
-0.379663 11.472567 -21.357556
-0.890904 12.032150 -21.934210
-1.669075 12.577313 -21.868829
-1.377109 13.465858 -22.048476
-1.604418 12.878404 -21.334152
-0.903403 12.331698 -20.992510
-0.825288 12.761642 -20.146297
-1.399767 13.337930 -20.641168
-1.619219 12.803733 -19.883867
-1.151427 12.497731 -19.112788
-0.489636 12.537427 -19.796518
-0.049915 11.937192 -19.202049
-0.303726 12.686175 -18.671356
0.605758 12.790351 -18.934066
0.428837 12.554416 -18.028492
0.563562 12.462381 -18.966792
-0.144241 13.098373 -18.927313
0.772530 12.877280 -19.060277
1.663182 13.131712 -19.281709
2.204033 12.357944 -19.156043
1.311349 12.633676 -19.340745
1.710936 11.880667 -18.916085
1.049408 11.608161 -18.287474
1.538931 11.287967 -19.039053
0.663448 10.992051 -18.808857
1.228060 11.444685 -18.189691
1.419991 10.678107 -17.658136
2.277079 11.090060 -17.710344
3.177260 11.051014 -17.401834
2.523205 11.470496 -16.851129
3.215739 11.167284 -17.430343
3.768690 10.658791 -18.015756
4.443337 11.192010 -18.425096
4.876318 11.022589 -17.593920
4.272420 10.382526 -17.229700
4.481330 10.577593 -16.321221
3.717750 10.321013 -15.813143
4.049434 9.698603 -15.173127
3.140285 9.467682 -15.337903
3.515136 10.085940 -14.718006
2.734293 10.292265 -15.222728
2.008945 10.325871 -14.606474
1.191887 10.512841 -15.058679
0.680286 10.625772 -15.854003
-0.023259 10.784226 -16.476052
0.492747 9.998840 -16.321336
-0.021457 10.603025 -16.848201
0.132738 11.207740 -16.128775
0.913277 11.659656 -15.822901
0.378290 11.210879 -16.470526
0.918178 10.449929 -16.279458
1.425156 10.919628 -15.624183
0.726597 10.692224 -16.230263
0.809842 11.558528 -16.617069
0.941070 11.583200 -17.560043
0.527398 10.901619 -17.039127
0.485270 11.570770 -16.362746
0.999013 11.029448 -16.954410
0.386058 11.717677 -16.714293
-0.096644 11.747910 -15.893858
0.806435 11.835858 -16.183241
0.134703 11.469068 -16.750047
-0.440160 11.832881 -17.416532
-1.190749 12.075915 -16.883071
-0.582042 11.656337 -16.282689
-0.435766 12.320447 -15.615911
-1.295778 11.966153 -15.411254
-0.899544 11.225107 -14.963060
-0.173182 11.053391 -15.554618
-0.507006 11.533802 -16.306148
0.039480 10.804270 -16.030165
0.890780 10.894346 -16.447543
1.531299 10.476678 -17.015273
1.435717 9.569952 -17.290488
2.346672 9.351121 -17.119308
2.351366 9.647036 -16.214077
2.060355 8.764827 -16.423955
2.871277 8.552328 -15.971982
3.212165 7.769905 -16.394640
2.747718 7.852884 -17.221945
2.312530 8.380948 -17.884356
3.264696 8.400762 -17.888377
2.844511 7.551747 -17.986603
3.656351 7.185149 -17.649630
4.146137 7.302984 -16.841389
3.943711 7.869325 -16.102936
3.547849 8.461523 -15.470779
4.214873 7.835042 -15.734650
3.815637 8.698581 -15.690606
4.264995 9.301415 -16.275155
4.828114 8.712360 -16.768045
5.708581 8.460539 -16.506525
6.168949 8.782536 -17.275557
6.318583 8.212378 -16.527520
5.894590 9.061672 -16.450321
6.818606 8.886393 -16.600330
6.261734 9.297435 -17.254522
6.748357 8.571848 -16.875378
6.713789 8.065422 -17.681211
6.206283 7.726403 -18.412330
5.751127 7.249269 -19.099501
5.651835 6.303608 -19.153317
6.367343 6.656321 -18.633056
6.797305 7.413745 -19.018376
6.002254 6.901597 -18.906000
6.487412 7.063750 -19.709342
6.116859 7.779001 -20.217411
5.563177 7.847370 -19.445536
6.352826 8.154559 -19.010659
6.090683 8.958733 -19.448397
5.481942 9.603394 -19.796069
4.970795 9.103137 -19.167179
5.186673 9.097250 -18.239606
5.885499 9.735522 -18.133392
6.669651 10.094365 -18.537577
7.201251 9.313878 -18.414001
6.745674 9.751901 -17.701530
6.455368 10.281892 -18.437641
6.815235 9.866114 -17.660047
6.336759 9.282216 -17.079398
5.466602 9.659603 -17.165627
4.980851 10.208450 -16.557481
4.645522 9.344876 -16.778442
3.785046 9.409153 -16.375356
4.047056 8.714376 -16.971732
3.757936 9.107013 -17.789825
3.206934 9.849074 -18.019548
3.245559 10.478187 -17.305576
3.888348 10.960323 -16.794306
4.505092 10.257401 -16.974738
3.967432 11.015287 -16.766024
4.916107 10.932337 -16.778922
4.981067 10.441824 -17.592683
4.760528 10.754623 -16.720589
5.218049 11.248190 -16.046723
5.731332 12.001524 -16.322510
5.389076 11.162435 -16.029557
5.087370 10.280247 -15.835272
4.453622 10.917966 -16.149448
4.794145 10.550896 -15.339304
5.211507 9.918112 -14.762742
5.923187 9.482692 -15.222035
5.335778 9.938584 -14.626936
5.989408 9.405653 -15.069410
5.511423 8.587280 -14.975469
4.865813 8.576332 -14.275398
5.296120 8.953348 -15.036796
4.507746 9.401477 -15.327788
3.897738 10.071014 -15.033438
4.241757 9.462115 -14.386970
4.558023 10.047808 -13.705816
4.017884 9.437079 -14.198046
4.503552 8.618829 -14.157770
5.148750 8.230852 -14.741057
5.830996 8.496866 -15.349996
5.341216 9.034219 -15.965136
5.670383 9.792085 -15.491513
5.575567 10.354619 -14.728890
6.140919 10.432843 -15.491312
5.687178 11.266901 -15.417181
5.370158 10.726509 -16.134470
5.965788 11.316718 -15.682910
5.191622 10.762016 -15.684091
6.030107 11.087724 -15.996959
6.110761 10.337473 -15.415883
5.620038 9.732853 -14.867562
5.318515 8.981558 -14.365897
4.585163 8.885151 -14.965838
3.878163 8.527442 -14.437422
3.695310 7.640731 -14.732954
4.070966 8.203203 -14.062479
3.792280 8.902947 -13.479621
3.628823 8.240090 -14.143649
3.632270 8.298262 -13.193051
3.699945 8.934407 -13.898579
4.413798 9.373606 -13.446310
3.924228 10.041879 -13.916163
3.476756 9.590528 -13.206880
3.962451 10.105074 -13.844353
4.238535 9.297296 -13.422095
4.156965 8.439719 -13.828217
3.487054 8.682165 -14.460253
3.761787 8.413275 -15.331604
4.639577 8.132743 -15.572052
3.976848 7.690999 -15.049862
3.382507 6.981148 -14.826480
2.543931 7.420540 -14.930191
3.370182 7.101791 -15.280533
2.935305 6.337114 -14.915596
3.149845 6.973237 -15.591132
3.514452 7.493303 -16.300796
3.428054 6.721572 -15.749436
3.412157 7.442781 -15.127636
3.974633 8.144059 -14.813217
3.345375 8.837830 -14.985688
2.417930 8.630391 -14.923686
1.867942 7.894205 -15.173828
0.995682 7.784437 -15.540084
1.327715 8.408954 -16.177863
0.685367 7.714812 -16.065684
0.103477 7.790403 -16.815830
-0.413439 7.366971 -17.494456
0.082535 7.398634 -18.306883
0.806316 6.813130 -18.105996
1.253785 7.645524 -17.988009
0.751176 7.162446 -17.339125
0.039435 6.671521 -16.939818
0.038566 5.862635 -17.442543
-0.364345 5.865902 -16.579593
0.238175 6.495699 -16.195726
0.518586 7.335337 -16.547020
0.046424 6.877463 -15.858221
-0.795680 6.513652 -15.602227
-0.908975 7.368223 -15.197376
-1.341538 8.216696 -15.193924
-0.689518 8.906129 -15.275060
0.183135 8.762051 -14.921864
0.747390 9.150826 -15.583302
0.014576 9.525663 -15.104229
0.258539 10.443416 -15.031842
-0.119770 10.870819 -15.794232
-0.206133 11.679850 -16.289246
0.089989 11.602481 -17.191108
-0.387795 11.907779 -16.425898
-0.366766 11.417321 -17.242010
-0.661930 11.956416 -16.514491
-0.410010 12.666766 -15.932281
0.524109 12.696757 -15.749111
0.895077 11.830888 -15.889399
0.734593 10.893292 -15.936190
-0.071572 10.733319 -15.455010
0.542267 10.348197 -16.073000
-0.109754 9.962898 -15.495554
0.330577 10.428310 -14.790906
0.260383 11.343688 -14.537554
-0.198237 11.867987 -15.187021
-0.200212 11.709172 -14.247977
-0.375550 11.407520 -15.134144
-0.913569 12.113350 -15.479645
-1.525880 12.806066 -15.251067
-1.063097 12.217370 -14.662594
-0.949801 12.046379 -15.592624
-1.637225 12.244601 -14.963986
-2.021233 12.927255 -14.422184
-1.412080 12.243750 -14.159921
-1.781623 13.115426 -14.263107
-1.212598 13.257354 -15.013504
-2.017595 13.526355 -14.581478
-2.464529 13.139419 -13.834778
-2.073480 12.410419 -13.362899
-1.853561 11.783697 -14.045457
-2.787317 11.598839 -14.014550
-3.233644 11.908300 -14.796890
-2.802840 12.646436 -15.217119
-2.550309 11.865882 -14.733390
-3.083978 12.438136 -14.190481
-3.556030 11.800455 -13.663641
-4.205582 11.113463 -13.778328
-4.216313 10.413629 -14.424196
-3.778368 10.823996 -13.684716
-3.052610 10.329113 -14.052681
-3.436003 9.638685 -13.520375
-2.885434 10.007531 -12.836375
-3.272628 10.729165 -13.322540
-3.895102 10.161250 -13.766418
-4.257921 10.828623 -14.340880
-4.083284 10.156793 -14.992935
-4.839026 10.734266 -14.943846
-4.874064 11.145531 -15.802136
-5.705131 11.490681 -15.490322
-5.495881 10.608544 -15.782004
-6.371010 10.304890 -16.003297
-5.674973 10.210203 -16.646411
-5.813370 9.459280 -16.077210
-5.956168 10.358472 -15.797762
-5.866431 10.025745 -14.909917
-4.956488 10.083023 -15.185144
-4.051676 9.840526 -15.357020
-3.612607 10.566007 -14.923516
-3.429726 11.015321 -15.743089
-3.178870 10.109610 -15.897328
-3.570828 9.520320 -16.534616
-2.942091 10.232958 -16.596800
-2.373112 9.983540 -17.318661
-2.798993 9.341022 -16.759352
-3.013374 9.384629 -15.832439
-3.485532 9.102846 -15.054818
-3.367034 8.887361 -15.974901
-2.574831 8.730821 -16.479817
-2.203728 7.871655 -16.656302
-2.286613 8.154032 -15.750530
-1.396872 8.062218 -15.423483
-2.296336 8.114597 -15.732110
-1.850211 8.566506 -15.022334
-1.123570 8.764990 -14.439560
-0.432746 8.790693 -13.784479
0.159256 8.453596 -13.118951
-0.489053 8.536816 -13.811626
-0.646439 9.189618 -13.136268
-1.112483 8.371505 -13.279528
-1.064473 9.055794 -12.618867
-1.522962 9.344093 -13.402258
-0.887556 9.854192 -13.895296
-0.338363 10.430882 -14.417642
-1.111000 10.128147 -14.884988
-1.501051 9.491022 -14.294259
-2.388003 9.754413 -14.068488
-1.724726 9.711790 -13.386376
-1.310498 9.779629 -14.241270
-0.547304 9.875204 -13.679640
-1.054243 9.208945 -14.133668
-1.964642 8.967730 -14.275153
-1.066130 8.904352 -13.965819
-0.620055 8.448000 -13.258860
-0.978225 9.140403 -13.805964
-1.809307 8.778542 -14.098178
-1.931940 9.654424 -14.451479
-2.533581 9.470262 -15.166421
-2.964457 10.027062 -14.525056
-2.648115 9.454255 -13.833066
-2.051772 9.647575 -14.550026
-2.662186 9.224525 -15.146225
-3.243530 9.857897 -15.555989
-2.718804 10.652595 -15.568086
-1.828756 10.544649 -15.889322
-2.711210 10.686616 -15.560457
-3.050230 9.882070 -15.940982
-2.648132 10.475221 -15.313671
-2.139538 10.784567 -14.570256
-2.362366 11.615008 -14.160688
-1.757157 10.879941 -14.139975
-2.423121 10.291495 -14.482398
-2.275223 10.792722 -15.278594
-2.005038 11.542970 -14.757869
-2.451635 12.130318 -15.360033
-3.282743 11.801071 -15.031573
-3.855176 12.277030 -15.625554
-3.166258 12.901740 -15.420233
-3.102624 12.156392 -14.830794
-2.552215 12.712966 -15.373294
-1.690039 12.767448 -15.774186
-0.806829 13.116655 -15.703315
-0.395669 12.345746 -16.082360
-1.327113 12.419264 -15.897870
-0.980826 11.716901 -15.355837
-1.075011 12.409242 -16.003002
-1.331306 11.715899 -16.603517
-0.702890 11.714935 -17.319145
-0.786900 11.801668 -16.374450
-1.097103 10.940873 -16.638715
-1.603594 10.226881 -16.263602
-1.096844 9.577110 -15.786075
-1.724370 9.456637 -15.079869
-1.703291 8.790486 -14.399555
-2.281918 9.029765 -13.681944
-2.218183 8.298780 -14.289091
-1.551609 7.715990 -14.639897
-2.011331 8.265753 -14.012646
-2.651166 7.830336 -14.567671
-2.409387 6.965849 -14.249499
-2.945069 7.365714 -13.571131
-2.739624 7.867515 -12.788177
-2.950776 8.501348 -13.466927
-2.892995 7.696966 -13.973544
-2.091949 7.181920 -13.982512
-2.545204 7.721143 -14.623470
-3.443883 8.030124 -14.686214
-3.844525 8.568067 -15.362330
-4.337415 8.354680 -14.575848
-3.929684 8.976578 -13.980846
-3.412223 8.424356 -14.559045
-3.956501 7.875682 -15.115594
-3.321769 7.458799 -14.540830
-2.773344 8.022298 -14.003495
-2.229065 8.015890 -14.784999
-2.463967 7.787248 -15.679189
-3.198979 7.730705 -16.282171
-3.765753 8.370587 -15.862233
-3.335103 7.522956 -15.806630
-3.445662 7.966550 -14.971149
-3.540682 7.147664 -14.494255
-3.428480 7.234650 -13.552515
-2.730063 6.880299 -14.094438
-3.226345 6.335931 -14.698091
-3.820364 6.646303 -14.021452
-4.576671 7.067409 -14.418565
-3.931243 6.507465 -13.997953
-3.537571 5.641577 -13.950089
-2.788490 5.094606 -13.733925
-1.985432 5.364307 -14.169114
-1.397967 4.872336 -14.734692
-1.692147 5.435612 -15.444064
-2.073888 4.563093 -15.440093
-2.511944 5.237645 -15.950110
-2.809708 4.512529 -16.491010
-2.907527 3.574115 -16.620783
-3.140993 4.246903 -15.988422
-2.969016 4.761970 -15.206016
-3.008650 5.416115 -14.514965
-3.699268 4.877127 -14.888553
-2.878830 4.535838 -15.231240
-2.563426 4.113795 -14.437874
-2.765221 5.023732 -14.633637
-2.105866 5.414941 -15.198647
-2.504757 6.277451 -15.261819
-1.905923 6.779916 -14.717801
-1.545723 7.592824 -14.376527
-1.963515 8.155745 -13.731858
-1.843609 7.685112 -14.551100
-1.149758 7.206923 -14.107326
-0.690301 7.890838 -13.629636
-0.743142 8.480412 -14.375719
-0.569080 9.266558 -13.867086
0.140926 8.920731 -13.334804
-0.472327 8.966552 -12.607582
-0.276191 8.035233 -12.572880
0.206488 8.725531 -12.128426
0.468683 9.640479 -12.162392
-0.222782 10.072068 -12.654974
0.170911 10.855514 -13.026791
0.687395 11.655658 -13.020220
-0.207295 11.344891 -13.120140
0.283970 10.542547 -12.972049
0.898701 10.657112 -13.690387
0.561527 10.123930 -14.403870
1.115710 10.294233 -13.648286
0.466290 10.970591 -13.481490
0.710749 11.865512 -13.696865
0.924278 11.132829 -14.266610
0.124807 11.562511 -14.555137
-0.107387 12.480888 -14.456651
0.343109 11.859440 -13.892838
-0.129860 11.378341 -14.565053
-0.496260 10.758458 -15.188372
-1.068162 11.437084 -14.842791
-0.435999 11.756441 -14.206073
-0.745804 11.767612 -15.106587
-1.316597 12.437348 -15.470839
-1.998033 13.063903 -15.694675
-2.309094 13.055160 -14.794567
-2.800339 13.535739 -15.453925
-2.594020 12.939843 -16.167626
-1.992604 12.291612 -16.521357
-2.345413 13.171202 -16.615574
-1.670937 13.841103 -16.557749
-1.455143 14.527933 -17.181228
-2.228200 14.803940 -16.698287
-2.004351 15.591424 -17.184898
-2.284560 15.249571 -16.341305
-1.607532 15.035314 -16.975936
-2.312874 15.207510 -16.359600
-1.571170 15.479980 -16.891261
-0.932887 14.797791 -17.076309
-0.675033 14.871335 -16.162452
-1.408370 14.266050 -16.108820
-2.111258 14.228048 -15.467310
-1.475203 13.531268 -15.597544
-1.956350 12.962894 -15.003846
-2.586479 13.638275 -15.235853
-3.113342 12.935627 -15.604269
-3.414876 12.181069 -16.101006
-3.350675 11.401150 -16.643810
-3.782461 12.190898 -16.955080
-4.404739 12.739774 -16.487603
-4.032337 11.884040 -16.297695
-4.602956 11.405332 -15.704178
-5.183728 11.789908 -16.353667
-4.772455 11.300234 -17.059432
-5.336267 11.676588 -17.728390
-4.629238 11.487370 -17.119016
-3.830686 11.458015 -17.637169
-3.061409 11.788226 -18.091266
-3.237385 11.149795 -18.775713
-3.394910 10.398919 -19.339983
-4.170521 10.949241 -19.288965
-3.366898 11.369507 -18.998111
-3.698238 10.585273 -19.424986
-3.261286 9.934803 -18.883700
-3.831262 10.696693 -18.924693
-4.542441 10.483544 -18.328185
-5.258715 11.088930 -18.162390
-6.088548 10.627801 -18.238341
-5.293822 11.133688 -18.378051
-5.031352 11.943877 -18.804350
-4.570834 11.138396 -18.589519
-4.288209 10.377338 -18.091582
-3.344550 10.505813 -18.097392
-3.074174 10.463242 -17.185190
-3.599448 9.959679 -16.570746
-2.738008 9.974271 -16.164867
-3.117134 9.265499 -15.654050
-3.929344 8.904165 -15.312315
-4.720306 8.495132 -14.974526
-4.108786 7.765224 -14.957018
-4.485812 7.310454 -14.209981
-3.910991 7.497017 -13.473907
-4.214570 8.394405 -13.376108
-3.773254 8.248597 -14.207377
-3.011033 8.779636 -13.997504
-3.622296 8.310139 -13.438075
-4.533778 8.079764 -13.590249
-3.860064 8.637682 -13.213599
-3.052217 9.004791 -12.867702
-2.694467 9.128518 -13.741622
-2.680758 10.058820 -13.538200
-3.447152 10.606014 -13.680497
-3.907501 10.933380 -14.447270
-3.514742 10.097913 -14.213250
-4.332655 9.879076 -14.649320
-4.756446 10.002888 -15.493182
-5.310844 10.520305 -16.069333
-4.938324 9.784130 -15.593617
-4.795582 9.172110 -14.878016
-5.332695 9.700550 -14.295530
-4.535238 9.827279 -13.790523
-5.167550 9.684347 -14.488220
-4.232175 9.826747 -14.379477
-3.878323 9.099789 -13.876138
-3.790665 9.822712 -13.262357
-3.234722 9.418761 -12.602979
-3.948601 9.353166 -13.229958
-3.378531 9.318431 -13.992089
-3.986881 9.509841 -13.284769
-3.271816 8.896045 -13.422480
-2.855823 8.295354 -14.033341
-2.913566 7.394700 -14.337510
-3.272673 6.830315 -15.015404
-4.035419 6.741028 -15.578676
-4.907568 6.377193 -15.697043
-5.129539 7.282321 -15.500822
-4.581692 7.043044 -16.242199
-4.965572 7.723869 -16.786389
-5.294176 6.893191 -17.116578
-5.891232 7.513775 -17.523309
-5.778756 7.124795 -18.385326
-6.581984 6.890539 -17.930375
-6.456022 7.733445 -18.355433
-5.536915 7.554382 -18.181623
-5.186127 8.179256 -17.554320
-4.828411 8.878373 -18.093118
-5.235258 8.346629 -18.770431
-5.972719 7.793813 -19.010382
-6.158658 7.357860 -18.184306
-6.079250 7.950561 -17.443071
-6.582678 8.639626 -17.020248
-5.872866 8.148290 -16.618021
-6.072472 9.048125 -16.378260
-5.572409 9.838348 -16.558575
-4.626160 9.773284 -16.472505
-4.196323 9.205525 -17.104897
-4.385521 8.787178 -16.270499
-5.259731 8.429655 -16.148176
-4.939896 8.093986 -16.980078
-5.272130 7.955196 -17.861774
-5.982030 7.586682 -17.344793
-6.566269 6.837154 -17.407257
-5.880757 6.198663 -17.578812
-6.183910 6.712283 -18.321323
-5.395438 6.864010 -17.809151
-4.851526 6.237983 -17.340878
-4.848332 7.046028 -16.836811
-4.525794 6.349090 -16.273538
-4.029002 5.697050 -16.758380
-4.778338 5.893431 -16.204341
-4.031446 5.903060 -16.795178
-3.866735 6.811938 -16.563144
-3.637571 5.942534 -16.249058
-3.313221 5.398054 -16.959950
-4.056735 5.982012 -16.845024
-3.482982 6.588242 -16.386416
-3.562352 7.198218 -17.113506
-2.834074 6.591358 -17.204945
-2.936069 6.896865 -16.308678
-2.469025 7.491572 -15.729695
-2.481669 6.584404 -15.440013
-3.236763 6.051114 -15.210962
-3.154865 5.448185 -15.943628
-2.781209 4.673853 -16.353288
-3.484116 4.136502 -16.000862
-3.681241 4.655625 -15.227115
-2.959770 4.121350 -15.545014
-2.390048 3.368729 -15.418495
-1.717522 3.604376 -16.050325
-2.128726 4.267162 -15.503830
-2.513668 3.608576 -16.074018
-2.162468 4.278974 -16.652165
-1.440606 3.903908 -16.156917
-0.510746 3.968789 -16.352311
-1.216110 4.429859 -16.796051
-1.421916 3.881146 -16.045329
-0.590464 3.432169 -16.164225
-0.997570 4.119633 -16.682574
-0.717206 4.920837 -16.250720
-0.557139 5.821788 -15.986720
-1.279425 5.227694 -15.806760
-1.228486 4.311945 -15.550171
-1.627705 4.500646 -16.393999
-1.466877 3.954256 -17.157296
-2.124363 3.309892 -16.913292
-2.115770 4.020409 -17.547424
-1.246601 4.349287 -17.755787
-1.612916 5.129810 -18.160294
-2.390523 4.850550 -17.686615
-1.693926 5.364518 -17.289602
-1.245543 4.690348 -16.788128
-0.702462 4.983930 -17.513318
-0.553390 5.647273 -16.846398
0.266625 6.099412 -16.672690
0.813201 5.545790 -17.222041
0.689735 4.877792 -17.889547
0.093522 4.747943 -17.158316
0.382022 5.387943 -17.801898
0.946754 4.799262 -17.310410
1.301619 4.084708 -16.790302
1.889609 3.486516 -16.339231
1.767565 2.771772 -16.956707
0.856634 2.800607 -17.233117
0.060465 2.340759 -16.984754
0.111488 2.787494 -16.145199
-0.663008 3.337687 -16.078307
-1.147023 3.085786 -16.858887
-1.633006 2.677964 -17.569190
-1.054134 3.390604 -17.822332
-0.385148 2.949113 -17.307966
0.336394 2.374318 -17.071288
0.762034 3.225807 -17.100025
1.560152 3.740287 -17.173161
0.634147 3.637362 -16.975802
1.209969 4.240493 -17.435902
1.908690 4.659745 -16.942907
1.704965 3.730434 -16.986573
2.225509 3.157036 -17.540900
1.376880 3.563486 -17.688063
1.357310 2.710402 -17.265105
0.655279 2.895547 -16.648741
1.423134 2.353433 -16.802170
0.529706 2.466950 -17.111893
-0.129082 2.563226 -17.792891
0.234971 3.374124 -18.134855
0.459606 2.566922 -18.587618
1.274938 3.051610 -18.501947
1.888762 3.502148 -19.074019
2.437747 3.345801 -18.311654
1.918952 3.969256 -18.810838
2.208260 4.725164 -18.308907
2.553155 4.072671 -18.910845
2.324774 4.974719 -18.707913
3.180828 5.203159 -19.057222
2.868139 4.349450 -19.340838
2.384438 4.960284 -18.793165
1.761824 4.462293 -18.272217
1.244861 5.126045 -17.825886
0.568526 5.745028 -17.568084
0.576000 5.581002 -18.506204
0.463213 4.897213 -17.852949
0.334292 4.852766 -18.795516
0.679300 5.724347 -18.963879
0.648007 5.725370 -19.915745
0.307560 5.787683 -20.803012
0.160607 6.066545 -19.904308
0.478702 5.288885 -19.455877
0.971615 6.072984 -19.677810
0.751370 6.587661 -20.448284
0.806092 7.326622 -21.046592
0.690950 7.515243 -21.972979
0.225855 8.191850 -21.490362
-0.429032 8.588031 -20.923623
-0.974270 9.359647 -21.043439
-1.803954 9.280823 -21.504350
-1.521900 9.973755 -20.915012
-0.785927 9.370606 -20.954805
-0.942853 9.421489 -20.016820
-1.128411 9.764009 -19.147753
-1.709391 9.148453 -18.711195
-0.843490 9.362988 -19.044689
-0.859289 9.079788 -19.953851
-1.733717 8.702538 -19.963258
-1.186607 9.281253 -20.485550
-1.407372 9.005865 -21.370114
-0.606237 9.497152 -21.215681
-0.512648 10.392838 -20.905815
-0.893110 11.069833 -20.354494
-0.733030 10.196268 -20.698423
-0.381513 10.929479 -21.194273
-0.748507 11.695532 -20.763567
-1.469819 12.223607 -21.092010
-0.774346 11.995772 -21.701468
-1.507208 12.576773 -21.881414
-2.247104 12.088310 -21.533584
-2.660962 12.075085 -22.391241
-3.493970 12.440720 -22.109395
-2.755593 12.667479 -21.552250
-3.273597 12.184919 -22.189305
-2.773109 12.178614 -21.379057
-2.194277 12.354710 -22.114567
-2.653526 12.811499 -21.416380
-2.684468 12.134112 -22.085125
-3.360431 12.594246 -21.596882
-2.948553 13.270013 -21.067048
-3.516598 13.712049 -21.690714
-4.065917 12.945241 -21.822186
-3.925018 13.693388 -21.249950
-3.326561 14.188719 -20.699019
-4.260392 14.057747 -20.565472
-3.466457 13.929254 -20.055388
-2.771726 13.942417 -20.706698
-1.982755 14.192893 -21.177672
-1.319110 14.013842 -21.836872
-0.564887 14.278619 -21.319119
-1.116221 13.558172 -21.029264
-0.975209 12.656807 -21.302548
-1.469233 11.930131 -20.935244
-0.996215 11.104516 -20.894719
-1.110121 11.776795 -20.229816
-1.490841 11.800127 -19.357155
-2.369182 11.624471 -19.680714
-2.948670 11.138529 -20.259579
-2.265295 11.054283 -20.917553
-2.207504 10.422278 -21.627667
-1.827263 9.880065 -22.312101
-1.029355 9.393638 -22.128357
-1.502892 8.879705 -22.775401
-2.183730 9.539705 -22.686575
-1.701425 10.169215 -23.213953
-1.078635 10.889449 -23.193303
-0.671443 10.128947 -22.789744
0.099363 10.509214 -22.379518
0.554788 9.822532 -21.901934
1.127270 10.091589 -21.189965
1.836907 10.015226 -21.820531
2.284422 9.256784 -21.457867
2.343921 10.186509 -21.260124
2.881311 9.989024 -22.021202
3.732170 9.780133 -21.647795
3.603040 9.214899 -22.403350
3.069022 9.551825 -23.116327
3.952850 9.878361 -22.977585
3.784749 10.603342 -23.571870
3.218685 10.049028 -24.100392
2.756864 9.543751 -23.438239
2.429108 9.761644 -22.570986
1.971650 9.017013 -22.949519
1.754011 9.943983 -22.929768
1.846036 9.359768 -22.183273
1.554976 9.306238 -23.088507
0.737863 9.167117 -23.557550
0.046112 8.713497 -24.029503
0.517310 8.271420 -23.329810
0.554472 7.326077 -23.220375
0.894101 7.998578 -22.637773
0.495061 8.045128 -23.501272
0.068069 7.458352 -22.884504
0.695752 8.171464 -22.817303
0.598988 9.116881 -22.879369
0.552989 8.170313 -22.784907
-0.139773 8.180481 -22.131449
-0.306379 8.780278 -22.852223
-0.655578 8.291068 -23.590980
-0.224243 7.690264 -22.990968
-0.380492 8.607234 -23.195368
-1.064299 8.798985 -23.829931
-0.452355 8.227694 -23.375859
-0.835952 9.054876 -23.100809
-1.365186 8.492711 -22.543212
-1.773451 8.784729 -21.733846
-1.199434 8.140192 -21.331222
-0.828931 7.462210 -21.888086
-1.231624 7.798740 -22.682828
-0.378581 8.063444 -23.013405
-0.294074 7.848754 -23.937415
0.459516 7.566974 -23.427776
0.807636 8.175425 -24.072470
0.309645 8.848533 -23.618643
0.365755 8.171603 -24.286210
0.664664 7.384282 -23.841454
1.414077 7.381013 -24.429161
2.006328 6.644386 -24.545984
1.879450 7.567162 -24.744518
1.861664 7.195110 -25.621041
1.768084 6.551548 -24.925268
2.413817 6.708328 -24.243009
2.527008 7.619324 -23.989428
2.063942 8.449750 -23.934746
2.340358 9.034885 -24.633489
1.515297 9.449252 -24.399816
1.012589 10.002096 -23.809328
1.424483 9.143586 -23.827523
1.799989 9.835608 -24.363369
2.002813 10.600273 -23.833107
2.638861 10.782084 -23.147966
2.149142 10.200001 -22.574918
1.479246 10.874863 -22.628110
0.842715 11.134806 -23.287115
1.527246 11.610851 -22.826868
2.018759 11.069456 -22.216675
1.716481 10.529432 -21.492774
1.755779 10.759645 -20.569472
1.388121 10.266027 -21.296245
2.102211 10.338433 -21.922233
2.008042 11.260570 -21.703547
2.626590 10.561286 -21.515321
2.329240 9.760629 -21.936701
1.966742 9.356293 -22.719094
1.230827 9.233571 -23.311038
1.826877 9.959729 -23.154679
1.177359 9.746708 -22.491522
1.438213 10.599235 -22.826456
1.315367 10.079170 -23.614790
0.596960 9.509102 -23.357992
1.103790 9.014141 -22.721465
0.490000 8.808894 -23.420151
0.572628 9.370453 -22.655394
0.670430 10.301621 -22.481064
1.358607 10.956214 -22.410714
1.934235 10.503650 -23.019703
1.287316 10.703590 -22.349964
0.465073 10.437397 -22.750072
0.314830 9.535670 -23.017176
0.880999 8.986756 -23.551196
0.807770 9.118236 -24.491610
0.242374 8.765799 -25.172158
1.097969 8.728578 -24.755503
1.720648 9.433443 -24.905389
1.206352 10.234998 -24.899143
1.661624 11.052627 -25.075896
1.412505 11.690852 -24.414355
2.204751 11.877199 -24.908976
2.145915 10.984648 -24.581991
1.464253 10.423441 -24.938942
1.351429 9.519934 -24.659700
1.804250 10.177127 -24.140006
2.049171 9.258941 -24.076930
2.792536 9.471045 -24.633212
2.230722 10.070531 -24.151537
2.517960 9.355189 -24.710830
2.871170 8.702769 -24.113653
2.592553 8.413827 -24.977317
2.923870 9.305821 -25.017378
2.086804 8.950644 -24.734185
1.570917 8.154449 -24.650730
1.228016 9.019582 -24.853197
1.436946 8.298533 -24.267137
1.234124 8.994765 -24.884514
0.668128 9.748996 -25.017974
-0.034607 9.482800 -24.432882
0.093647 8.550693 -24.580388
0.848443 8.740266 -25.129365
1.538769 8.276630 -24.665121
1.189413 8.407079 -25.541457
1.752234 7.639770 -25.580176
1.954330 8.541969 -25.351649
1.804506 9.340722 -24.855086
2.259227 8.838526 -24.185714
2.876889 8.554413 -23.518778
3.686139 8.063912 -23.626253
3.918792 8.504318 -22.814499
4.309977 8.129961 -22.031007
3.799548 8.783697 -22.499109
3.250723 9.307247 -21.923160
3.994687 9.423471 -21.340031
4.278670 9.036724 -20.517348
4.208028 9.712671 -21.184531
3.667013 9.381129 -20.474311
3.771195 10.001542 -21.189337
3.691873 10.517318 -21.986027
3.058906 11.191607 -22.213438
2.545405 11.478945 -21.464584
1.640320 11.295325 -21.231913
2.348350 11.922398 -21.343728
1.738692 12.437850 -21.863013
2.092514 11.903426 -22.567450
1.547198 12.449290 -22.009156
0.721881 12.924552 -22.011761
1.323430 12.585285 -21.355967
2.035628 12.037767 -21.672237
2.972427 12.207932 -21.694175
2.545153 12.574920 -22.462150
1.914760 13.286004 -22.398957
1.638381 13.540583 -23.274076
1.257054 14.172414 -22.672073
0.581516 13.738369 -22.159939
0.157641 13.096764 -21.598066
1.037187 13.163195 -21.238878
1.698010 12.760428 -20.683791
2.598367 12.455278 -20.626603
2.048346 13.189979 -20.881006
1.152166 12.935958 -21.079410
1.976277 13.253653 -21.435696
2.132264 12.314240 -21.421557
2.128086 13.067225 -22.004674
1.433274 13.714972 -22.073151
2.164225 14.126134 -22.524469
2.901190 14.310824 -21.950185
3.685297 13.944542 -21.552638
3.050154 14.449143 -21.053638
3.469069 14.115008 -21.840971
4.248677 13.941038 -21.322345
4.587578 13.450801 -20.579483
5.199561 12.975134 -21.132879
4.408440 13.285468 -21.562822
3.592944 13.406016 -21.085890
3.054458 14.157012 -20.855528
3.804522 14.742731 -20.892488
4.084652 13.958490 -21.354570
3.268016 13.971769 -21.844426
3.966401 13.445978 -21.466493
4.839890 13.070230 -21.519977
4.240544 12.985096 -22.255210
3.745608 13.422255 -21.568946
4.616890 13.777426 -21.716423
4.721497 13.370851 -20.861564
4.488908 14.259890 -21.111644
3.607467 13.942414 -21.282817
3.286449 13.315925 -21.924290
2.596078 13.874260 -22.268790
2.296648 13.171488 -21.700034
2.203026 13.700678 -22.486306
1.879515 14.040158 -21.657376
1.256478 14.726177 -21.876990
1.716614 14.773419 -22.709501
0.821705 14.493950 -22.877027
0.540296 14.068564 -23.681318
0.558094 14.852112 -23.140240
0.947610 15.056602 -22.295556
0.881427 14.438129 -21.574349
1.068590 15.162966 -22.163085
1.907164 14.984778 -21.748270
1.463790 14.420663 -22.374548
1.809923 13.763434 -21.778500
2.232174 13.018880 -22.196079
1.540126 13.670424 -22.255989
1.998210 13.530698 -23.079192
1.806150 12.823989 -23.688047
1.232951 12.157774 -24.054968
0.625921 11.498762 -23.732094
1.286685 11.282448 -23.081227
1.582837 10.837878 -23.869693
1.541527 11.676429 -24.319310
1.426920 11.866325 -23.393116
1.880968 11.065723 -23.148355
1.506799 10.226540 -22.897760
0.744627 10.782641 -23.027662
1.432507 10.950615 -22.390766
1.602166 10.355989 -23.115104
2.231928 10.743923 -22.515155
2.126010 10.078325 -21.842259
1.439448 9.462397 -22.079523
