15.619048 15.000028 -5.000000
14.897569 15.391645 -5.482839
14.203789 15.182598 -4.864778
13.335430 15.522960 -5.057491
13.817386 16.295336 -4.777878
13.253315 16.109253 -5.522342
13.847777 15.370852 -5.430646
14.200724 14.907932 -6.184412
13.958267 14.202098 -5.592769
14.338486 13.407550 -5.954921
13.834990 14.093126 -6.383299
13.488114 13.322092 -6.821721
14.196704 12.845468 -7.243335
13.653975 12.654687 -8.002333
13.135995 13.246057 -8.539928
13.876460 13.768533 -8.832776
13.361949 14.485128 -8.473888
13.236884 14.074876 -7.623545
13.649486 14.608150 -6.950932
13.056294 14.847127 -7.656654
12.836038 15.438285 -6.943177
13.056109 16.157702 -7.527161
12.408180 15.920570 -6.870664
11.648919 16.294088 -7.307742
11.646115 17.048759 -7.888684
12.106032 17.759079 -8.325663
11.908060 17.206971 -9.076005
11.548383 17.921951 -9.592208
11.014449 17.146436 -9.448957
10.429766 17.728393 -9.924878
11.014150 17.101681 -9.509239
11.497748 17.791674 -9.953166
11.360387 16.880792 -9.711390
10.619443 17.040039 -9.134614
10.827410 16.543975 -8.348675
10.816464 17.302592 -7.772994
10.326566 17.570049 -8.544680
10.257757 16.803163 -9.105198
9.671781 16.150114 -8.734808
10.120922 15.411792 -9.135036
10.493320 15.747360 -8.325256
10.377589 15.174582 -7.573218
10.854937 15.782890 -7.017225
10.466423 15.055385 -6.540967
9.771385 14.867826 -5.917450
10.319844 15.481804 -5.438646
10.859255 14.760016 -5.747008
11.251322 14.049573 -6.245590
10.672554 14.709369 -5.875823
10.004600 14.132122 -5.518538
9.447823 14.382929 -4.787699
10.379364 14.342025 -4.981576
10.649087 13.531594 -4.560292
11.480204 13.604080 -4.100923
10.751752 13.806979 -3.521940
11.148373 12.995470 -3.823893
11.661833 12.297033 -4.218322
11.050673 12.838742 -4.708286
11.189365 11.972777 -4.336938
11.470410 11.062810 -4.335516
12.207201 11.464570 -3.885230
12.369268 10.934121 -4.659431
11.979856 10.689419 -5.493404
11.199481 10.945210 -5.011102
11.938123 10.476219 -5.387249
11.622020 10.968496 -6.138762
12.102120 10.525718 -5.445595
12.953017 10.939821 -5.552939
13.735493 11.437463 -5.335883
13.199535 12.032099 -5.851815
13.862286 11.920762 -6.526645
13.862442 12.652766 -7.135906
13.870697 11.791070 -7.541421
13.640673 12.509129 -6.959604
12.963703 13.057294 -6.574565
13.690220 13.667294 -6.490286
13.567454 14.284454 -7.205179
12.662844 13.988116 -7.175298
12.333857 13.154146 -7.496687
11.841242 13.703326 -8.098982
12.375502 14.185073 -8.723093
12.266718 14.987936 -9.223700
11.798309 15.786564 -9.000505
12.405377 15.053420 -9.032084
13.019481 14.659534 -8.419907
12.923108 15.237377 -9.170799
13.062782 15.264074 -8.229094
13.594910 15.845568 -7.694553
13.842488 15.114113 -8.251968
13.748075 15.450379 -9.137993
13.007971 15.115105 -9.634849
12.156752 14.694148 -9.562381
12.845504 15.199821 -9.983030
12.008718 15.510641 -10.315010
12.412683 15.045563 -9.588689
12.815542 14.891618 -8.739550
13.098168 15.738808 -9.070340
13.084595 15.920843 -8.135616
12.496838 16.648952 -8.312891
12.180747 15.880219 -7.847958
11.574690 16.479434 -7.422910
12.196966 15.993563 -7.955574
11.960353 16.311206 -8.821684
11.172464 16.584788 -8.361888
10.934426 15.702631 -8.630528
10.976258 16.527796 -8.156838
11.808130 16.145643 -8.419470
12.366211 16.580390 -9.057098
13.072803 16.042382 -8.713144
12.411215 15.392578 -8.930136
13.033591 16.112568 -8.894175
13.590276 16.754352 -8.463776
13.942435 15.870919 -8.514365
13.262054 16.204443 -9.091316
12.627924 15.711847 -9.603427
12.139555 16.310742 -9.046786
12.764451 15.608128 -9.198003
12.483654 15.598050 -8.288013
11.832853 15.646795 -7.594390
11.077112 15.799156 -8.153561
10.294677 15.396951 -8.518329
11.046955 15.895448 -8.214011
11.595870 16.485832 -7.706895
11.604486 16.073701 -8.565442
11.579680 15.827417 -7.645790
11.601260 16.723166 -7.968589
11.158775 17.558771 -7.854571
10.957761 18.400598 -7.457141
11.012514 18.410677 -6.506389
10.956940 17.643243 -5.945152
10.453903 17.928710 -5.188521
11.132908 17.476288 -4.697303
11.105582 16.561743 -4.961674
10.526569 15.961190 -4.502209
9.888700 16.542692 -4.099707
9.216956 15.901016 -4.309569
8.927829 15.027596 -4.555682
8.449747 14.574002 -5.243228
8.055916 14.334571 -4.409801
8.793746 13.865971 -4.788023
8.264064 14.341006 -4.154928
9.001490 14.932307 -4.271530
9.004210 15.068232 -5.214158
8.741656 15.730494 -5.846222
8.141317 16.273807 -5.344790
7.429602 15.670125 -5.534682
8.017475 16.159650 -6.101955
8.559558 15.691036 -6.729311
7.889533 15.988970 -6.121586
7.617646 15.273136 -5.555290
6.793079 15.371989 -6.021496
6.846421 15.420778 -6.971130
6.787455 15.165208 -6.055577
7.221770 14.623444 -6.707413
7.731629 14.125153 -7.338905
7.030483 14.574488 -7.800991
6.163453 14.550832 -7.407635
5.633511 14.873582 -6.685123
5.297044 14.207316 -6.093592
4.792378 14.637961 -6.776883
4.164617 14.162991 -7.312932
4.325605 15.100390 -7.263976
3.761649 14.812860 -6.552422
3.808032 13.974442 -6.103052
3.434157 13.133542 -6.348272
3.019330 13.320938 -7.184831
2.298344 13.192344 -7.793659
2.400537 14.008421 -7.313446
1.746565 13.976440 -8.005057
2.458498 14.201031 -7.413670
2.521485 13.560275 -6.711890
3.282501 13.560719 -7.284502
4.043073 13.341535 -7.814141
4.625787 14.084476 -7.689588
4.697291 13.956267 -8.630587
5.325646 13.264445 -8.447330
5.392773 12.825526 -7.604790
5.427470 13.353687 -6.813038
4.916804 12.585066 -7.048564
4.585937 13.050261 -7.810896
4.183622 12.730771 -7.008962
3.547066 13.150895 -6.438592
4.217985 13.539414 -5.885465
4.442483 12.953531 -6.601964
4.342950 13.675010 -5.988294
3.455622 13.840052 -6.292333
2.535284 13.728475 -6.510408
2.459721 13.295276 -7.355190
1.683142 13.785410 -7.607627
2.309890 13.880017 -8.318448
2.785211 13.133159 -8.669590
2.980712 12.629891 -7.885032
2.704877 12.189225 -8.683003
3.425191 12.677990 -9.069378
4.062308 13.322667 -9.361787
3.530408 12.623173 -8.994608
2.914178 13.348970 -9.017178
3.533545 14.056321 -9.169066
2.864856 14.722080 -9.040034
2.698970 13.884825 -9.462545
3.429452 14.196302 -9.988290
3.730781 14.797071 -9.313526
2.901877 14.582886 -9.730745
2.769612 13.745699 -9.296402
3.233090 14.374606 -8.751705
2.532769 13.732790 -8.683487
3.234234 13.232345 -9.089109
3.930550 13.734457 -8.676730
3.665221 14.527819 -9.131928
4.267785 14.445159 -9.864808
3.589121 14.980201 -10.265027
3.565458 15.583470 -9.528456
4.298143 15.064402 -9.845902
3.768799 15.403950 -9.130688
3.666830 15.939116 -8.349515
3.836511 16.596844 -9.017072
4.292610 15.831171 -9.352857
3.884890 15.013128 -9.620435
3.728590 15.191621 -10.542790
3.286314 14.390258 -10.279654
4.056395 14.950619 -10.278437
4.899998 15.335353 -10.496021
4.626294 16.053799 -9.933926
4.987384 16.616731 -10.611975
5.080760 15.909538 -11.242996
4.786891 16.468078 -10.529762
5.076630 16.279729 -11.417233
5.738455 16.960884 -11.346213
6.389668 17.634354 -11.174775
5.561143 17.827072 -10.746480
5.011419 18.566490 -10.505449
4.515874 18.951730 -9.789170
5.250449 18.616268 -10.294042
5.445293 17.892236 -10.881275
4.845450 17.348342 -10.379880
4.862174 17.912939 -9.613081
4.443358 18.489194 -8.980980
3.691911 17.905064 -9.014870
3.809063 17.835846 -9.957481
3.710572 18.309830 -9.137318
4.639274 18.184405 -8.967581
4.081458 17.565837 -9.429365
4.748783 16.931173 -9.186655
4.233887 16.360697 -8.624100
4.744890 15.579732 -8.813829
5.244123 15.999002 -9.508097
6.140340 15.746964 -9.307348
5.362737 15.804518 -8.760493
4.584575 15.654740 -9.288755
4.634241 16.576419 -9.054086
3.907563 17.163799 -8.869821
4.334493 18.006985 -8.752356
4.774319 18.388942 -7.998903
3.822140 18.379692 -8.016198
4.449927 18.836680 -7.464767
4.557803 19.768267 -7.630715
4.243045 19.206035 -6.929392
4.589330 18.845852 -7.740184
3.685133 18.694607 -7.998217
4.335519 18.006730 -8.102392
5.114364 18.499101 -7.861557
4.864391 18.604055 -6.948579
4.607113 17.756214 -7.297867
4.541199 18.224720 -8.124418
4.539731 17.499066 -8.741228
4.824864 16.871972 -8.083593
4.185668 17.527605 -7.821670
4.446474 18.179182 -8.465453
5.026496 18.915085 -8.295011
5.400814 18.467387 -9.047661
4.755639 18.612443 -9.733034
4.564024 17.691685 -9.582973
4.382276 18.324606 -10.271020
4.164478 17.530157 -9.793060
4.644250 17.022084 -10.440137
5.157124 17.037361 -9.637792
5.823370 17.503865 -10.133293
5.273492 16.954013 -9.583450
4.742584 17.568533 -9.085927
4.273677 16.931256 -9.616052
3.977589 16.391293 -8.889553
4.356259 15.834299 -9.562900
4.622330 16.580870 -9.034821
3.902193 16.556768 -9.657599
3.362908 16.702304 -8.886225
2.519149 16.610423 -8.454185
3.020327 17.101204 -7.809991
3.452751 17.731232 -8.378412
2.941141 17.013292 -8.018070
2.105525 16.949914 -7.565569
2.884754 17.496782 -7.537890
2.723643 18.316336 -7.995496
2.265795 18.717530 -7.263070
2.204186 17.890609 -7.731509
2.953800 18.218110 -8.219209
3.575883 18.746219 -8.710271
3.291342 18.152882 -8.021783
2.442417 17.804042 -7.767485
1.926961 17.144226 -8.221330
2.053219 17.931356 -7.700261
2.813897 17.536436 -8.115516
3.392494 17.035468 -7.548695
3.360120 17.697718 -6.865025
3.489470 18.638533 -6.793159
3.608950 18.890970 -5.882649
3.238689 19.055252 -6.744592
3.156327 19.571611 -7.540594
3.875704 19.861242 -8.093441
4.347373 19.185686 -8.571126
4.581183 18.303139 -8.842187
4.794370 18.824446 -8.074190
5.521127 19.140820 -7.546211
6.181994 19.819368 -7.446932
5.784025 20.324426 -6.744390
6.533957 20.179567 -6.175490
6.944322 20.974367 -5.848499
6.707714 20.306481 -5.212123
6.443914 20.916906 -5.893900
6.777102 20.050089 -5.682610
7.301468 19.397594 -6.136836
7.015796 19.915424 -6.883345
6.196810 20.400370 -6.916755
7.000950 19.895269 -6.989285
7.079272 18.948106 -6.927813
6.473527 19.500295 -6.442851
5.805870 20.064244 -6.821306
5.177576 20.735420 -7.069899
4.816125 21.208521 -6.326557
5.515271 20.629472 -6.614527
5.083699 19.951663 -6.103303
4.391512 19.561551 -5.578212
3.581061 19.062203 -5.607336
3.641333 19.860272 -5.091116
3.158091 19.104117 -5.410076
3.368884 19.444006 -6.274410
3.306661 19.956317 -5.473976
3.332336 19.051618 -5.177515
3.019668 19.524796 -5.942610
3.592980 18.897673 -5.512426
3.272570 18.660883 -6.377467
3.424101 17.941584 -5.771929
2.605410 18.262056 -5.405770
2.270174 17.645726 -4.761734
2.802382 18.267646 -5.248560
3.665559 18.660153 -5.337403
3.695364 18.599470 -4.387425
4.549455 18.877917 -4.071159
3.611897 18.743539 -4.170943
4.052013 19.172130 -4.898705
3.163900 19.471657 -5.067725
2.418943 18.906216 -4.887876
3.010245 19.616214 -4.657019
2.532576 19.007936 -4.101267
2.213267 18.254557 -4.588597
1.992680 17.701940 -3.844968
1.794657 16.896953 -4.313810
1.925216 17.659222 -3.757995
2.469550 17.981161 -3.045896
3.313128 18.075523 -3.477756
2.798990 17.310919 -3.236772
3.662154 17.444797 -2.857227
3.794593 18.006826 -2.099854
4.393818 18.411670 -2.719580
3.923999 18.640015 -3.515920
4.716117 19.123025 -3.731048
4.315498 18.292202 -3.968255
3.670461 18.069069 -3.304050
3.335592 17.349207 -2.778036
2.613945 17.967113 -2.844714
2.171822 17.290411 -2.341095
2.887327 17.601688 -2.887164
2.176865 17.091865 -3.264463
2.690732 16.871856 -4.035543
2.618766 16.044917 -3.568615
2.322806 15.581036 -2.791279
1.602920 15.386123 -3.383565
1.421992 14.737258 -4.056817
1.364325 15.144054 -3.197620
1.228174 16.079858 -3.084641
1.801151 16.784899 -2.798909
1.445359 16.164617 -3.427949
2.082119 15.674714 -3.939378
1.873976 16.344964 -3.295584
1.280805 16.485421 -4.027328
1.951545 16.320672 -3.371588
1.436178 16.132591 -2.593093
2.009642 15.757680 -1.931571
2.884257 16.022151 -2.200145
3.185448 15.507281 -1.457701
2.799613 15.878169 -2.245486
2.385297 15.613172 -3.061051
1.875411 16.094725 -2.416729
1.341709 15.317633 -2.552072
1.877662 15.847036 -3.134751
1.983443 15.219708 -3.843482
1.284914 14.822461 -4.354641
1.959061 14.939098 -3.692106
2.694080 14.864609 -4.293128
2.195390 15.675942 -4.284420
2.980943 16.017987 -3.868555
2.220269 16.455948 -3.498969
1.440542 16.139065 -3.053278
1.199655 16.851292 -3.637859
1.801790 17.515682 -3.958875
2.478079 17.301053 -4.594167
3.060896 16.568581 -4.769773
2.393106 17.220142 -4.960962
2.634122 17.369505 -5.870155
2.009903 17.552388 -5.174501
2.575228 18.068594 -4.607961
3.021327 17.551188 -3.944398
2.376355 17.811258 -3.293702
2.285133 18.167210 -2.415063
2.037042 17.643165 -3.170614
2.265492 17.007364 -2.499349
1.537796 16.403251 -2.611318
1.911811 15.557372 -2.384095
2.164593 16.445967 -2.152729
1.695420 17.082665 -2.683315
2.278665 17.597709 -3.232483
1.861709 17.654173 -2.378089
2.536060 17.761778 -1.714235
2.897857 17.183967 -2.379267
3.080420 18.106520 -2.529587
3.182082 19.038180 -2.699010
2.998360 19.788816 -3.255626
3.565450 19.375998 -2.611406
4.269477 19.959040 -2.878685
3.939410 19.383071 -3.561581
4.367561 19.653130 -4.368293
4.932323 19.043962 -4.834114
5.449023 18.289170 -4.568900
5.365270 17.440040 -4.991977
5.547012 16.821719 -4.290780
4.938797 16.778823 -5.022397
5.544563 17.306615 -4.511015
4.908752 16.666542 -4.816105
4.444576 16.721324 -3.986304
3.806846 16.022397 -3.877536
4.373483 15.422521 -4.353036
4.363777 15.911146 -3.535612
4.905791 16.014186 -2.759318
4.158423 16.396326 -2.309386
3.830647 15.888708 -1.573236
3.533307 15.193566 -0.994103
4.111229 15.817254 -0.565093
4.780867 15.141785 -0.516570
5.506771 14.849285 0.026141
5.061705 15.560574 0.476710
5.940930 15.298443 0.732210
6.724528 15.311291 0.191065
6.097870 16.021157 0.293152
6.460953 16.010623 -0.587240
7.116827 16.635296 -0.881590
7.135087 15.903095 -0.272839
7.949892 16.378610 -0.142434
8.497128 16.866180 -0.750580
7.867107 16.453788 -1.333705
8.173290 17.287349 -1.677881
7.713867 18.034486 -2.049022
7.205299 17.347208 -2.468590
7.753557 17.651102 -3.185591
7.195372 17.238949 -3.837963
7.550087 17.805877 -3.159879
7.064158 17.361267 -2.471966
6.510247 16.748212 -1.998283
7.045477 16.267348 -2.622243
7.873801 16.285482 -3.091903
8.506489 16.594242 -2.450495
8.317894 17.176824 -3.179920
7.948733 16.785383 -3.965747
7.386213 17.239547 -3.345799
8.054130 17.746518 -2.894250
7.974658 17.671742 -1.948141
8.052331 18.359468 -2.602380
7.379008 18.143343 -1.964450
7.112554 17.642434 -2.729384
6.442699 18.319323 -2.717281
7.128758 17.860550 -2.242011
7.872130 17.887336 -2.836748
7.229515 17.340694 -2.394867
7.078709 16.546749 -2.898788
6.778170 15.861910 -2.309126
5.854729 15.746150 -2.106924
5.674377 16.513697 -1.572720
5.710478 15.660661 -1.994686
5.742456 16.368717 -2.630817
6.378045 16.103152 -3.288490
6.878167 16.127967 -4.098608
6.419979 15.545450 -4.696745
6.960967 15.994537 -4.054341
6.905135 16.855267 -3.650536
7.831804 16.874891 -3.869465
7.095187 16.757114 -3.277390
6.343393 16.691862 -2.696374
6.758206 16.499298 -3.531766
6.187751 17.064309 -3.019541
6.687355 17.675612 -2.486874
6.618252 17.579223 -1.541907
7.219637 17.814528 -0.841909
7.218960 16.962372 -0.416630
8.167074 17.042277 -0.458164
8.065492 17.584244 -1.234684
8.302573 18.200649 -0.548486
8.925709 18.420729 -1.234268
8.346137 19.084040 -1.596406
8.836843 18.441460 -1.093089
8.687577 17.856970 -1.830056
8.666232 17.022027 -1.372407
8.491112 16.201549 -1.823158
8.480808 15.491777 -1.188219
8.679940 16.200510 -0.584006
8.053542 15.687301 -1.085276
7.523587 15.260599 -1.751686
7.357479 15.968039 -1.136084
6.556318 15.596010 -1.492124
6.822158 16.302758 -2.072527
7.232291 16.279135 -1.213305
7.893580 16.739677 -1.720877
8.516552 17.400712 -1.434578
8.273383 18.215058 -1.864391
8.880932 18.893699 -2.142527
8.172198 18.431874 -2.580068
8.364274 19.228783 -2.095226
8.023287 19.624985 -1.299123
8.728304 19.835345 -0.694368
8.248656 19.128333 -1.115203
8.256170 18.684067 -0.272825
8.663437 19.346390 -0.822818
7.952188 18.818310 -1.172513
7.313740 18.306438 -0.685274
7.484766 19.048410 -1.257339
8.134722 18.551915 -1.745272
8.170673 19.429403 -2.113717
7.357178 19.423271 -2.608911
7.082605 20.131320 -3.183634
7.922404 20.276392 -2.758523
8.499390 21.032980 -2.799656
7.806455 21.601872 -3.120953
8.478384 21.558680 -3.794509
7.723940 20.981944 -3.722263
8.279828 21.028721 -4.494163
8.790021 20.255214 -4.274118
7.966582 20.448835 -4.711712
7.098503 20.390273 -5.099061
7.471076 19.866589 -5.801893
7.288416 20.693281 -6.238063
7.588463 19.790856 -6.289364
8.269070 19.557790 -5.665278
7.757090 20.288756 -5.332719
8.450866 19.844297 -4.855056
8.159821 20.693895 -5.172082
8.814270 21.083894 -5.743595
8.264296 21.407546 -5.036625
7.313968 21.469748 -5.042709
8.189118 21.122997 -5.187295
7.510729 21.299742 -4.542642
7.680618 21.176801 -5.471648
8.246911 21.773476 -5.951566
7.339947 21.698728 -5.670750
6.614832 22.073540 -5.180083
6.225899 21.507590 -4.520188
7.010381 20.986437 -4.378707
6.411781 21.602884 -3.967974
7.340178 21.687447 -3.773147
7.913702 20.940370 -3.631813
7.599036 21.287537 -2.802664
7.844784 20.683558 -3.496815
7.864898 21.504738 -3.014851
8.354531 21.128762 -3.740062
8.003805 21.915910 -4.145547
8.562650 21.392981 -3.578742
7.657989 21.690467 -3.567766
7.796057 21.696584 -2.625467
7.809369 20.871028 -2.150799
8.461515 21.376006 -1.674636
7.966090 20.619305 -1.972940
7.274278 20.451679 -2.605655
6.557619 19.829958 -2.522632
7.083073 19.688516 -1.741017
7.048606 20.531572 -2.182715
7.349789 21.057947 -2.917051
6.496691 21.426512 -2.708693
6.110271 20.788212 -3.300540
5.557618 20.146171 -3.735725
5.124917 19.369851 -4.077963
5.278881 19.516970 -5.006230
5.610230 19.983025 -5.767828
6.105564 19.218309 -6.045105
6.268510 20.134980 -6.245583
5.776774 19.320365 -6.205247
6.247165 20.037424 -6.619479
6.839611 19.442011 -7.068389
7.122340 20.068443 -7.727690
6.756677 19.485762 -8.386326
6.184919 18.839845 -7.982700
7.107609 18.942890 -8.194960
6.676112 18.329303 -7.608146
6.845970 17.509582 -7.154015
6.821154 16.810743 -7.800575
6.268221 17.289449 -7.190546
6.299469 17.270270 -8.142221
6.502417 17.963192 -8.763269
6.363100 18.161481 -7.842236
7.014103 17.763765 -7.272108
6.355783 17.272646 -7.754234
5.914450 16.555889 -7.308686
6.317251 17.316630 -6.901191
6.294300 17.775626 -6.067030
6.368490 17.119651 -6.753487
6.575883 16.487341 -7.434810
7.363705 16.580122 -6.907783
6.727651 16.311141 -6.251952
5.962917 16.392070 -5.690115
5.929864 15.454922 -5.856512
6.445011 15.018806 -6.528417
6.824403 14.367270 -5.946530
6.790883 15.318825 -5.967758
6.809198 15.990366 -6.642833
7.219677 16.606313 -7.242121
7.849414 15.935253 -6.996888
7.676256 15.413151 -7.774355
7.198616 15.976032 -8.376065
6.867428 16.235089 -7.521528
6.417877 16.687642 -6.814330
5.734754 17.092582 -7.340064
6.438019 17.555737 -7.784963
5.700479 18.156517 -7.738830
5.043641 17.850166 -7.120978
4.299648 18.124364 -6.593420
5.089628 18.383254 -7.058110
5.342493 17.470054 -7.153789
4.681135 17.342162 -6.480530
5.382708 17.141390 -7.092507
5.271992 17.423523 -6.189638
5.951172 18.045295 -5.946445
5.278459 17.423690 -6.207393
5.974734 18.026051 -5.963690
6.701686 17.442283 -6.158074
7.464360 17.871835 -6.533363
7.064629 17.481675 -7.304738
7.535030 17.232023 -8.094311
7.355370 17.600261 -7.234571
6.877601 18.370267 -7.527584
5.936522 18.409504 -7.668508
5.361130 18.851654 -7.051697
6.144280 18.515181 -7.476539
6.278990 17.747986 -8.024530
6.865007 18.479973 -7.857776
7.568574 18.134305 -8.398641
7.807501 17.737016 -9.230570
7.537129 17.856254 -8.325190
6.935740 18.451258 -7.887777
7.049082 18.947030 -7.082549
7.645502 19.464523 -6.550088
6.976149 18.805190 -6.394283
6.519010 18.482549 -7.164969
6.753024 17.592537 -6.919718
7.377950 17.993690 -7.516018
6.516390 17.657769 -7.743837
6.834751 18.255440 -7.074162
6.419159 18.957376 -7.565689
6.167720 18.039920 -7.611317
5.755748 17.582039 -6.884919
6.613189 17.337212 -6.550429
5.912149 17.057885 -5.969440
5.881500 17.940937 -5.614040
5.184465 18.352156 -6.116105
5.087079 19.031410 -6.776530
5.416250 19.613620 -7.454546
6.230844 19.598785 -7.947746
5.898379 18.894495 -7.399592
6.332413 19.582727 -6.904638
6.700416 19.672049 -7.778494
7.086464 19.503821 -6.924271
6.705516 20.115972 -7.546509
7.375992 20.405351 -6.935156
6.670328 19.765830 -6.944065
6.083015 19.019748 -6.870210
6.938535 19.422063 -6.755073
7.180065 19.705487 -5.878510
7.299898 18.892839 -6.360455
6.447509 18.752704 -5.959426
6.721025 18.183008 -6.671932
7.170935 18.306556 -7.502201
6.787637 18.463470 -8.359808
7.219327 18.987128 -7.691633
6.678886 18.392974 -7.179838
6.379384 19.114946 -6.635702
6.114483 18.283187 -7.016534
6.626419 18.937696 -6.551165
7.065425 19.425179 -5.860756
6.362558 20.034234 -5.655670
6.949269 20.024020 -4.905540
6.592004 20.345445 -5.727780
7.438929 20.113459 -6.096469
8.230772 19.666229 -6.379308
7.605390 19.538347 -7.086113
6.911495 19.600578 -6.436755
6.278941 19.679558 -7.144334
6.796123 19.254360 -7.821652
6.109594 18.616327 -7.990833
5.504212 17.894510 -7.851105
4.732577 17.394460 -7.602998
4.665436 16.474549 -7.840245
3.895289 16.718144 -7.335702
4.586390 16.154019 -7.669126
5.129746 15.593673 -8.214843
5.678999 16.348437 -8.025949
6.091641 15.673547 -8.556306
5.614655 14.869181 -8.736611
6.245154 15.280270 -9.320141
5.993871 15.990529 -9.902737
5.346090 15.323424 -9.696879
6.135377 15.550430 -10.179084
5.336470 15.888328 -10.572280
5.877419 16.646832 -10.374610
6.341024 16.951638 -11.148686
6.746198 16.460611 -11.857033
6.480468 16.259628 -10.964832
5.953698 16.014486 -10.210214
6.668661 15.552731 -9.782849
6.240779 15.670229 -10.625547
6.544160 15.558786 -9.729685
7.412123 15.686328 -10.100362
6.873582 16.246549 -10.650957
7.275831 15.635390 -10.041276
6.661177 15.984740 -10.679386
6.950778 15.338858 -10.042208
6.275886 15.899207 -9.671317
5.741761 16.548164 -10.119195
4.949017 16.571367 -10.646498
5.434750 17.324987 -10.967666
5.201692 17.868410 -10.221070
4.986096 17.384472 -11.012494
5.384758 16.519650 -11.025919
6.062805 17.094950 -11.366964
5.501919 17.584307 -10.772852
5.287871 16.867122 -10.183906
5.875494 16.745930 -10.923528
5.233041 16.276795 -11.447164
5.136075 15.851054 -10.600777
4.909156 16.162588 -9.729867
4.420036 16.514320 -8.992252
3.571812 16.894713 -8.785258
4.429426 17.190343 -8.495203
4.405638 16.571674 -9.218883
3.648291 15.998548 -9.148300
3.158302 15.546290 -8.468297
2.510118 15.695768 -7.786723
1.823192 16.293642 -7.507958
1.882168 15.913676 -8.379267
2.676448 15.697939 -8.858439
3.562556 16.021201 -8.990130
3.494346 15.228571 -8.466569
3.598380 14.532210 -7.825253
2.867570 14.032470 -8.176260
2.162485 13.600488 -8.648781
2.592710 12.847248 -9.041928
3.005764 13.664289 -8.779516
3.323865 13.181699 -8.022582
4.263502 13.027590 -8.041610
3.552887 12.557044 -8.466631
3.387520 12.943488 -9.321233
3.276877 13.820349 -9.676060
3.506586 12.941590 -9.962497
3.996588 12.339052 -9.411248
4.375257 13.071207 -8.934184
4.993767 13.604385 -9.424283
4.201059 13.752946 -8.917751
3.451530 13.819330 -8.333945
3.640580 13.462482 -9.196470
3.863491 13.619890 -8.284021
3.333893 14.036569 -8.957025
2.497805 13.840970 -8.545046
1.937183 14.406192 -8.022305
2.384088 13.670469 -7.614853
3.010114 14.094218 -7.035581
2.177457 13.904135 -6.614180
2.815435 13.253414 -6.890903
2.854460 13.947021 -7.542375
3.778136 14.173601 -7.592511
3.447175 15.045999 -7.401681
2.718464 15.222709 -7.988864
2.201334 14.448613 -8.189820
1.992526 13.702129 -8.743164
1.885141 12.962523 -8.152841
2.473553 13.167170 -7.432480
1.909938 12.566638 -7.910736
1.897173 13.094879 -7.118380
2.481677 12.342968 -7.122104
1.757574 12.892142 -6.837303
2.546230 13.062507 -6.331311
3.097010 13.836555 -6.264075
3.110659 13.438886 -5.398799
3.372451 13.412156 -4.483496
3.142503 12.818327 -3.775316
2.422229 12.418424 -4.253137
2.344298 12.212786 -5.179781
1.721482 12.367951 -5.883381
2.222357 13.165193 -6.026764
3.123495 13.465336 -6.096718
3.850448 13.874558 -6.556183
4.512430 14.171078 -5.939026
5.191105 13.934733 -5.314068
5.574505 14.745191 -5.635302
6.238504 15.396460 -5.840203
5.994230 14.938938 -5.041432
5.310814 15.019940 -4.383093
6.013845 14.824447 -4.995106
6.243074 14.545830 -4.113712
5.491255 15.124487 -4.030327
5.641149 14.263165 -4.408065
5.625371 15.214280 -4.361586
4.993935 15.091993 -3.659187
4.173834 15.299940 -4.096476
4.727774 14.525646 -4.121966
4.842101 14.014475 -3.326565
4.549156 14.757010 -2.807088
4.929853 15.288066 -3.499965
5.776647 14.863737 -3.400381
4.993079 15.077369 -3.897787
5.364247 14.730589 -3.092177
4.703399 14.381483 -3.682461
4.345652 14.919016 -2.982387
4.615070 14.317941 -2.294527
4.104829 13.681313 -1.803213
3.618708 14.408094 -1.425715
4.218239 14.428985 -0.686015
4.550716 15.124229 -0.126441
4.719544 15.117360 -1.063713
4.976583 15.731927 -0.383075
5.650348 15.940880 0.256776
4.834218 16.245060 0.642051
5.379193 15.890491 -0.053874
5.347375 16.475736 -0.804545
4.954438 17.133613 -0.239013
5.039044 17.945683 -0.729334
5.459376 18.788391 -0.871432
5.248716 18.168887 -0.179431
5.310803 18.013828 0.758189
5.619501 18.826827 0.369901
5.898026 17.962587 0.657205
6.202657 17.163631 1.076608
5.563223 17.862139 0.975416
5.084861 18.041751 0.171713
5.758433 17.565614 -0.304336
5.220782 17.202781 -1.001697
5.518338 16.850553 -1.835019
4.816448 17.404150 -2.163514
4.102091 17.311392 -2.786508
4.758349 17.231462 -3.472050
5.130399 18.103558 -3.382290
4.542037 18.797794 -3.101407
4.928929 19.106788 -2.287854
4.104443 18.698814 -2.534453
3.422627 19.052590 -1.971427
3.527032 18.394861 -2.652250
4.268387 17.930246 -2.276012
3.568030 17.488890 -1.805125
2.712146 17.110935 -1.627243
3.397192 17.087825 -0.966027
3.065101 17.671442 -1.641405
3.892029 17.202251 -1.585894
3.949085 16.407097 -1.064834
4.509762 16.952152 -1.608511
4.639986 16.707270 -0.697410
4.092321 17.231936 -0.121373
5.031028 17.193318 0.034730
4.219426 17.489637 -0.365928
3.808080 16.632310 -0.418979
4.312362 15.825884 -0.369946
4.597502 16.619927 0.071890
5.239625 16.743054 0.764385
5.709236 16.693284 1.591438
5.056505 16.124027 1.195310
5.651264 15.501510 1.602453
5.131515 15.136193 0.892922
5.489495 14.595356 0.195516
6.165176 14.453850 -0.460579
5.977743 14.228462 -1.366724
5.323874 14.760088 -1.810412
5.603081 15.519713 -2.312450
6.523632 15.684517 -2.492600
5.978026 15.947784 -1.757731
6.578486 16.573800 -1.364564
5.661600 16.352984 -1.231936
5.075880 17.041777 -0.932728
4.420536 17.331984 -1.559891
4.852602 17.148992 -0.731119
3.938480 16.974206 -0.528980
4.354490 17.513082 0.137035
5.001141 16.832230 0.296139
5.043230 17.404747 -0.463784
5.651203 17.470309 -1.193921
4.804423 17.044980 -1.098590
5.601175 17.552390 -0.977141
6.076251 17.016264 -0.349528
6.292073 17.681755 -0.995725
5.626047 18.291484 -1.298496
5.770891 19.064206 -1.836037
5.999436 18.289453 -1.331501
6.584817 18.109225 -2.060799
6.945764 18.712480 -2.703317
6.556461 18.532544 -3.553668
6.868370 18.383358 -2.666264
7.272598 18.807406 -3.417139
6.512928 18.436479 -3.855708
5.988937 17.715114 -3.520900
5.150319 17.555308 -3.098749
4.668945 17.556056 -2.276978
4.714380 18.210229 -1.586309
4.966262 18.795320 -2.294301
5.560435 19.376007 -2.759910
6.275702 19.851765 -3.171098
6.348567 20.436216 -2.422674
5.674093 20.026050 -1.889872
5.079891 20.742270 -2.092310
5.959327 20.667911 -2.450210
6.327589 21.458730 -2.832333
6.812501 21.088505 -2.101017
7.481778 20.473650 -1.816322
7.870295 21.225803 -1.380031
7.542064 20.764561 -2.145896
7.639289 21.683947 -2.374604
7.873177 21.189422 -3.154201
8.710891 21.445484 -3.527961
9.305877 22.041110 -3.973217
8.692514 21.725577 -3.316516
8.133068 21.232590 -3.908980
8.492950 20.467163 -3.471219
8.487552 21.140086 -2.797294
7.805119 20.778921 -3.354854
8.079509 21.236731 -2.566090
8.379129 20.371050 -2.826574
8.108406 20.215892 -1.926761
7.283545 19.908650 -2.290404
6.728381 19.578272 -1.590637
6.203644 20.200340 -1.095953
5.874448 20.474032 -1.946690
4.940886 20.339306 -1.815011
4.967399 19.437250 -1.510673
5.355163 18.866107 -0.854575
4.835017 19.649516 -0.703752
5.636510 20.163933 -0.707630
6.240444 19.475344 -0.968661
5.684086 18.768846 -1.282277
6.500907 18.847587 -0.798921
7.169309 18.228842 -0.520670
7.449427 17.957516 -1.389547
8.011689 17.940940 -2.158062
7.494291 17.938891 -2.957641
7.984188 17.364056 -2.377472
7.941260 17.625007 -3.292399
7.955771 16.993464 -2.579678
8.017454 16.964655 -1.629733
7.331998 16.437695 -1.230369
8.232935 16.240240 -1.467758
8.873945 16.247084 -2.172095
9.772837 15.942143 -2.249762
8.967250 15.446514 -2.361171
8.718274 15.642669 -3.259261
8.429913 15.176061 -2.480702
8.116646 15.132036 -3.379009
8.934723 15.584156 -3.561673
9.391393 16.045746 -4.258392
10.190325 16.558577 -4.334167
11.025621 16.181558 -4.593330
10.632211 15.518844 -4.033805
11.329589 14.870601 -4.055597
10.739499 14.546042 -3.382184
11.250519 13.751157 -3.500699
11.217407 14.161160 -4.359670
10.518846 14.366283 -4.973646
10.965899 15.073347 -4.518416
11.337790 14.434210 -5.118609
11.215079 14.894473 -4.293909
10.887550 15.468408 -3.608086
11.508148 14.892661 -3.171731
12.147566 14.725275 -2.486052
12.768762 14.026050 -2.306529
12.601476 14.279088 -3.209311
12.485337 14.565862 -4.110034
13.089396 15.229365 -4.429262
12.422165 15.908291 -4.459086
13.318170 16.230819 -4.472454
13.890123 16.563554 -5.157427
13.169031 16.266318 -4.610886
13.835513 16.309275 -3.931926
14.720430 16.661206 -3.922042
14.161751 16.918858 -4.649038
13.498767 16.583711 -5.244988
12.945904 15.814559 -5.343868
12.888604 15.565189 -4.426501
13.501584 16.213292 -4.760040
12.989511 15.473616 -4.447483
13.387917 14.767917 -3.947191
13.041808 15.340685 -3.269566
12.307879 15.122653 -3.835992
11.629144 14.719874 -4.369019
11.161729 14.434166 -5.148072
11.924501 14.164158 -5.650370
12.106228 13.405000 -5.104767
12.990369 13.741315 -5.215295
12.449351 13.373801 -4.523007
12.147725 12.470449 -4.520525
12.938918 12.581150 -5.038972
13.491260 13.115997 -4.476935
14.421091 12.914999 -4.431746
13.568069 13.125135 -4.064018
12.724635 12.683007 -4.050886
12.081120 12.057739 -3.731576
12.128157 11.128481 -3.528362
12.705584 10.879757 -4.243725
13.401129 10.333751 -4.597455
13.557834 10.994452 -3.929663
13.086252 11.760176 -4.243203
13.798851 11.150692 -4.076584
13.300698 10.979863 -4.870114
12.694926 11.484796 -4.336156
13.231030 10.815634 -3.921617
12.684895 11.485272 -4.322054
13.418951 11.419455 -3.718848
13.080832 11.813815 -4.517086
12.141730 11.891082 -4.378713
12.022632 11.094865 -3.869908
12.683947 10.443279 -3.657470
11.976891 10.113000 -3.111559
11.470373 9.532542 -2.551615
10.623352 9.824426 -2.228523
11.032970 9.946070 -1.377379
10.868480 10.081083 -2.305681
10.198311 10.549303 -1.817139
10.484973 11.252027 -1.241784
10.558657 10.925565 -0.350143
9.731561 10.753171 0.089427
9.625335 11.625768 0.455927
8.965204 10.956965 0.301140
9.540160 10.919824 -0.457198
10.038414 10.110156 -0.513858
10.573152 9.736490 -1.207730
11.102715 10.485160 -1.464801
11.900752 10.032902 -1.720980
11.812710 10.619793 -2.465852
11.070314 11.064800 -2.068552
10.996634 10.233062 -1.610499
10.700604 10.884788 -0.982289
10.275193 10.134030 -1.385299
9.864887 9.359714 -1.012319
8.975844 9.635417 -1.213863
8.342122 9.712502 -0.507121
8.625636 10.473577 -0.009714
8.828741 10.624666 -0.927837
9.056492 11.549136 -0.905202
9.848672 11.991288 -1.195000
9.651484 12.129026 -0.273493
8.749150 12.388344 -0.433423
8.338502 13.165584 -0.799887
8.993774 13.040750 -0.120133
9.823169 13.432970 0.135399
10.590776 13.067784 -0.294074
11.030343 12.397103 -0.807881
11.534001 12.492848 -1.610496
10.998101 12.096354 -0.930324
10.517114 12.538489 -0.237361
9.808720 12.263131 0.336560
9.285816 12.667412 -0.349120
9.389912 12.221266 -1.184073
9.295110 12.307966 -2.127750
8.505026 12.617359 -2.560268
9.213940 12.396997 -1.963685
8.784446 13.091640 -2.453619
9.688578 13.244995 -2.710635
9.980199 12.810399 -3.506320
10.663939 13.473012 -3.528051
11.334090 12.972746 -3.983750
12.142009 13.191841 -3.529552
12.378356 13.729352 -4.279387
11.708607 13.299475 -4.802521
11.024250 12.639386 -4.857011
10.746226 12.947280 -3.999730
11.143714 13.158961 -4.838910
11.693126 13.572064 -5.498093
12.432171 13.295530 -6.031357
11.806910 14.007042 -5.932220
12.141142 14.648066 -5.312214
12.604004 13.843826 -5.526658
13.401262 13.344477 -5.378136
12.812771 13.427419 -4.633940
13.308180 13.862221 -3.946519
12.628159 13.361401 -3.506314
13.336703 13.270048 -4.136116
12.530809 13.296834 -4.642918
12.792652 14.027429 -5.194913
13.405216 13.897343 -4.477368
13.976503 13.534117 -5.147238
13.238393 13.985136 -4.748734
13.863350 14.362468 -5.360354
13.078886 14.900945 -5.401431
13.719383 14.962659 -4.699303
14.181746 14.136496 -4.802770
13.819608 14.382425 -5.648587
13.632125 13.854493 -4.878413
14.180195 13.650325 -4.126771
13.641117 14.284112 -3.663374
13.457567 14.970505 -3.029178
13.871198 15.384416 -3.780588
14.672790 15.860253 -3.975674
14.824681 16.431400 -4.722501
14.672962 16.945727 -3.935431
14.794960 16.113370 -3.488970
14.024219 15.842454 -2.999488
13.464795 15.227108 -3.463623
13.768376 14.579324 -2.834937
13.421048 13.969713 -2.190912
12.556693 14.241245 -1.897328
11.778277 14.527217 -1.429015
11.184543 13.870094 -1.078732
10.807788 13.549470 -0.264923
10.215310 13.143910 -0.890640
10.799346 13.714784 -1.380573
11.727763 13.587002 -1.550112
10.800159 13.498804 -1.353127
11.018295 14.339452 -1.743968
10.469565 14.011004 -2.449691
10.709143 13.237147 -2.950469
10.180130 13.720666 -3.577672
9.797861 14.395627 -3.025107
8.915542 14.557387 -3.345070
9.592757 14.981109 -2.826545
9.225198 15.336370 -3.630110
8.467779 15.827783 -3.327029
7.807452 15.188054 -3.078544
7.764801 14.786202 -2.216149
7.148147 14.807655 -2.941619
7.890979 15.026387 -3.496043
7.634483 14.527038 -4.265387
8.129761 15.232974 -3.861181
7.832900 15.368181 -4.755955
8.145810 15.228991 -3.867280
8.872815 15.429718 -4.448831
8.545665 14.806434 -3.807333
8.504862 15.757850 -3.820528
8.319891 15.083304 -3.174150
9.207450 14.941878 -3.489220
8.998397 14.619211 -4.360548
8.243352 14.417019 -4.904658
7.679070 14.192934 -4.170900
8.431008 13.652365 -3.948631
8.179616 12.797180 -3.613236
8.479647 13.470752 -3.010483
8.277535 13.631098 -2.093711
8.844920 13.968616 -2.780141
9.204919 13.309913 -2.194017
8.853229 12.992725 -1.367740
8.352842 12.413402 -0.801148
9.075874 11.796523 -0.740205
8.332774 11.651324 -0.162493
7.798214 11.024219 -0.640003
7.999098 11.584600 -1.383406
8.452479 11.948463 -0.629033
8.732541 11.576827 0.201919
7.895459 11.256795 0.524257
8.510647 10.722076 0.031663
8.482728 10.995383 0.943558
8.811142 10.509105 0.193420
9.584324 10.020689 -0.072417
9.708879 10.964450 -0.043607
10.060604 11.157274 -0.907400
10.688118 10.541209 -1.273075
10.298320 10.441048 -0.409910
9.820165 10.927865 0.254474
10.296551 10.603179 -0.503591
10.239366 10.051235 -1.277618
10.029913 10.941134 -1.010712
9.337412 11.443268 -1.429442
9.855440 11.137050 -0.691264
9.749767 11.645575 -1.489552
9.289690 11.970233 -0.721466
10.192266 12.093169 -0.999448
10.080931 12.615006 -0.210575
9.986059 11.879535 -0.808162
9.458401 12.442585 -1.366357
9.170749 11.834560 -2.040591
9.136983 12.431915 -1.299609
8.558388 12.251151 -0.565047
9.234696 11.890046 -0.000033
9.363947 12.570703 0.653442
8.714782 12.143785 0.102665
8.336080 12.743987 -0.532450
9.059199 13.194703 -0.107029
9.390294 12.600983 -0.774038
10.297893 12.404609 -0.985536
10.765474 13.220544 -1.136029
10.834827 12.551494 -0.461794
11.083250 11.688077 -0.777749
11.160830 11.285035 -1.637149
11.889900 11.275605 -1.024451
11.063760 11.723003 -1.180522
11.400064 12.118010 -0.381836
11.754020 12.717399 -1.031819
11.657891 11.967669 -0.452429
11.392074 11.101140 -0.744829
10.448874 11.149781 -0.622201
11.106350 10.609126 -0.195062
10.461690 11.269245 -0.431040
10.137011 12.073778 -0.038180
9.581709 12.015702 -0.809733
9.975314 11.500636 -1.507453
9.754986 12.406559 -1.701846
9.402832 11.815625 -2.360491
8.989743 11.010072 -2.064737
8.310231 10.551422 -2.549436
7.741293 11.197772 -2.142533
8.358687 11.085410 -1.426132
7.874727 10.279527 -1.273273
7.396973 9.988381 -0.502550
8.014686 10.453649 -1.058416
7.543925 10.461337 -1.886277
6.980038 10.153231 -1.183332
6.897156 10.711685 -1.950332
6.911228 11.161948 -1.111230
6.332310 10.507815 -0.731763
7.028135 11.108162 -0.481880
7.516537 10.490108 -1.017138
7.010616 11.180350 -0.599240
7.853161 10.739279 -0.650266
7.728750 9.945294 -0.139248
7.214953 9.671518 -0.892964
6.524084 9.425727 -1.500677
5.923699 9.232406 -2.214256
5.351459 9.989089 -2.130575
5.949695 10.051836 -2.868955
6.337802 9.512256 -2.186858
5.627776 9.486070 -2.821057
4.867679 9.984415 -3.105547
4.579940 9.760078 -3.985267
5.395126 10.238476 -3.868489
5.091235 10.014709 -2.994070
5.136544 9.615147 -2.130747
5.893738 9.046785 -2.027546
5.597210 8.920949 -2.923797
6.338309 8.614073 -3.437247
5.692555 8.564694 -4.135526
5.040526 9.219465 -4.366094
4.356666 9.362547 -5.013313
4.903814 9.031547 -5.719073
5.160734 9.702882 -5.094308
5.147103 9.439239 -4.179247
4.833619 9.723565 -5.032428
5.229363 8.857563 -5.053805
4.721675 9.408750 -5.641576
5.374597 8.717026 -5.688891
4.653276 8.951596 -5.112955
5.503264 8.546456 -5.255830
5.535672 9.310716 -5.823180
5.044630 9.558106 -5.045550
4.527154 8.945935 -4.531261
3.976865 9.211825 -5.261682
4.841051 8.823556 -5.358942
5.211831 9.045359 -6.207680
5.036842 9.859268 -6.670238
5.460138 10.482930 -6.088090
6.123822 10.097278 -6.651851
6.147707 9.724776 -7.528037
6.848195 9.259351 -7.081130
6.064143 9.719982 -6.798091
6.808217 10.300957 -6.923994
6.747313 9.824386 -6.101680
7.033671 10.205504 -5.277194
6.243093 9.779039 -4.960741
5.706479 10.394685 -4.470786
6.070555 11.081708 -5.020766
5.540513 10.723848 -5.726472
6.352498 10.259346 -5.547733
5.740128 10.786066 -5.043157
6.134065 10.057583 -4.572885
5.473083 10.740692 -4.513776
4.935552 10.184843 -3.957789
4.615729 10.808720 -4.602395
3.665335 10.759333 -4.565744
4.348210 10.642152 -5.219181
3.708259 9.936879 -5.228221
3.877486 9.155177 -5.745264
4.385523 9.677688 -5.132149
5.084863 9.076670 -4.893966
4.186526 9.365917 -5.021856
3.979835 9.589368 -5.924285
4.287198 10.139221 -5.209989
3.686618 10.336842 -5.922225
4.052003 11.171896 -5.646167
4.099863 10.444917 -5.032783
3.743913 11.230294 -4.628416
3.980210 12.063284 -4.231779
4.809503 12.508701 -4.087192
4.163827 12.165187 -3.477168
4.938463 12.624324 -3.167069
4.520152 11.949016 -2.641707
4.906343 12.673814 -3.123945
5.648571 12.154763 -2.829477
5.147216 12.143001 -2.019827
4.715891 12.575691 -2.750420
5.292336 12.418358 -2.008810
5.798436 11.613609 -2.065999
5.935658 11.868890 -1.158788
