-7.380952 2.000028 -11.000000
-7.932838 2.767929 -10.886953
-8.704277 2.263595 -10.647041
-9.329252 2.717290 -11.204353
-8.827474 3.284015 -11.782342
-9.758452 3.482004 -11.815654
-9.518301 3.380690 -12.731674
-10.214609 3.962081 -12.441554
-10.861989 3.383064 -12.050825
-11.425390 3.973301 -12.541975
-11.630781 3.051278 -12.420659
-10.904874 3.519026 -12.822283
-11.566432 2.833935 -12.826907
-11.559358 2.453000 -11.954056
-10.834953 2.079743 -12.446952
-10.864159 1.644587 -13.293602
-11.281752 1.577602 -14.146924
-11.453286 2.420435 -14.555872
-11.999404 1.671827 -14.775807
-12.497794 2.176307 -14.140090
-13.008268 1.978262 -13.360843
-12.629337 2.610336 -13.964104
-13.573062 2.689354 -13.863260
-13.289682 2.604340 -12.957998
-13.813499 2.919875 -12.227873
-14.379706 3.449812 -12.780690
-14.389243 3.657171 -13.710174
-15.238144 3.727376 -13.284182
-14.389650 4.125143 -13.114270
-14.787455 3.668479 -12.379260
-14.414797 4.335947 -12.947277
-14.573509 3.820773 -13.732412
-15.361211 3.302126 -13.599908
-14.567109 3.592696 -13.161730
-14.986178 2.745891 -13.042013
-14.347484 3.438367 -13.181928
-14.657753 2.900291 -13.903895
-13.844350 2.570067 -14.273157
-14.409766 3.233576 -14.656677
-13.575276 3.160459 -14.203565
-13.975209 3.783672 -14.802472
-14.297740 4.354420 -15.493304
-13.428110 4.000310 -15.652609
-13.689901 4.329496 -14.798131
-14.316535 3.617937 -14.887802
-14.392235 4.287982 -15.560363
-14.960484 5.043530 -15.675555
-15.105731 4.368990 -16.332006
-14.503587 5.064890 -16.577308
-14.367591 4.940101 -15.642983
-13.487537 5.237085 -15.853538
-13.195270 5.891458 -16.480759
-12.588306 5.640622 -15.791047
-12.693836 5.917714 -14.885998
-13.006800 6.712771 -14.465325
-12.632784 6.945774 -13.621019
-13.509457 6.933662 -13.249097
-14.293184 7.180359 -12.767492
-14.869088 6.583947 -12.298818
-14.245052 6.355008 -11.616765
-13.895090 5.646283 -12.148050
-13.891675 4.700768 -12.262150
-14.342611 5.281616 -12.867378
-14.794231 4.496933 -12.571842
-15.448561 5.170943 -12.415020
-16.161999 5.035402 -11.798851
-16.978619 5.511415 -11.915354
-17.157484 4.761928 -12.475090
-17.556394 4.166363 -13.102149
-18.026636 3.341375 -13.174936
-18.316459 2.527564 -13.575866
-18.983183 2.899480 -13.006491
-18.612164 3.682505 -12.611210
-19.064636 2.929130 -12.978258
-19.643756 3.510300 -12.494636
-20.446658 3.149462 -12.858193
-19.854927 3.839186 -12.573299
-20.358417 3.031357 -12.603950
-20.154590 2.394609 -11.925690
-19.595623 2.301549 -11.160233
-19.864401 2.059089 -10.279324
-19.143091 2.030522 -10.900553
-18.436730 2.308169 -11.475876
-18.045269 1.471430 -11.244234
-17.466170 2.214840 -11.382134
-18.051124 2.729422 -11.929915
-17.844974 3.470090 -12.492003
-17.155529 4.007950 -12.869362
-17.689273 4.276062 -12.127565
-18.530410 3.931405 -12.411695
-18.904515 3.124640 -12.070808
-18.199611 3.372830 -11.480434
-18.531216 2.699508 -10.894170
-18.220585 2.246680 -10.116041
-19.026745 1.940912 -10.520569
-18.743968 2.348940 -9.707808
-19.249249 2.506834 -8.916107
-19.198542 2.580592 -9.864272
-18.477772 2.036578 -10.166875
-17.789479 1.831509 -9.541392
-18.169978 1.425923 -8.768250
-17.423543 1.190857 -8.225472
-17.926638 1.071142 -7.425727
-17.340885 1.439601 -8.080067
-16.544797 1.930948 -7.901592
-17.276628 2.326901 -7.438261
-18.110643 2.093381 -7.042135
-17.830565 1.628785 -7.824910
-17.345841 2.447069 -7.775070
-16.766069 2.809582 -7.112140
-16.205460 3.286778 -6.507961
-16.571427 2.920710 -5.708529
-15.899374 2.548082 -6.271132
-15.958194 3.209989 -5.588894
-15.211452 2.635000 -5.451805
-15.499935 3.372863 -5.980354
-15.907946 2.563001 -6.271353
-15.686413 1.701399 -6.611346
-15.016225 1.728796 -7.287456
-14.810473 2.492892 -7.817413
-14.098992 2.988212 -7.423102
-14.875102 3.074034 -7.968370
-15.187658 3.189699 -8.860537
-15.172431 2.238203 -8.898658
-15.970927 2.560319 -9.305690
-15.265469 2.074648 -8.889179
-15.891637 1.695695 -9.498554
-16.170582 0.838886 -9.806930
-15.266690 1.022085 -9.569342
-15.719032 1.694579 -10.069510
-16.245551 0.928095 -10.275200
-16.894091 0.369055 -10.692214
-17.524188 0.901864 -10.216690
-17.578364 0.423761 -9.394794
-18.361859 0.109884 -8.953608
-18.799992 0.864044 -8.571099
-19.746857 0.792228 -8.644040
-20.039658 1.311860 -9.386522
-20.307055 0.398958 -9.432757
-20.624149 0.969344 -10.126401
-20.012900 0.646165 -10.781350
-19.509465 0.486294 -9.988871
-20.162658 1.165055 -9.848689
-19.530150 0.453106 -9.858160
-20.132681 0.123969 -10.518201
-20.980187 -0.217205 -10.787207
-20.583146 0.096198 -9.980258
-21.292156 -0.468604 -10.272375
-20.966990 -0.687812 -11.140271
-21.063174 0.119228 -11.636723
-20.264236 -0.113676 -11.173601
-19.452446 0.383948 -11.153667
-20.056005 0.933713 -10.663256
-20.521816 0.320999 -10.102337
-20.200215 -0.572570 -10.174010
-19.979275 -1.283738 -9.580331
-19.397105 -1.809573 -9.040328
-19.021603 -2.343300 -8.346669
-19.469650 -1.519686 -8.513826
-19.843750 -1.779250 -9.350310
-20.241750 -1.909378 -8.494919
-20.539375 -1.112628 -8.066390
-20.127032 -0.265507 -8.205637
-20.236119 0.534675 -8.710451
-20.089562 0.687037 -9.639072
-20.747244 0.691567 -10.327886
-20.547168 0.014704 -9.688468
-20.066288 0.639412 -9.154125
-19.964616 0.101497 -9.933445
-20.648075 -0.341519 -10.427052
-20.554061 0.270752 -9.703648
-19.944240 -0.175431 -9.123934
-19.423885 -0.863838 -9.526869
-18.881970 -1.640302 -9.629160
-18.470247 -1.298710 -8.841233
-18.722970 -0.632977 -8.208808
-19.335746 0.092107 -8.132730
-20.076639 -0.499410 -8.223364
-19.326958 -1.002651 -8.526276
-19.675859 -1.871601 -8.352424
-19.222821 -1.358429 -9.014573
-18.824969 -2.028570 -9.561979
-19.040366 -1.134048 -9.316087
-19.791170 -1.274034 -9.885055
-19.211237 -1.667549 -10.529922
-19.805026 -2.117530 -11.123186
-20.623219 -2.271769 -11.585570
-20.242379 -2.878359 -10.957845
-19.503891 -3.026669 -11.540658
-19.194940 -3.499130 -12.307703
-18.735407 -2.664959 -12.311869
-18.185394 -3.035610 -11.628397
-18.626183 -3.619582 -12.238077
-18.010353 -4.076177 -11.673006
-18.343000 -4.212123 -12.554990
-18.510003 -3.559622 -13.228326
-18.597211 -2.864775 -13.873781
-18.483018 -2.309724 -13.108334
-19.027284 -2.977208 -12.701801
-19.425889 -3.083633 -13.560181
-19.121913 -3.356561 -12.699868
-18.560802 -3.737871 -13.368288
-19.173429 -3.325008 -12.767236
-18.772718 -2.838488 -13.481210
-19.213705 -3.298821 -12.773642
-18.528691 -3.928175 -12.569435
-17.940926 -3.228094 -12.836732
-17.772243 -2.290782 -12.832063
-18.678867 -2.537337 -12.987859
-19.342984 -3.147467 -13.293995
-18.680578 -2.464577 -13.337690
-18.284526 -2.953577 -12.622812
-17.891596 -2.200939 -12.191335
-18.206962 -3.094548 -12.096259
-17.971298 -3.019063 -11.176589
-18.692863 -3.563453 -10.876568
-19.428700 -3.134289 -10.450667
-18.995862 -2.393148 -10.037883
-19.131334 -1.507484 -10.360800
-18.972914 -0.991344 -9.576241
-18.354119 -0.586130 -10.176178
-18.726871 0.128267 -9.668514
-18.246261 0.942997 -9.779228
-18.632408 1.461649 -10.478456
-17.793325 1.813654 -10.197276
-17.208067 2.139770 -9.520408
-17.520875 2.541630 -10.325199
-18.189501 1.866281 -10.387424
-18.690433 1.372818 -9.745091
-18.252713 0.619070 -9.361301
-17.766880 1.313290 -8.926495
-17.800047 2.256263 -8.797151
-17.345822 2.847905 -8.204978
-17.264288 2.037550 -8.698644
-16.858318 2.601735 -9.349730
-16.167205 2.000891 -9.088235
-15.806743 1.132964 -8.933967
-15.021071 1.651087 -8.788025
-15.504328 2.431513 -9.041849
-15.772759 2.040793 -9.867870
-15.267732 2.497572 -10.533702
-14.635316 3.105940 -10.163610
-13.920543 3.734984 -10.184406
-14.321090 3.077050 -10.744508
-14.210591 2.990282 -9.802547
-13.579656 3.421819 -9.234457
-13.939777 3.317059 -8.359033
-13.645650 4.044265 -7.818949
-14.234001 3.537402 -7.267619
-14.535897 3.967580 -6.473368
-14.871743 3.460953 -7.206557
-14.228772 3.697648 -7.868066
-14.724965 3.152309 -7.265216
-14.068564 2.475836 -7.129009
-13.521715 1.967799 -7.720519
-13.136465 1.276007 -7.191336
-13.865364 1.433938 -6.599059
-14.599281 1.976920 -6.327827
-13.853172 1.391232 -6.242258
-13.344065 1.981405 -5.694960
-13.879252 2.509651 -6.279390
-13.701881 3.061815 -7.034827
-14.136194 3.905428 -6.952850
-15.045402 3.671030 -6.793391
-15.423881 3.180073 -6.070380
-15.777974 3.012535 -6.938469
-15.288978 2.840690 -6.139481
-15.507279 3.558310 -6.726333
-14.925506 3.291773 -7.431690
-15.701188 3.773480 -7.160938
-16.387096 3.300108 -6.699985
-16.496996 4.160123 -7.094100
-17.257251 4.513727 -6.642431
-17.350175 3.602303 -6.382237
-18.088773 3.601269 -5.780988
-18.011306 3.774434 -6.714284
-17.385169 4.287395 -7.216132
-17.802231 5.006906 -6.752029
-17.586090 5.934119 -6.727803
-17.178690 5.177373 -7.138156
-17.631429 4.536309 -7.677687
-18.245884 3.814810 -7.583285
-17.964012 3.060250 -7.075132
-18.555441 3.729730 -6.744925
-17.978150 3.989325 -6.033324
-18.801666 3.577579 -6.276878
-18.084190 3.585139 -6.903137
-17.939748 2.667516 -7.113220
-18.452759 2.360954 -6.371690
-18.640952 2.735056 -5.516317
-18.137924 2.652075 -6.320747
-18.185600 1.753092 -6.009963
-18.713348 1.053543 -5.636945
-19.619270 1.291671 -5.809073
-19.353664 2.037189 -5.279275
-19.477343 2.727674 -5.923451
-19.198337 2.660587 -6.831572
-19.870171 2.094412 -7.199151
-20.226351 1.888558 -8.058098
-19.476644 1.505833 -8.503619
-18.913805 1.288280 -7.766793
-18.354425 1.277167 -8.537507
-18.584937 1.092441 -7.632095
-19.192253 1.822471 -7.704561
-18.509124 1.524789 -8.297645
-17.790525 1.044469 -8.697566
-17.190740 0.848863 -9.411027
-16.693946 0.121908 -9.048038
-16.061403 0.733820 -9.412019
-16.744117 0.916696 -10.050366
-16.542143 1.178559 -9.157246
-16.979679 1.850729 -9.670841
-16.659569 0.959298 -9.571289
-16.087905 0.445150 -9.009254
-16.978750 0.108369 -9.007989
-16.485952 0.214829 -8.199999
-15.808332 0.071500 -8.853694
-15.683258 0.265861 -7.929785
-15.961154 -0.127257 -7.108042
-15.289058 0.094576 -7.745307
-14.668975 -0.253472 -7.111754
-15.433958 -0.439589 -6.575851
-14.612919 -0.784744 -6.913183
-15.528454 -0.750141 -6.653130
-15.239280 -0.155020 -5.968121
-14.448940 -0.440306 -6.416454
-13.629474 -0.155962 -6.023193
-12.708422 0.064750 -5.923299
-12.209587 0.634855 -5.346088
-11.604806 1.247370 -4.938541
-10.805308 1.713361 -5.163674
-11.506970 2.354590 -5.104319
-10.897256 1.862800 -5.646002
-10.702741 2.791100 -5.559676
-10.510400 3.606602 -6.012434
-10.479824 3.886252 -6.922319
-10.771375 3.163305 -7.469470
-10.331553 3.866930 -7.002031
-11.097881 4.421702 -6.892489
-10.295415 3.999410 -7.183605
-10.655626 4.863502 -7.358598
-10.034146 4.301698 -7.811553
-9.414362 4.181362 -7.098520
-10.179313 4.028466 -7.644872
-10.467213 3.294514 -8.179155
-9.933740 3.920399 -8.659471
-10.375162 3.148638 -9.000880
-11.258375 3.463756 -8.834556
-11.833747 2.727579 -9.019006
-12.660236 2.349540 -9.303665
-13.493716 2.282632 -9.759587
-13.419791 1.851703 -10.605674
-13.823819 1.048656 -10.291177
-14.141553 1.747497 -10.854822
-14.345797 2.670672 -10.740533
-13.707087 3.277960 -10.379590
-14.072774 2.645161 -10.990220
-14.379312 2.037824 -11.656707
-13.888723 1.652972 -12.376596
-14.443176 1.107424 -11.827063
-14.927717 1.225290 -12.638454
-14.233472 1.870460 -12.732318
-13.547945 2.024130 -13.375332
-13.712810 2.210769 -14.294579
-14.073135 1.446190 -14.733460
-14.620410 1.296132 -13.968606
-14.891846 0.610783 -13.365573
-14.278476 0.169157 -12.786112
-14.725214 -0.480316 -13.320565
-14.480862 -1.288866 -12.880599
-13.853959 -0.637598 -12.580812
-13.950919 0.307163 -12.651912
-13.546431 1.142996 -12.863579
-12.827572 1.353027 -12.275226
-12.941347 0.675812 -12.935125
-12.770516 0.455750 -12.024401
-12.752319 1.315745 -11.615615
-12.457806 1.410461 -12.516349
-13.088548 0.730513 -12.732836
-13.714034 0.136254 -12.329534
-14.494694 0.130031 -12.875025
-14.630622 0.013973 -13.810484
-15.066758 -0.788875 -13.541695
-14.506749 -1.416783 -13.987958
-14.974999 -1.123767 -14.763789
-15.766872 -1.148368 -15.292335
-15.245943 -1.831141 -15.704018
-14.455656 -1.344946 -15.489329
-14.084856 -0.470721 -15.561904
-14.371670 0.160073 -14.908554
-14.231971 0.401208 -13.997858
-13.625080 -0.241255 -13.642957
-12.875895 0.303967 -13.863149
-12.294643 0.743480 -13.249957
-12.849290 1.486312 -13.468122
-13.131170 2.117128 -12.812649
-12.677513 2.483075 -13.565848
-13.217050 2.672258 -14.327516
-12.796730 3.160622 -13.626189
-13.398174 3.150920 -14.364565
-14.134988 2.721551 -13.940563
-14.434490 1.824295 -14.051289
-13.494515 1.771192 -14.195019
-13.660808 2.212858 -15.022248
-12.898237 1.901670 -14.544046
-12.009942 1.653009 -14.780960
-11.812492 1.004404 -15.449807
-11.091010 1.124301 -14.839791
-10.563727 0.781347 -15.554903
-10.288302 0.320363 -14.768350
-9.382749 0.473357 -15.020531
-9.115796 -0.130391 -14.334052
-9.743193 0.518169 -14.029467
-10.593339 0.143741 -13.819499
-10.017064 -0.455020 -14.284711
-9.489050 0.115478 -13.734471
-9.776378 -0.465903 -14.431946
-9.439954 0.092997 -13.738058
-10.383579 0.221566 -13.729543
-10.221144 0.935566 -13.120569
-11.041345 1.026188 -13.596055
-10.529938 0.456153 -13.029881
-11.314850 0.897017 -13.340657
-11.806986 1.464314 -13.926324
-12.583136 0.919169 -14.012553
-13.032169 1.027394 -14.845431
-12.493565 1.812610 -14.864745
-12.413165 1.987278 -15.797512
-12.977958 2.497590 -15.225131
-12.558478 2.037960 -14.504156
-12.016200 2.614325 -13.974281
-11.684509 1.900721 -13.437830
-10.966430 1.522056 -13.935834
-11.456741 2.210805 -14.374299
-11.837472 2.340432 -15.237590
-10.957550 1.994559 -15.352216
-10.960780 1.332987 -14.667131
-10.949010 0.868516 -15.498490
-11.120655 1.220854 -14.630490
-11.839313 1.651102 -15.083753
-11.535641 2.538469 -14.918247
-10.843630 2.779175 -15.526696
-11.318722 3.347440 -16.125354
-11.966837 3.748380 -16.696514
-12.565145 3.196663 -17.191150
-13.055136 2.539108 -17.675463
-13.943951 2.677723 -17.988230
-14.269493 3.407114 -17.469540
-14.748233 3.226490 -16.666289
-14.258135 4.032884 -16.537595
-13.617810 3.376310 -16.280840
-13.307282 4.096411 -15.740418
-14.037056 3.779699 -15.216823
-13.500815 4.341522 -15.768030
-13.623668 3.397224 -15.783396
-13.645180 2.604012 -15.256724
-14.280718 2.010437 -15.645039
-14.794298 1.502528 -15.024319
-14.095825 1.796834 -14.447650
-13.624713 1.278398 -15.092868
-13.904746 0.553253 -14.542617
-13.511765 0.126841 -13.787125
-13.768029 0.802649 -13.166930
-13.326896 0.117319 -13.659631
-13.178777 0.753392 -12.966449
-14.051247 1.108399 -12.825746
-13.301745 0.683879 -13.232021
-14.148614 1.100127 -13.360779
-14.012452 0.323013 -12.827313
-14.713392 0.017193 -13.394929
-14.679285 0.729642 -14.026025
-13.890885 0.379165 -13.622763
-14.247348 0.487108 -12.746229
-14.181765 1.063651 -13.501428
-14.558668 0.193192 -13.416131
-14.974183 -0.179671 -12.644542
-15.832757 -0.385356 -13.001714
-16.243312 -0.411657 -13.860657
-16.434658 -0.239256 -12.943764
-15.935393 0.499063 -13.279396
-16.606557 1.154150 -13.445010
-15.987551 1.819581 -13.160291
-16.277956 1.345681 -12.386912
-16.977273 1.828708 -11.957179
-17.273962 1.346680 -12.723112
-17.473817 0.484867 -12.370457
-18.017575 -0.031227 -12.957828
-18.737919 0.190828 -13.539915
-18.671338 1.003738 -14.031621
-18.922279 0.221327 -14.513171
-18.222954 -0.056769 -15.096812
-18.555094 0.819069 -15.268926
-19.043196 1.330075 -15.907407
-18.351186 1.483199 -15.271243
-18.827247 2.161600 -14.802023
-19.324557 1.569114 -15.357607
-19.969765 2.053131 -14.851184
-20.844467 1.816913 -14.557709
-20.734549 1.038537 -15.095368
-20.287647 1.645638 -15.677378
-19.970573 2.541039 -15.608458
-20.187758 1.882029 -14.956105
-20.336686 1.221909 -14.285962
-20.321090 2.167861 -14.176600
-19.794886 2.779268 -13.670319
-19.916289 1.919905 -14.062476
-20.239010 1.346125 -13.374249
-20.925998 1.620331 -12.774343
-20.388610 2.013410 -12.093364
-21.076512 2.405859 -11.564398
-21.445995 1.779669 -10.949259
-21.909783 1.124432 -10.436817
-21.153168 1.113747 -9.858502
-20.554863 0.771071 -10.515490
-21.177235 1.489927 -10.569613
-20.446878 1.750466 -11.122540
-20.564965 1.717886 -10.178070
-20.018089 2.495512 -10.235095
-19.752338 1.948636 -10.968126
-18.900110 2.122133 -10.580009
-18.514118 1.667035 -9.837765
-19.144094 1.222408 -10.396751
-18.733937 0.367517 -10.307511
-17.956230 -0.169694 -10.424144
-17.276574 -0.286730 -9.767332
-17.827419 -1.033609 -9.553390
-17.421677 -0.295881 -9.998543
-17.810314 -0.703151 -10.766737
-17.186145 -1.155048 -11.326409
-17.924022 -0.577437 -11.156313
-18.126402 -1.380592 -10.686193
-17.753676 -2.150275 -11.105350
-16.994403 -2.646136 -11.396307
-17.426743 -1.942699 -10.921661
-17.935475 -1.245434 -11.324208
-17.180905 -1.187808 -11.902422
-16.497437 -0.762483 -12.411343
-16.979034 -0.417946 -11.665429
-16.779776 -1.267728 -11.284383
-16.348386 -0.664676 -10.686670
-16.101037 -0.240525 -9.870616
-15.590253 -0.778878 -10.467529
-15.375423 -0.209941 -9.734598
-15.575430 -0.897951 -10.362028
-15.158663 -0.372975 -11.038590
-15.907779 0.167043 -11.271474
-15.277009 -0.462756 -10.936046
-15.375921 -0.610201 -10.000361
-14.756200 -1.330144 -10.068615
-14.498676 -0.687010 -10.722136
-14.206598 -0.052998 -11.370016
-13.872155 -0.882061 -11.698395
-13.142539 -0.918346 -12.309438
-12.721464 -1.542878 -11.726613
-13.462577 -1.042065 -12.053670
-13.449702 -0.678563 -11.173483
-13.205250 -0.352557 -10.312673
-13.876608 -0.216179 -9.651078
-14.399816 0.418229 -9.170651
-14.820652 1.239547 -8.935359
-14.340516 1.707554 -9.611723
-14.859940 0.912153 -9.679290
-14.166682 0.775833 -10.317913
-13.388010 1.307720 -10.184507
-13.352110 1.969013 -9.500087
-12.686149 2.635886 -9.637221
-13.194468 2.353205 -8.883078
-12.703929 2.433290 -9.695473
-12.898409 1.809656 -10.388501
-12.466801 2.400094 -9.778478
-12.599330 2.411147 -10.721529
-13.349260 2.006528 -10.296186
-13.476686 2.672047 -10.965422
-12.665638 2.879583 -10.511373
-12.244581 3.542943 -11.049605
-11.598926 2.864210 -10.877903
-11.504359 1.938789 -11.082066
-11.095708 2.586879 -11.647762
-10.768811 2.231766 -10.826749
-10.125222 2.299580 -10.128019
-9.572248 2.253387 -9.353993
-9.251404 3.148306 -9.410647
-8.598550 2.878541 -8.771869
-9.346216 2.408213 -8.415756
-8.799752 2.921012 -7.828012
-9.496963 3.095245 -8.452969
-9.495840 2.207002 -8.109381
-8.558431 2.286629 -8.257549
-8.859913 1.730038 -8.969128
-9.125218 2.365974 -9.626569
-8.805449 2.232812 -8.739413
-8.309230 2.531321 -9.495515
-8.332350 2.351212 -8.560606
-8.929169 2.754172 -9.183872
-9.449419 1.956676 -9.203093
-9.048418 2.215596 -10.027222
-9.814973 2.660103 -9.678170
-10.377909 2.815934 -10.430400
-10.764810 3.685864 -10.454034
-11.437723 4.358139 -10.406451
-12.106690 3.692950 -10.275943
-11.898413 2.792396 -10.046477
-12.406650 3.401939 -9.519995
-12.513231 4.306172 -9.240653
-12.981699 4.288700 -10.069666
-12.974884 4.974358 -9.408714
-12.358353 4.864290 -10.126213
-11.943773 5.685537 -10.372598
-12.254066 5.495773 -9.492406
-12.763699 5.447996 -10.295538
-13.461041 6.017162 -9.984421
-13.901380 5.580406 -9.261666
-13.925146 5.947586 -8.383233
-13.313538 6.663386 -8.526745
-13.136890 6.561397 -9.457026
-12.455902 6.524254 -10.121786
-11.760991 5.939931 -10.409356
-12.242474 5.596129 -9.663030
-11.822437 5.137459 -10.384293
-12.604239 5.370048 -10.875942
-13.545653 5.456628 -10.991142
-13.601100 6.120593 -10.310624
-12.965759 6.456845 -9.685880
-13.232750 5.592709 -9.984230
-13.926347 5.458915 -9.345441
-14.685628 5.679742 -9.876250
-14.130860 6.201177 -9.304090
-14.750549 5.880297 -8.655975
-14.870536 4.953578 -8.472065
-14.849020 5.830290 -8.843469
-14.522836 6.725065 -8.839914
-14.461010 7.374051 -8.145634
-14.424369 6.466351 -7.859684
-14.853790 6.317073 -8.696549
-14.998691 6.134094 -7.773211
-14.481694 5.372804 -7.527893
-14.162515 4.801194 -8.219570
-13.283091 5.020778 -7.927291
-13.468061 5.817606 -8.415022
-12.782614 5.462102 -7.857520
-13.268406 5.387896 -8.673320
-12.999097 6.172363 -8.205224
-13.791357 6.482010 -7.776888
-13.248250 5.851556 -7.313648
-14.036453 6.114011 -7.779352
-13.929389 6.682943 -8.535582
-13.630989 7.585598 -8.479021
-13.775830 6.839064 -7.905666
-14.446374 6.197685 -7.691113
-14.014348 5.788095 -8.434496
-14.188570 6.419525 -7.743141
-13.655902 6.092639 -7.024503
-13.033210 6.175073 -7.740387
-13.342559 5.606174 -7.042040
-13.150871 5.060220 -6.285589
-12.544203 4.637612 -5.685268
-13.149417 5.289212 -5.344441
-13.566168 4.830034 -4.621596
-14.171922 4.097996 -4.686490
-13.936209 3.401694 -4.080989
-13.190287 3.958395 -4.282768
-14.124889 3.791128 -4.208130
-14.817300 4.438356 -4.301356
-15.543352 3.825981 -4.231552
-14.726675 4.314510 -4.194032
-15.398980 4.929130 -4.472023
-15.561882 5.209178 -5.367604
-14.926746 5.285472 -6.073161
-14.145434 4.814447 -5.799818
-13.750357 5.475537 -6.360090
-13.021745 5.216599 -6.916061
-12.761066 6.029673 -6.494178
-12.799221 5.360241 -7.170516
-11.902293 5.258479 -7.474153
-11.387268 5.918396 -7.019966
-11.383966 5.527540 -7.888441
-10.743868 5.450527 -8.589421
-10.873606 6.389856 -8.678072
-11.054413 6.611087 -9.586585
-10.438708 6.003929 -9.187467
-11.110609 5.677128 -9.778043
-10.600108 6.220961 -10.370210
-10.054694 5.815965 -9.702729
-9.326753 5.207702 -9.787269
-9.801269 4.411411 -9.568667
-8.995547 4.821530 -9.868075
-9.414414 5.641470 -9.624608
-10.303293 5.896325 -9.396631
-10.737710 5.069191 -9.581459
-11.323834 4.930842 -10.319258
-11.417608 3.994086 -10.175298
-11.090842 3.235404 -10.649277
-10.903388 3.554893 -11.526670
-10.199796 3.965945 -12.019646
-10.721695 4.631468 -12.457515
-10.418007 5.323460 -11.877904
-10.152865 4.994101 -12.731280
-10.033797 4.943368 -13.674826
-10.541977 5.667440 -14.027674
-11.159510 6.270174 -14.430656
-11.519782 5.577339 -13.885483
-11.003718 5.551894 -14.685521
-11.226649 6.477634 -14.703878
-10.515955 6.244570 -14.114281
-9.855650 5.610002 -13.852841
-10.063950 5.840472 -12.952550
-10.041392 6.186400 -13.839598
-10.894450 5.877466 -13.549974
-10.562562 5.136198 -13.052578
-9.833772 4.747323 -12.578582
-9.176726 4.406890 -11.979062
-8.541875 4.674271 -12.636710
-9.084056 5.325453 -12.201934
-9.580057 5.929397 -12.746235
-10.386771 5.579186 -12.380730
-9.526043 5.787327 -12.030227
-10.070618 6.485438 -12.381092
-10.212063 6.610150 -11.447568
-11.134737 6.709099 -11.233298
-10.472569 6.565047 -10.564110
-10.477666 7.354266 -10.031066
-11.304572 7.550415 -9.601206
-11.059046 7.508038 -10.520418
-11.470259 7.077395 -9.777128
-10.768844 7.716762 -9.856230
-11.449418 7.862590 -10.506293
-11.902613 8.288439 -9.784977
-12.061775 7.392078 -9.505272
-11.442639 7.981979 -9.086088
-11.001242 7.412881 -8.462930
-10.882271 6.598497 -7.983708
-10.524225 5.953914 -7.380926
-10.406570 5.174769 -7.915827
-11.228231 5.120281 -7.437356
-10.291495 5.259165 -7.336040
-9.535985 4.954751 -7.829566
-10.195690 5.575583 -7.535647
-10.810763 6.127365 -8.009198
-10.402729 5.605394 -8.693366
-10.561865 4.797750 -9.172340
-11.444843 4.747709 -8.818962
-10.721932 4.127913 -8.835824
-10.814496 5.064048 -8.984533
-10.955150 5.319319 -9.891221
-10.521395 6.036794 -10.343014
-9.745739 6.507186 -10.052984
-9.304525 5.667362 -9.968986
-8.845614 5.229341 -9.258656
-8.970819 4.288535 -9.179680
-9.613305 4.399269 -8.485432
-10.193063 4.637127 -7.768262
-10.280808 3.993231 -7.072037
-10.911016 3.892078 -6.365189
-10.047521 4.093871 -6.712588
-10.739261 4.101507 -7.367162
-10.693293 5.052187 -7.333650
-11.288549 4.914201 -8.064170
-10.633142 5.576736 -7.867910
-10.708699 6.250812 -7.199373
-10.682317 6.279357 -8.150960
-11.164406 6.980894 -8.578120
-11.384069 6.283128 -7.968284
-11.200670 5.386855 -7.703541
-11.207435 4.835880 -8.480335
-11.843720 4.193628 -8.180866
-11.251979 4.753538 -7.687538
-10.941938 5.270398 -6.950137
-11.135310 6.170918 -6.707856
-11.432092 5.667435 -5.955890
-10.767112 5.232399 -6.480842
-10.854848 6.067203 -6.930771
-10.922009 6.381357 -7.827334
-11.541421 6.897410 -8.334333
-11.864480 7.207065 -7.493633
-11.000407 6.823309 -7.608259
-11.490675 6.007119 -7.585891
-10.679508 5.544159 -7.772179
-10.870233 4.700677 -7.373190
-10.696396 5.385898 -8.011377
-9.999080 5.927931 -8.367721
-9.362743 5.916813 -9.076227
-10.206876 5.656224 -9.431983
-10.877550 6.323748 -9.324105
-10.416975 6.681504 -10.077040
-9.615373 6.271939 -9.766041
-9.182297 5.509995 -10.138756
-9.282071 6.091215 -10.886591
-9.185811 5.287048 -10.385515
-9.270651 5.620440 -11.273592
-9.313735 6.104796 -12.092477
-9.900340 6.703619 -11.640444
-10.382697 6.413205 -12.408571
-10.138888 6.871402 -13.207096
-10.812642 6.667445 -13.848567
-11.631555 6.425544 -14.270343
-11.995626 5.704401 -13.765928
-12.260108 5.041490 -13.135350
-11.682077 4.847892 -13.867081
-11.727277 4.977762 -14.809482
-10.991605 5.551894 -14.999715
-11.383185 5.148430 -14.231008
-11.932465 4.865167 -14.955634
-12.102204 5.795927 -15.064739
-12.065308 6.520751 -15.681421
-11.239572 6.175827 -15.355511
-10.542596 5.538310 -15.233745
-11.001973 4.761279 -14.930061
-11.532591 5.248499 -15.553030
-12.143953 5.904430 -15.873997
-12.978021 5.968470 -15.418738
-12.697426 6.362981 -16.238895
-13.471170 6.702219 -15.799274
-13.251470 7.434281 -15.231078
-13.828071 6.977784 -14.625957
-14.102557 7.074520 -13.719133
-14.391908 6.257455 -14.113736
-14.966530 6.986066 -13.899341
-14.578597 7.807186 -13.612464
-14.973434 8.641490 -13.377794
-15.911208 8.677000 -13.215470
-15.396419 7.906054 -12.997150
-16.093356 7.260632 -12.928301
-15.499331 7.189362 -12.187298
-15.076504 7.942191 -11.785434
-14.564310 7.369129 -12.347829
-14.372684 6.531124 -11.937881
-14.932477 5.767095 -12.037487
-15.479874 5.533715 -12.781072
-15.638164 6.302516 -13.320442
-16.344118 6.885382 -13.057906
-16.085373 5.976862 -12.936776
-16.626499 5.330518 -12.493548
-17.506436 5.578642 -12.760332
-17.011097 4.880906 -13.178461
-17.488781 5.434549 -12.568275
-18.062291 6.108590 -12.920105
-17.564778 6.411954 -13.673417
-16.855532 5.939614 -14.098734
-16.152370 6.349282 -14.593470
-16.862370 6.065995 -15.161517
-16.190018 5.597156 -15.646450
-15.465445 5.007365 -15.461601
-15.865733 5.860660 -15.598295
-15.521222 6.498478 -16.215977
-15.508591 6.570557 -15.266411
-15.386039 6.954345 -16.129381
-16.191046 6.584221 -15.780094
-16.711567 5.901440 -15.367907
-16.635364 4.952152 -15.376616
-16.865788 5.570441 -14.689846
-16.411531 6.174795 -14.110676
-17.203959 6.657398 -13.895775
-17.342921 7.527003 -14.258415
-16.549141 7.070627 -13.996377
-17.059129 7.849304 -14.197880
-16.134813 7.623410 -14.238421
-15.896390 6.898624 -13.668449
-16.233100 7.609487 -13.131485
-15.825692 8.440770 -13.355130
-14.908551 8.658609 -13.219381
-15.147419 7.744241 -13.101470
-14.696551 8.568316 -13.258467
-15.407152 7.980480 -13.020717
-15.027415 7.633091 -12.219374
-14.804932 8.383104 -12.762525
-14.741770 7.568572 -13.251992
-14.461299 6.755379 -13.660750
-14.773354 5.869636 -13.502286
-14.307903 5.218099 -12.986647
-13.647732 4.552617 -12.818308
-14.194977 5.131613 -12.296469
-14.739661 5.755540 -12.766644
-14.068240 5.080240 -12.780567
-14.528105 5.666002 -13.374231
-15.163602 5.351916 -14.010252
-14.918486 5.947364 -13.308548
-14.295710 5.601290 -13.940538
-14.558659 5.856033 -13.061338
-13.816124 5.737533 -12.476847
-14.059640 4.925319 -12.043214
-13.639486 4.533552 -12.802832
-12.819089 4.062827 -12.914169
-13.107031 3.685156 -12.088649
-13.496963 3.400357 -11.267751
-12.897947 2.668457 -11.155802
-12.634968 2.670369 -12.071152
-13.241973 2.473315 -12.778078
-13.926256 1.814209 -12.844154
-14.277963 1.395794 -12.064243
-14.458703 0.924108 -12.871630
-13.761234 0.615145 -13.441813
-14.411296 0.321664 -14.072938
-13.845430 0.909168 -13.581345
-13.632705 0.255887 -14.240890
-13.887852 -0.530749 -13.768521
-13.855856 -1.164456 -13.058294
-13.810611 -0.459321 -13.696861
-14.106170 -1.361027 -13.615610
-13.507291 -0.711243 -13.970791
-14.380353 -0.338542 -14.047516
-15.153637 -0.874888 -13.901247
-14.786560 -0.707413 -14.763938
-15.333691 -1.483737 -14.693234
-15.700919 -2.176470 -14.152591
-15.150612 -1.641221 -13.588941
-15.432614 -1.120825 -14.335059
-14.854137 -0.452609 -14.689855
-15.321024 -1.150404 -15.139441
-15.307647 -1.277033 -16.083271
-14.943430 -0.397243 -16.064694
-14.729234 -0.337440 -15.138642
-15.400342 -0.993110 -14.975117
-14.892501 -1.690797 -14.572177
-14.408820 -1.149450 -13.955716
-14.013873 -1.038268 -13.096248
-13.452457 -1.523513 -13.693223
-12.701961 -1.854498 -14.177199
-12.355775 -1.678388 -15.046780
-13.170976 -1.390869 -15.446543
-14.082328 -1.446302 -15.175628
-14.705599 -1.125960 -15.820564
-14.865769 -2.052746 -15.970376
-14.407737 -2.289599 -16.771087
-14.605342 -2.940723 -16.104739
-13.849465 -3.039048 -15.533765
-14.626593 -3.039184 -16.084310
-15.384704 -3.443279 -15.673209
-15.332553 -2.610760 -15.213620
-15.801555 -1.792471 -15.081446
-15.102421 -1.652800 -14.449992
-15.569375 -2.482845 -14.453098
-16.276058 -1.890818 -14.214073
-15.855714 -1.284979 -14.816816
-15.019369 -1.088527 -15.227868
-15.094880 -0.155222 -15.053887
-14.195318 -0.466035 -15.019062
-13.469108 -0.955594 -15.393200
-12.886995 -0.601758 -14.727636
-13.654008 -0.093283 -14.482332
-13.187443 0.155902 -13.690339
-13.682176 -0.543650 -14.106146
-14.241374 -1.115334 -13.588936
-14.048965 -0.354145 -14.128008
-13.272061 -0.901863 -14.186781
-13.598928 -1.085577 -13.311317
-13.187033 -0.434356 -13.871035
-13.990461 0.060230 -13.740970
-13.774461 -0.198812 -12.850313
-14.359005 0.462843 -12.493173
-13.553423 0.261999 -12.959787
-13.262210 -0.404339 -13.574781
-13.637540 -1.060150 -14.154496
-12.866107 -1.582486 -13.956797
-13.166625 -2.048317 -14.731212
-12.350573 -2.538841 -14.709395
-12.227194 -1.714988 -15.170993
-13.084224 -1.510294 -15.532422
-12.275196 -1.368655 -15.050300
-13.092670 -1.286313 -15.531950
-12.662404 -0.654994 -16.100577
-13.353222 -0.050622 -15.846544
-13.262842 -0.325516 -16.753899
-12.818175 -1.164232 -16.830430
-12.146989 -0.489109 -16.803150
-11.594499 -0.914204 -16.154243
-11.395392 -1.191426 -15.265124
-11.867421 -0.491869 -14.823718
-11.693167 -0.016970 -14.016789
-11.421334 0.669870 -14.617945
-11.007080 -0.183730 -14.535545
-11.529824 -0.070876 -13.747489
-11.296205 0.836560 -13.577165
-10.839735 1.406985 -14.188131
-11.640995 1.762963 -14.560006
-11.507566 1.019350 -15.139890
-10.870992 1.482320 -15.676045
-10.394647 1.512223 -14.851890
-9.881280 2.139717 -15.351625
-10.529197 2.782632 -15.623459
-9.975262 2.152528 -15.172733
-10.616878 2.605756 -14.634270
-11.313333 3.070143 -14.180040
-11.872385 3.169250 -14.944676
-11.149708 3.194288 -15.564468
-11.745844 2.958381 -14.860195
-12.327534 2.875243 -15.609697
-12.973615 2.246117 -15.915981
-13.495596 2.998869 -16.176615
-14.348265 2.642204 -15.946888
-14.603230 3.004740 -16.789852
-15.114384 2.856966 -17.579734
-15.478385 3.425623 -16.908049
-15.470176 4.174172 -16.319292
-15.107058 3.627102 -15.629446
-15.115870 2.931143 -14.979374
-14.222236 3.033513 -15.292374
-14.441207 2.114127 -15.174859
-13.777224 1.980002 -14.505407
-13.284783 2.520673 -13.895320
-13.993317 1.900072 -14.036256
-13.454267 2.608615 -14.374518
-13.904613 3.444600 -14.301393
-13.962190 4.206132 -14.870412
-13.097552 4.171557 -14.472626
-13.316626 3.621708 -15.218750
-13.565365 3.975131 -16.067426
-14.215906 3.281180 -16.114938
-14.057804 2.434108 -15.709350
-14.597220 1.771166 -15.289150
-14.871564 0.868148 -15.161387
-15.456174 1.597992 -14.980869
-15.411630 2.087388 -15.796672
-15.304510 2.023693 -14.852481
-15.744948 2.689000 -14.332470
-15.504792 2.969402 -15.210381
-14.662382 3.351730 -14.984110
-13.980061 2.719280 -15.187763
-14.463239 2.301991 -15.894472
-14.123911 1.594645 -16.434423
-13.185289 1.755945 -16.434665
-13.151870 0.805403 -16.483484
-12.998568 1.254269 -15.657622
-12.470081 0.648092 -15.147444
-12.043658 0.572574 -14.299216
-11.286720 0.809699 -14.826328
-11.820076 1.493638 -14.432898
-11.173295 1.581583 -13.739379
-10.487619 1.359389 -13.116877
-10.842291 2.140154 -13.531175
-11.026656 2.517316 -12.676313
-10.655790 1.741611 -12.266718
-9.942890 1.113768 -12.334663
-10.364919 1.154514 -13.187459
-9.847033 0.559748 -12.653532
-10.346975 0.741232 -13.443566
-10.967361 0.322310 -12.854790
-11.177052 0.506165 -11.944155
-11.986375 0.654381 -11.464510
-11.645356 0.888270 -10.606588
-11.230457 1.334596 -11.338490
-11.134457 0.555860 -11.878290
-11.568193 -0.093495 -12.423488
-11.513408 0.854913 -12.490930
-12.129396 1.269187 -11.894302
-12.637834 1.919518 -11.419339
-12.773022 1.370570 -10.652913
-12.306071 0.556755 -10.816294
-12.429936 1.320334 -10.260747
-13.228680 1.835543 -10.200763
-12.737310 1.728313 -9.392006
-12.494833 2.450490 -9.963578
-12.124149 2.948426 -10.685854
-12.340770 2.209948 -10.124825
-13.083792 2.291485 -9.534655
-12.574456 2.682681 -8.831398
-13.185917 1.963991 -8.702445
-12.710604 1.403418 -9.308138
-12.153218 1.748319 -8.617202
-11.603222 1.166679 -9.133175
-10.980151 0.781323 -9.741708
-11.832224 0.645937 -9.338381
-11.644436 0.002650 -10.015099
-11.156629 -0.691292 -10.448130
-11.037546 0.225090 -10.217713
-10.559405 0.607868 -10.947023
-10.664511 -0.088392 -10.305770
-11.247207 -0.070839 -9.552652
-11.523364 0.832448 -9.430834
-10.744796 0.381170 -9.119048
-9.831745 0.466564 -8.861998
-10.422431 0.509037 -8.116133
-10.806641 1.352530 -8.335067
-10.874456 1.901821 -9.110122
-10.129006 1.693876 -9.665183
-10.782710 1.005375 -9.589911
-10.125198 1.372308 -9.006760
-9.904609 1.362170 -9.933187
-10.249985 2.190986 -10.250690
-11.004390 2.732027 -10.038143
-11.130587 1.861390 -10.402965
-10.288049 2.213442 -10.132376
-9.941548 1.365968 -9.870168
-10.635195 1.052663 -10.442639
-10.190979 0.504496 -9.802940
-10.867132 -0.137295 -9.608130
-11.451350 0.430670 -9.115042
-11.208210 1.077554 -8.459715
-10.901777 0.748428 -7.620190
-11.701813 1.248142 -7.488823
-12.054463 0.719975 -8.198547
-12.189435 -0.072560 -7.687957
-12.939922 0.507685 -7.603603
-12.045122 0.463453 -7.280483
-11.967833 1.383530 -7.047001
-12.485419 1.821708 -7.715683
-12.807121 2.569529 -8.209950
-12.268162 2.806406 -8.958577
-13.036357 2.378959 -9.324903
-12.739368 1.474595 -9.355790
-12.261090 1.822030 -10.102493
-11.972732 1.418211 -10.915395
-12.190025 1.947634 -10.154130
-12.238130 1.008528 -10.305108
-12.837491 0.757376 -9.608890
-13.712659 0.761584 -9.233267
-13.014313 1.273164 -8.836242
-13.267866 0.689090 -8.128007
-13.031243 0.704229 -7.205613
-12.814292 0.124446 -7.929363
-12.904256 0.536730 -8.783152
-13.403132 -0.235239 -9.032583
-12.702843 0.143194 -8.509695
-13.214587 -0.637154 -8.319424
-13.898729 0.025219 -8.303926
-14.499330 0.753935 -8.427540
-14.809640 0.899503 -7.538975
-14.626484 1.318011 -8.374639
-15.172802 0.848537 -8.997665
-15.327499 0.241438 -8.280357
-14.498790 -0.226186 -8.240357
-15.181284 -0.130011 -7.583103
-15.008381 0.495169 -6.885762
-14.340655 -0.043466 -6.472186
-13.821834 -0.838306 -6.550181
-14.744643 -0.792213 -6.319250
-14.332279 -1.570172 -5.956255
-14.646691 -0.888426 -5.370256
-15.226252 -0.392023 -4.800412
-15.801032 0.268968 -4.426580
-15.255590 -0.290997 -4.970605
-14.537088 0.169241 -5.393646
-14.114075 0.774848 -4.792538
-14.415843 1.451187 -5.391312
-14.829450 2.265219 -5.120553
-15.593070 1.828547 -4.755546
-15.756966 1.307581 -3.975313
-16.484029 1.040418 -4.529420
-16.769387 1.928369 -4.336691
-16.577404 1.368958 -5.083171
-16.049869 0.761826 -4.573147
-15.548639 1.369747 -5.108151
-15.494470 1.611281 -4.188501
-16.051600 0.879488 -4.435716
-16.721166 0.207622 -4.350230
-16.213565 -0.475044 -4.778410
-15.453660 0.099042 -4.777898
-16.113535 0.694532 -5.119928
-16.790379 1.358485 -5.030044
-16.139780 2.045223 -5.140226
-16.709351 2.628599 -4.647996
-16.769491 2.427649 -5.576991
-17.167219 2.185703 -4.746146
-17.206301 1.284963 -4.439275
-16.524350 1.945391 -4.363076
-15.956564 2.709179 -4.398813
-15.252757 3.131242 -3.915545
-14.306687 3.026320 -3.884377
-15.120934 2.532966 -3.859227
-15.948452 2.133520 -4.109600
-15.133238 2.458030 -4.479937
-14.576885 3.030264 -4.999598
-15.392956 3.067048 -5.489193
-15.387669 2.116670 -5.550698
-14.670126 1.653245 -5.971886
-13.809775 1.950737 -6.251752
-12.887413 2.172899 -6.168554
-13.565742 2.688634 -5.743211
-14.043445 3.497904 -5.588573
-13.390829 2.807248 -5.524414
-12.991920 2.362614 -4.782658
-13.436933 1.536942 -4.947762
-12.933963 1.146285 -4.239639
-13.426185 0.581178 -4.827348
-12.542069 0.232027 -4.886175
-12.416933 0.934986 -5.516428
-13.069890 1.252171 -4.899930
-13.398781 1.845374 -4.231370
-12.897071 2.587820 -4.554004
-13.698162 2.480294 -5.057710
-14.067763 1.603228 -5.023366
-14.681225 1.142381 -4.459172
-14.514726 0.226302 -4.258906
-15.012505 0.886870 -4.731024
-15.439812 1.585642 -5.216983
-14.521998 1.439688 -5.008790
-15.021010 0.756954 -4.570736
-14.081333 0.686878 -4.709039
-14.886542 1.087833 -5.021935
-14.783369 1.600436 -5.817939
-14.424881 2.297134 -5.276528
-13.649410 1.901277 -5.662496
-13.217831 1.919487 -6.511282
-13.232801 1.563834 -5.627927
-12.961522 2.056161 -4.859128
-13.172104 2.977890 -4.973582
-13.544350 2.884829 -5.845249
-14.066210 2.339782 -6.426296
-14.844797 2.240770 -5.886826
-14.129210 2.732660 -6.277990
-14.838961 3.364740 -6.339282
-15.335300 3.738540 -5.617513
-15.368959 2.952529 -5.080780
-15.995899 2.367851 -5.495664
-15.353158 1.683522 -5.655684
-15.728886 0.883123 -6.009548
-14.907516 1.046846 -6.462953
-15.493344 1.685250 -6.067637
-16.181281 1.030750 -6.141134
-15.525132 1.721030 -6.144811
-15.455491 0.919605 -5.635010
-16.113328 1.568229 -5.403562
-15.327666 2.105648 -5.372806
-15.680986 2.960063 -5.601208
-14.877970 2.457824 -5.700961
-15.032716 3.052404 -4.973254
-15.704563 2.893499 -4.317204
-16.518974 2.658648 -4.751493
-17.258360 2.563860 -5.344245
-18.132326 2.192057 -5.273710
-18.641036 2.301562 -6.071364
-18.444830 3.048745 -6.628366
-18.150291 3.707682 -7.249718
-18.415746 2.980810 -7.804895
-18.664201 3.614437 -7.138700
-19.313842 3.025320 -7.510100
-18.736166 3.741916 -7.265538
-18.247903 3.099416 -7.771327
-17.650152 2.857485 -7.070475
-17.460016 2.276892 -7.801085
-17.048638 1.586075 -7.290627
-17.917310 1.223736 -7.145196
-17.098403 0.925345 -7.529102
-16.791294 1.762479 -7.194559
-17.031569 2.213382 -6.390828
-16.617011 1.732230 -5.681133
-16.111906 2.166087 -5.000203
-15.840103 1.616715 -5.729136
-16.570732 1.185125 -5.296773
-16.339450 0.408969 -5.797891
-16.408289 1.032597 -5.081388
-15.878277 0.705100 -5.801710
-16.043082 0.311707 -6.653244
-15.987379 -0.173942 -7.470601
-16.318055 0.585958 -7.001308
-17.117694 0.106626 -6.806764
-17.233374 -0.081369 -7.733211
-16.743294 0.352834 -8.424817
-16.634619 1.231770 -8.074545
-16.436161 0.698290 -7.310971
-15.990508 -0.111174 -7.541599
-15.611010 -0.602231 -6.819190
-15.107776 0.191473 -6.973524
-15.575766 0.969472 -6.685890
-16.384386 1.471071 -6.646381
-15.642807 1.990964 -6.941002
-16.568722 1.808361 -7.068935
-17.070656 1.211596 -6.522160
-17.756850 0.588933 -6.302028
-16.936610 0.761470 -6.754208
-16.954177 -0.082009 -7.196094
-17.768628 -0.500010 -6.933462
-18.011879 0.285115 -7.414540
-18.791670 0.007927 -7.885838
-19.441842 -0.159708 -7.210410
-19.994177 -0.740209 -6.695653
-19.170700 -1.109632 -6.391612
-19.629524 -0.502198 -6.963919
-19.705091 0.314744 -6.480262
-19.798131 -0.167392 -7.296299
-19.924710 0.672485 -7.727130
-19.363230 1.185914 -7.154276
-18.810687 0.591483 -7.652651
-19.458710 1.242794 -7.401873
-18.943524 1.398244 -6.616094
-18.509190 0.653383 -7.020527
-18.148998 1.047327 -7.809260
-17.420367 0.629636 -8.258326
-16.785039 0.337421 -8.904853
-17.587287 -0.166998 -8.810035
-17.297926 0.692121 -9.101950
-17.429563 0.363262 -8.217895
-17.370290 0.921087 -7.448253
-17.673838 0.634704 -8.304333
-16.982416 0.120500 -8.709992
-16.688088 0.865280 -8.194530
-16.129170 0.126970 -8.417101
-15.654365 0.560362 -9.119781
-14.947776 -0.063786 -9.254699
-14.380670 -0.519647 -9.869199
-15.030472 -1.013458 -10.360051
-15.456278 -1.722652 -9.888075
-15.630180 -1.416449 -9.003187
-16.103859 -0.770111 -8.488498
-15.271267 -0.325961 -8.617140
-15.802015 0.280488 -8.109641
-15.560317 0.682525 -7.280800
-15.185583 -0.029686 -6.771528
-15.504550 0.866159 -6.719071
-15.255035 0.616990 -7.603767
-14.810641 1.013512 -6.860590
-15.345287 1.645780 -6.390036
-15.668354 1.490445 -5.507694
-16.184479 1.603023 -4.715248
-15.876202 0.790564 -5.104998
-16.486046 0.194379 -5.528889
