0.619048 13.000028 -11.000000
-0.044868 13.519060 -11.443679
-0.323065 14.243265 -10.891263
-0.675806 13.961698 -11.729907
0.021274 13.312772 -11.727683
-0.548287 12.571880 -11.911281
-0.876400 13.259105 -12.483202
-1.607147 12.876318 -12.959136
-2.059434 13.492225 -13.527577
-2.822156 13.163975 -13.061168
-2.224837 13.644693 -13.626100
-1.512553 13.129995 -13.258993
-0.571544 13.083001 -13.397999
-1.181887 13.448952 -14.030921
-1.528490 14.085578 -14.648662
-2.000742 14.705595 -15.196008
-1.924170 15.598769 -14.874436
-2.483394 14.928752 -15.255718
-1.719993 14.698714 -14.734823
-1.208582 14.053270 -14.256399
-1.241834 14.463956 -13.397761
-1.597004 13.583742 -13.319613
-1.377646 14.510488 -13.326941
-0.949699 15.349242 -13.184174
-1.146617 14.992499 -12.323368
-0.710768 14.670144 -11.540328
-0.602059 13.871799 -11.032530
-0.972304 14.488878 -10.408702
-0.185603 14.734433 -9.931382
-0.146946 13.782914 -9.919296
-0.716197 14.138970 -10.594727
-1.237410 14.707444 -10.035974
-0.295655 14.692298 -9.894917
-1.070043 15.154568 -9.588877
-1.056502 14.294811 -9.179409
-1.352970 14.085478 -10.059929
-1.911554 14.834428 -10.244557
-2.495291 15.492591 -9.879729
-1.900703 16.077504 -9.419976
-2.824273 15.970573 -9.626407
-2.727259 15.697487 -10.533624
-2.279944 15.218993 -11.224987
-1.973863 14.952181 -12.086470
-1.996445 15.610164 -12.774640
-1.371244 16.081774 -12.232666
-0.957257 16.709169 -11.647841
-0.997671 15.822074 -11.992020
-1.340443 15.107536 -11.463841
-0.605748 15.573735 -11.076657
-1.513150 15.790797 -10.885520
-1.530782 15.201268 -10.137741
-1.621703 14.541766 -10.818784
-1.779890 13.972707 -10.071670
-1.065948 13.502891 -10.491897
-0.525440 13.018835 -9.874992
0.078373 12.653389 -10.514435
-0.265823 13.195744 -9.811293
-0.349375 12.635865 -10.577181
-0.978098 12.367446 -11.240270
-1.542917 12.829868 -11.851969
-2.192478 13.199974 -12.441987
-1.535053 12.513263 -12.384974
-1.431712 12.670770 -13.318538
-2.189806 12.095347 -13.353354
-2.701458 11.349393 -13.055371
-3.189262 10.798092 -13.659643
-2.987774 10.535146 -12.766731
-3.639072 10.473819 -12.074576
-3.075327 9.860103 -11.613520
-3.823911 10.448319 -11.639065
-3.747963 11.372677 -11.422681
-3.523143 11.895050 -10.658735
-4.306192 11.353376 -10.680025
-4.225450 12.139977 -10.149204
-3.439068 12.674419 -10.204017
-3.422272 13.335748 -9.518895
-2.840415 13.863858 -10.057013
-3.564254 13.508871 -9.549991
-4.058429 13.996707 -8.898194
-4.843373 13.553105 -9.204965
-5.047681 14.470582 -9.358338
-5.666246 14.952823 -8.818105
-4.928303 14.917983 -8.217059
-4.322886 14.401375 -7.693975
-4.918315 13.687403 -7.900706
-5.376258 14.435808 -7.530290
-4.496838 14.577268 -7.193187
-3.765784 13.977097 -7.081899
-4.367354 14.549063 -6.614998
-4.676985 15.224750 -7.210486
-4.335415 16.087230 -6.994872
-4.367723 15.135902 -7.025890
-3.533897 14.895940 -7.418550
-4.341892 14.875389 -6.914813
-4.615276 14.311887 -6.197348
-3.946174 14.354558 -5.520952
-4.172818 15.226239 -5.211381
-4.029911 15.676041 -6.038596
-4.096121 16.532489 -6.449866
-4.157530 15.732741 -6.963346
-3.770820 15.026006 -6.455397
-2.909969 15.430579 -6.407609
-3.281030 14.801200 -7.018529
-3.074750 13.876905 -7.119311
-2.465872 14.595631 -7.259775
-2.580038 13.692878 -7.540901
-3.281433 14.140903 -7.077925
-2.848506 13.765636 -6.317150
-2.050834 14.010253 -6.776402
-1.348068 14.017057 -7.419132
-1.024240 14.523230 -8.158019
-1.773583 14.514521 -7.570279
-1.195532 14.984998 -8.163185
-1.989116 15.332042 -7.767187
-1.996495 16.282713 -7.823748
-2.702330 16.893572 -7.634862
-3.271088 16.397673 -8.215921
-4.159874 16.716582 -8.091882
-4.066529 15.994485 -8.705798
-3.299967 16.283659 -8.220214
-3.805423 16.648679 -8.940148
-3.319914 15.886232 -9.240124
-2.764249 15.354322 -9.801672
-3.262958 14.948263 -9.099224
-2.752839 15.166219 -8.325076
-2.435655 15.972350 -8.720774
-1.660430 15.526090 -9.047739
-1.056373 16.023974 -9.590193
-1.581027 15.786203 -8.831751
-2.049831 15.134021 -8.319980
-1.975036 15.580291 -9.158000
-1.308636 14.961723 -8.874604
-0.991815 15.466262 -9.617634
-0.248856 15.069948 -10.062580
-0.022103 14.418303 -10.719064
-0.967143 14.361249 -10.615747
-1.484610 13.661304 -11.002184
-1.717493 13.860981 -11.903807
-1.637573 13.247217 -12.627641
-2.158110 12.754888 -13.255083
-2.377818 12.126628 -13.936292
-1.693587 11.503177 -14.160269
-0.916132 11.778422 -13.683997
-0.646216 11.963393 -12.789592
-0.949582 12.522744 -13.498201
-0.124663 12.894909 -13.201500
-0.763834 12.303687 -13.587435
-1.270643 11.874923 -14.270323
-0.770862 12.400975 -13.653462
-1.152720 12.905692 -14.365132
-1.626913 13.060228 -15.176483
-2.173886 13.805558 -15.405250
-2.864108 13.558277 -16.013093
-2.520711 14.326593 -16.458961
-3.258480 14.904036 -16.287823
-4.192630 14.975710 -16.458869
-4.108169 14.734175 -15.541505
-4.083750 15.246617 -16.343899
-3.868775 14.363050 -16.060841
-4.240380 14.563333 -15.207128
-5.150404 14.564324 -15.487992
-5.428453 14.074234 -14.720183
-6.289963 14.433349 -14.909571
-6.603348 14.132013 -15.756930
-6.022330 14.886556 -15.767553
-6.800094 14.723170 -15.242751
-7.383311 14.061368 -15.601786
-7.627910 13.275555 -15.122516
-7.433218 12.556063 -15.715353
-6.840683 12.394291 -14.987506
-6.279395 12.861970 -14.376554
-6.690635 13.307369 -13.642026
-5.969214 13.665235 -14.150467
-6.713721 14.075342 -14.580063
-7.373310 14.760296 -14.527067
-7.269245 15.123696 -15.401217
-6.459471 15.451330 -15.021809
-6.668024 14.785363 -14.373717
-6.208657 15.349059 -14.988744
-6.582210 15.804525 -15.737102
-7.251370 15.133069 -15.645458
-7.216957 14.204337 -15.853553
-7.238906 13.501530 -16.495901
-6.521342 13.090387 -16.023575
-6.156681 13.906499 -15.694921
-7.024764 13.936245 -15.304310
-6.417112 14.367011 -14.710820
-5.499801 14.550030 -14.889915
-5.707540 15.310445 -15.424371
-6.098365 14.771128 -16.105123
-6.299569 14.104908 -15.454970
-5.650503 13.437811 -15.253165
-4.750278 13.134293 -15.186075
-5.142151 12.268048 -15.241610
-5.319829 11.863581 -16.085331
-4.537899 11.334416 -15.960429
-5.294630 11.906258 -15.874485
-5.035362 12.618790 -15.298197
-5.656406 13.317588 -15.479902
-6.069950 14.139335 -15.233442
-6.035486 14.926504 -14.698458
-6.592796 14.869282 -15.468628
-6.620899 14.921328 -14.518085
-6.913687 14.055855 -14.249268
-6.298568 14.782933 -14.253208
-5.355686 14.896660 -14.182011
-4.509536 15.199642 -14.497071
-3.879911 15.554650 -13.876932
-4.364463 15.859679 -14.637982
-5.086762 16.402421 -14.939221
-4.419721 17.062066 -14.775039
-3.968421 16.311278 -14.401310
-3.610464 15.444368 -14.566730
-4.188520 16.196895 -14.647861
-3.432168 15.663028 -14.871344
-2.699470 15.666006 -15.479764
-2.877580 15.193181 -14.672458
-1.950083 15.404847 -14.628009
-2.032784 16.008009 -13.895625
-2.576682 16.315067 -14.614596
-3.021956 16.306428 -13.772761
-3.737637 15.852993 -14.207764
-3.262020 16.527536 -13.732570
-2.552525 17.074205 -14.056296
-3.053104 17.883369 -14.015009
-3.534676 17.776677 -14.829708
-3.713839 18.352610 -14.092666
-3.546680 17.453724 -14.359294
-3.352564 16.839139 -13.658129
-3.321170 17.029013 -12.725395
-2.797100 17.815875 -12.610378
-3.292890 18.614122 -12.765376
-3.286225 18.948411 -11.873616
-2.473810 18.560251 -11.563226
-2.500375 18.013897 -10.783598
-2.990731 18.669986 -11.269528
-3.937006 18.758045 -11.331492
-3.415923 19.214628 -10.678014
-4.250969 19.223388 -11.135891
-3.700182 19.111088 -10.367092
-4.199541 19.504304 -9.657831
-4.602879 19.606947 -10.514460
-4.014788 18.857836 -10.517819
-3.613444 19.392748 -11.195921
-2.967146 18.865493 -10.736212
-2.257911 18.309874 -10.427500
-2.754971 17.977506 -9.686222
-3.030737 17.539370 -10.485610
-3.568319 17.060833 -11.109338
-3.870164 16.411751 -10.481157
-4.529327 16.083831 -9.877003
-4.509451 16.542570 -10.711385
-4.913916 17.253135 -10.222985
-5.431850 16.607049 -9.752510
-5.596846 16.003349 -9.034630
-5.693105 15.315894 -9.686681
-5.945914 14.445780 -9.979968
-6.063896 15.341431 -10.281494
-6.833973 15.879769 -10.125919
-7.554864 15.261280 -10.056501
-7.050619 14.497310 -10.319399
-6.657760 15.359244 -10.418199
-6.965523 14.616797 -9.907235
-7.591646 15.268010 -9.605704
-6.929526 14.846072 -9.066635
-7.399373 15.652879 -9.254611
-8.205461 15.311490 -9.629718
-8.746856 15.969666 -10.054837
-9.177419 16.226328 -10.864633
-9.013301 17.123393 -10.590102
-9.140108 18.052444 -10.756884
-8.665764 17.249126 -10.565290
-7.834730 17.242844 -11.030449
-7.009037 17.714974 -10.981924
-6.391434 17.603447 -11.698273
-6.769571 17.078423 -10.999424
-5.925501 16.692989 -10.784914
-5.641586 15.813483 -11.014896
-5.945420 16.451213 -10.376136
-6.114923 15.585130 -10.018090
-6.554995 16.051311 -10.722391
-6.176077 16.497775 -11.473470
-6.420526 17.359263 -11.797684
-7.115510 17.388241 -12.448211
-6.894579 16.485664 -12.656956
-7.292515 16.921565 -11.909516
-7.841032 17.674216 -12.108705
-8.546587 17.085230 -11.859067
-8.999022 16.284768 -11.610890
-9.695815 15.928859 -12.153879
-8.997146 15.696249 -11.549907
-8.914431 15.741614 -12.497604
-9.179977 16.619256 -12.240193
-8.602898 16.007711 -11.792956
-8.161938 15.280441 -12.221512
-7.376535 15.818975 -12.209106
-7.749745 16.493422 -12.768450
-7.843934 17.223475 -12.164149
-7.650779 17.891415 -11.513321
-7.380336 18.802226 -11.579005
-7.444341 19.465673 -10.898733
-7.955800 18.744312 -10.545070
-8.256814 17.881542 -10.276653
-7.463171 17.672251 -9.793584
-8.147961 18.242812 -9.458094
-7.953905 17.485221 -8.914563
-7.218399 17.121880 -9.398344
-7.866521 17.719168 -9.759198
-8.434007 16.980569 -9.957845
-7.906824 17.173715 -9.188559
-7.277546 17.305142 -9.891243
-7.156610 17.070321 -10.806264
-7.828191 17.108967 -10.132087
-7.050802 17.139370 -10.681424
-7.465550 16.916374 -11.509244
-7.843207 16.351488 -10.841930
-7.602011 16.722812 -11.685122
-8.505590 16.583532 -11.951910
-9.218288 15.985015 -11.749749
-9.233468 15.263732 -12.371480
-9.903679 14.587577 -12.345775
-10.392004 13.809336 -12.094957
-9.936549 13.085130 -11.676490
-10.147388 13.482031 -12.516161
-10.566767 12.952125 -13.187242
-10.046126 12.675970 -13.935373
-10.524250 13.261936 -13.356522
-10.213740 12.978161 -14.210971
-9.628546 12.318439 -13.851328
-9.423858 12.999693 -13.218063
-9.844310 12.867616 -12.373785
-10.319386 13.228427 -13.116178
-11.044276 13.374137 -13.716454
-11.647078 13.850745 -13.153867
-12.386620 13.410361 -12.746228
-11.595944 13.276055 -13.259865
-10.705413 12.977040 -13.416626
-10.640531 12.202092 -12.866829
-10.314892 12.745888 -12.156001
-10.793572 12.543149 -11.358009
-10.240206 12.972619 -10.712742
-10.856169 12.419809 -10.241552
-10.165218 12.711864 -10.828340
-9.491817 12.089531 -11.085755
-10.057538 11.474570 -11.542715
-10.365273 12.333717 -11.270328
-10.873285 12.623256 -12.022073
-10.409507 13.223205 -11.445877
-10.074312 12.744876 -10.693630
-10.579422 13.529507 -10.884018
-11.117470 12.899928 -11.354298
-10.469733 13.212350 -10.729912
-10.756555 12.305368 -10.776230
-11.650270 12.030219 -10.956781
-11.043883 11.545391 -11.508385
-10.426111 11.161576 -12.123262
-10.489612 10.573100 -12.869380
-11.331561 10.780066 -13.263483
-12.062518 10.190718 -13.104106
-12.169242 10.907353 -12.485984
-11.613495 10.197872 -12.178068
-10.699784 10.422449 -12.030671
-9.877770 10.636159 -12.461544
-9.977803 11.357253 -11.847504
-9.355385 10.699330 -12.142057
-8.812397 10.158511 -11.576630
-9.003421 11.018448 -11.214623
-9.444159 10.941009 -12.055326
-10.099047 11.611736 -11.887173
-10.634470 12.299892 -12.270308
-11.221979 11.690064 -12.706167
-10.823722 11.154490 -12.026768
-11.664977 10.854376 -12.357300
-12.274453 10.242142 -11.956379
-11.402664 9.951228 -11.706615
-10.785554 9.415799 -11.217206
-10.505859 8.686105 -10.672830
-11.102314 8.349510 -11.334627
-10.225460 8.514106 -11.001362
-9.746304 9.134670 -10.460679
-10.666270 9.190842 -10.220810
-10.195943 9.418075 -9.424450
-10.251273 8.774295 -8.724797
-10.608384 8.433986 -7.910125
-11.473990 8.789098 -8.088031
-10.633490 9.096010 -8.414210
-10.098491 9.586823 -9.030579
-9.491838 9.360863 -8.332050
-9.354259 9.774791 -7.485430
-9.366562 8.977517 -8.006230
-8.930279 8.164587 -7.769946
-8.292846 7.590140 -7.356764
-7.818309 8.347780 -7.028397
-7.485625 7.565591 -7.457969
-7.904037 8.231350 -7.995301
-8.518769 8.127626 -8.715285
-8.563923 8.716325 -9.462563
-9.412892 8.918635 -9.843812
-9.896026 8.294432 -9.310914
-9.037090 8.695787 -9.401309
-8.785482 7.953366 -9.942172
-9.298436 8.536278 -9.390702
-10.028274 8.924067 -8.917430
-9.950110 9.019967 -7.973120
-9.839059 8.089954 -7.800566
-10.250036 8.405610 -7.001511
-9.849610 9.150549 -6.563612
-9.435792 9.909530 -6.963277
-9.403134 10.860345 -6.919513
-8.631657 11.372029 -6.695838
-8.570298 12.205092 -6.238378
-8.675282 11.755457 -7.071346
-8.134530 11.166131 -7.588369
-7.391631 10.727193 -7.185298
-6.613650 11.154526 -7.530494
-6.422550 10.283534 -7.864986
-5.589319 10.674344 -8.109978
-5.978135 10.771179 -7.245990
-6.105342 11.449981 -6.590190
-6.524268 10.957397 -7.289397
-6.485179 10.023012 -7.469473
-7.091520 10.715435 -7.714278
-7.841934 10.157306 -7.894276
-7.364093 9.659914 -7.237541
-6.643590 9.559476 -7.852209
-5.937367 9.562909 -8.491166
-5.501575 9.922676 -9.257770
-5.250233 9.030563 -9.038702
-5.895542 8.789857 -9.696475
-5.047224 8.404368 -9.893408
-5.990184 8.534661 -9.863750
-5.340930 9.228890 -9.804216
-5.004236 9.794319 -10.492662
-5.092064 10.718419 -10.705630
-5.526344 11.319235 -11.303500
-4.907294 12.042841 -11.317722
-5.033173 11.855063 -12.242883
-4.137477 11.957255 -11.935774
-4.204846 11.452183 -12.740382
-3.758881 12.235689 -13.047405
-4.091065 11.661847 -13.731063
-3.519986 10.899742 -13.740744
-4.164896 10.737399 -13.059009
-3.762219 10.625404 -12.203241
-4.153160 10.748727 -13.062884
-4.432868 11.304352 -13.784046
-5.262906 11.679828 -13.506403
-5.774370 12.472741 -13.377093
-6.491038 12.378869 -13.997257
-5.834939 13.063315 -13.907282
-4.943749 12.801218 -13.697250
-5.652201 13.158644 -13.170590
-5.209487 12.525917 -12.613195
-4.402110 12.022233 -12.651624
-3.470362 11.870345 -12.525911
-2.989078 11.781066 -11.708950
-3.861551 11.428094 -11.854658
-3.649854 12.049810 -11.164961
-2.830320 12.335103 -11.557392
-3.606917 12.791500 -11.248154
-3.684154 12.220890 -10.489558
-2.753186 12.024040 -10.449857
-3.484351 11.484297 -10.165070
-4.295111 11.983655 -10.146698
-5.095528 12.099765 -10.649572
-4.599461 12.711194 -11.185390
-4.902679 12.334399 -10.364955
-4.976677 11.409987 -10.148123
-5.621877 11.978681 -10.557187
-6.281483 12.525404 -10.973172
-7.028682 12.064990 -11.342962
-6.432229 12.012923 -12.083612
-6.704511 11.952549 -12.994242
-6.189907 11.789846 -13.778932
-5.753321 11.143255 -14.325140
-6.319443 10.513309 -14.760690
-6.579283 10.840810 -15.616410
-7.091704 10.192931 -15.142376
-7.253541 9.333750 -14.764690
-7.953157 9.871854 -14.406904
-7.245973 9.304468 -14.698438
-8.185938 9.280209 -14.849789
-7.769047 8.650239 -14.269815
-8.331031 8.350596 -14.977923
-7.777548 8.942298 -14.477349
-8.141588 9.822318 -14.485683
-8.560925 10.457272 -13.912954
-9.283606 10.947145 -13.532447
-9.643410 10.152141 -13.150950
-9.181526 10.860897 -12.713506
-10.026824 10.850498 -12.274879
-9.372651 10.499014 -11.678601
-8.683528 10.486112 -12.335847
-9.621422 10.324110 -12.302091
-9.873889 10.736014 -13.122838
-8.994110 10.912837 -13.441829
-8.989407 10.377766 -14.229677
-9.113474 9.468482 -13.975041
-8.574950 9.051758 -13.309186
-8.272978 8.242394 -12.908221
-8.129169 7.302270 -12.958365
-8.590806 7.816547 -12.303048
-9.530792 7.664300 -12.319687
-9.359042 7.553113 -13.249831
-9.517085 8.242450 -13.887693
-9.483373 9.050063 -13.384053
-10.083170 8.621096 -13.986765
-9.388004 8.036189 -14.272520
-9.961970 7.443673 -13.796580
-10.268043 8.334858 -13.934921
-10.783852 8.654846 -14.668800
-11.431724 9.193142 -15.113242
-10.763512 8.801134 -14.559299
-11.365641 9.389899 -15.004076
-10.871994 8.591450 -15.164768
-10.907885 8.536633 -14.214644
-10.018068 8.198717 -14.247324
-9.443339 7.882650 -13.556804
-9.027361 7.159818 -14.016700
-9.573375 7.855850 -13.663944
-9.465511 7.382806 -14.483470
-8.623079 7.826685 -14.465932
-7.746110 8.166007 -14.616986
-7.517556 7.831554 -15.478922
-8.124837 8.334790 -16.012770
-7.593704 9.060522 -16.326202
-7.741549 9.343195 -15.428835
-7.228910 8.902516 -14.757991
-6.712515 8.548864 -15.475833
-6.676020 9.355046 -14.970098
-5.932834 9.862150 -14.657768
-6.817334 9.835034 -14.305697
-6.327453 9.185018 -14.800191
-6.080852 8.277314 -14.949494
-6.376470 7.376367 -15.038559
-6.574589 8.305838 -14.976428
-7.132586 9.076884 -15.010457
-6.929976 10.007451 -15.005778
-6.471212 9.555989 -14.303819
-6.124039 10.222210 -13.718456
-6.921211 9.921572 -13.292824
-7.429239 10.479316 -13.874079
-7.877339 9.640482 -13.823157
-8.576795 9.479867 -13.197064
-8.026589 9.869930 -12.524642
-8.006734 9.146664 -13.143932
-8.009232 9.828397 -13.808960
-8.653151 10.514690 -13.662673
-8.513605 9.981989 -14.439710
-7.854194 10.640089 -14.637478
-6.936963 10.450807 -14.464596
-6.964536 11.008013 -13.692722
-6.487459 10.309873 -13.254512
-6.382871 10.225394 -14.197356
-5.834450 9.525175 -13.856831
-5.796190 10.213222 -13.199445
-6.463788 10.681431 -12.707384
-7.018051 10.860026 -13.460991
-7.340053 11.569718 -14.008424
-6.993980 11.544246 -13.121511
-6.436188 12.153738 -12.647787
-7.100686 12.519165 -12.071649
-7.641897 12.027849 -12.682163
-7.029776 12.642919 -13.074623
-6.287500 12.192923 -13.466489
-7.239724 12.209765 -13.470271
-6.671764 11.516103 -13.148892
-7.479145 11.494059 -12.644234
-6.715843 11.252884 -12.128255
-7.473440 11.347015 -11.558856
-7.180691 12.234564 -11.375590
-6.585929 11.514947 -11.563842
-6.171747 10.889983 -10.976557
-5.374716 10.762561 -11.482064
-6.091548 10.498893 -12.050976
-5.607387 10.016047 -12.713906
-4.916355 9.496382 -12.314589
-3.965055 9.451155 -12.310974
-4.694232 8.953749 -11.953318
-3.856355 8.755390 -11.546321
-3.350655 9.180576 -10.860382
-3.983330 8.717810 -11.401307
-4.525579 8.199845 -11.988425
-3.782901 8.623607 -11.569040
-4.485117 8.812757 -10.954106
-4.669804 8.033994 -11.470291
-5.380542 7.412210 -11.346738
-4.855990 7.977590 -11.905504
-5.470204 7.842663 -12.620741
-6.242460 8.224290 -12.214527
-6.856625 8.879221 -11.896884
-6.555866 8.273685 -11.226138
-6.373710 7.343420 -11.134183
-6.323042 8.152522 -10.634367
-5.559300 8.315966 -10.089377
-5.171283 8.358276 -10.958101
-5.734962 7.961442 -11.615230
-5.390536 8.036461 -12.499974
-6.181035 7.812582 -12.018291
-6.798061 8.353602 -12.501620
-7.019530 8.936848 -11.782034
-7.620314 9.675290 -11.753918
-7.769086 9.228956 -10.925859
-8.443085 9.492302 -10.306663
-8.667455 8.589272 -10.103624
-8.349884 8.095907 -10.853803
-8.785870 8.659432 -11.485770
-8.453050 7.956002 -10.936730
-8.446960 7.228053 -11.550801
-7.707195 6.838090 -12.006549
-6.939602 6.313586 -11.799848
-7.353807 6.563728 -10.979548
-7.753861 6.005084 -11.639020
-7.154903 5.959156 -10.899987
-7.705820 6.636638 -10.519806
-7.382957 7.506129 -10.303528
-7.764228 8.220030 -10.805531
-7.160294 7.488645 -10.891390
-6.688012 8.270530 -10.621880
-5.937434 8.463413 -11.175467
-6.058353 8.429250 -10.231411
-7.010717 8.434910 -10.230300
-7.582344 8.045718 -9.575470
-7.535363 7.336101 -8.942014
-7.518047 7.378190 -7.990721
-7.908016 6.510059 -7.954616
-7.391367 7.224088 -7.593690
-7.587486 6.731683 -8.384958
-7.980986 7.589364 -8.256227
-7.855585 8.472238 -7.921805
-8.700230 8.251230 -7.541330
-8.363949 7.458516 -7.134453
-8.359324 8.065549 -7.868292
-8.042566 7.315127 -8.361811
-8.325758 7.413405 -9.265788
-8.097121 8.224765 -8.822561
-7.634539 7.737887 -8.147285
-7.787890 6.870978 -7.783990
-8.331033 7.583881 -8.106158
-7.642614 8.206384 -8.319699
-8.037793 7.421469 -8.686812
-8.010394 6.761125 -9.372542
-7.228042 7.066868 -9.821403
-6.375638 7.241283 -9.434084
-6.330991 7.593573 -10.317785
-6.848587 7.244980 -9.598335
-7.587935 7.639876 -9.146173
-7.869633 7.007507 -8.492121
-7.149170 6.538659 -8.082069
-6.559891 7.183635 -7.702876
-6.001669 7.406437 -8.441643
-5.364240 7.225545 -9.125743
-4.884773 7.308259 -9.944461
-4.298890 7.137161 -10.675553
-3.809252 6.924964 -9.886721
-4.684050 6.640549 -10.133432
-4.027779 7.314425 -9.984337
-4.384097 8.146590 -9.688419
-3.603450 7.669820 -9.423259
-4.280388 7.615208 -8.755574
-5.084262 7.219769 -8.432395
-5.347520 7.823280 -9.120508
-5.546279 7.104267 -8.528441
-5.745244 6.574283 -9.294312
-6.541847 6.123570 -9.557583
-6.930831 6.754968 -8.960039
-6.304904 7.358814 -9.348128
-6.032276 7.515561 -10.247090
-6.715648 7.151160 -10.801387
-7.479693 7.718888 -10.770586
-7.498530 7.371460 -9.884037
-7.659560 7.217410 -8.958096
-7.785813 7.465618 -8.047336
-8.354743 8.209046 -8.222443
-7.980787 9.017152 -7.884582
-7.991106 8.699588 -6.986765
-8.380653 8.415226 -6.165534
-7.927915 9.128391 -5.725704
-8.523015 8.812838 -6.398988
-9.180740 9.430115 -6.704598
-8.517520 9.125421 -7.316424
-7.977226 9.802802 -7.711729
-8.152895 9.750704 -6.777140
-8.045711 9.090486 -7.455117
-7.170414 9.029204 -7.825425
-6.541715 8.651162 -8.432757
-5.807129 9.149766 -8.088073
-6.708483 8.975818 -7.834435
-7.159770 9.179339 -7.020832
-6.954904 9.924432 -6.464151
-7.004446 8.979935 -6.575949
-6.966578 8.527692 -7.413250
-6.739391 8.582338 -6.489978
-6.827973 7.728470 -6.902400
-6.770652 8.473380 -7.493037
-6.291942 8.973664 -8.146935
-5.822191 9.292520 -8.911588
-6.680731 9.318890 -8.500196
-6.189670 10.020279 -8.083132
-7.078634 9.866449 -8.388268
-6.509372 10.223150 -9.063350
-7.315142 10.716728 -8.944414
-8.029612 10.577815 -9.558633
-7.678804 9.731169 -9.299496
-8.277991 9.032427 -9.543960
-8.602180 9.435207 -10.343772
-8.892154 8.712973 -9.794842
-8.469543 9.399291 -10.302186
-8.803907 9.168284 -9.440870
-8.302470 9.526600 -8.714784
-8.107149 9.926521 -7.872796
-7.760018 10.675470 -7.397818
-7.119674 11.243002 -7.816026
-7.512876 11.940846 -8.331230
-7.084259 12.432182 -9.025424
-6.860661 11.794853 -8.353974
-7.429979 11.701691 -7.596196
-7.079904 11.391461 -8.425795
-7.589240 10.702552 -8.841741
-7.858630 9.965757 -8.301748
-8.414732 10.654921 -7.951271
-8.432973 9.945632 -7.315970
-9.302025 9.963924 -7.705128
-9.386209 9.565960 -6.843985
-8.705686 9.945552 -7.391550
-7.772378 9.758183 -7.362245
-8.375349 10.130814 -6.726162
-7.706805 10.390626 -7.352722
-7.368888 11.266996 -7.195190
-6.636374 10.766787 -6.848426
-6.122970 10.468842 -7.593190
-5.799210 9.905990 -6.896478
-6.307171 9.809982 -6.096611
-5.731213 10.566648 -6.044071
-5.230529 11.128574 -5.460477
-4.565131 10.535662 -5.124724
-4.388024 9.858383 -5.770445
-4.047124 10.717047 -5.539115
-4.626503 10.657123 -4.785618
-4.974234 11.245910 -5.448522
-4.874695 10.630153 -6.168220
-4.641432 10.141668 -6.951801
-5.202571 9.780640 -7.631368
-5.548450 10.662975 -7.725613
-6.106584 10.606675 -6.955974
-6.449055 11.461844 -6.714253
-6.358837 11.341625 -7.654699
-6.624999 10.431066 -7.738772
-7.186766 11.110773 -8.098557
-7.733984 11.599761 -7.491538
-6.915301 11.920554 -7.125643
-7.307977 12.605844 -6.593466
-6.487455 12.146767 -6.745193
-5.685802 12.639257 -6.597429
-5.176979 12.210941 -5.915759
-4.490487 11.747838 -5.445341
-4.920783 12.440585 -5.937252
-5.672890 12.493374 -6.519127
-6.548134 12.137442 -6.638662
-7.404866 12.322393 -7.011265
-8.202204 12.561576 -7.473945
-8.730599 12.490892 -8.263142
-9.268252 11.957218 -7.685950
-9.761354 11.406064 -7.085861
-10.547203 10.964263 -6.778805
-10.897153 11.682990 -7.296489
-11.600295 11.924609 -7.891670
-11.039177 12.646696 -7.625653
-10.285229 13.030842 -8.062716
-10.643610 13.629813 -8.710655
-10.146729 14.425350 -8.875764
-10.929934 13.990356 -8.552657
-10.842812 13.193809 -9.067392
-10.445529 13.758834 -9.723091
-9.999730 14.329083 -10.342050
-10.701938 14.306438 -9.699072
-10.945579 14.202526 -8.784266
-10.802862 13.317424 -8.462930
-11.479914 13.806610 -8.005410
-10.838332 13.165489 -8.295867
-10.245173 12.695610 -8.874145
-9.662768 13.194850 -8.309704
-9.094006 13.780356 -8.800338
-9.684729 13.203627 -9.275164
-10.351901 12.542650 -9.116980
-10.859012 12.115542 -9.800680
-11.095143 11.241589 -10.096447
-11.431553 11.104471 -9.216073
-10.822486 11.835434 -9.258022
-11.132564 11.443167 -10.068582
-10.397689 10.922823 -10.378793
-10.136705 11.676197 -10.899701
-10.446649 11.234066 -11.684229
-10.311278 10.446436 -11.166210
-11.122287 10.101631 -10.805096
-11.538640 10.755335 -11.358587
-11.790851 10.726620 -12.276516
-11.655180 11.046878 -11.389917
-12.383242 10.486570 -11.138902
-12.829972 9.816476 -11.647269
-12.748451 10.223930 -12.504220
-12.474334 10.778251 -11.779915
-12.679254 11.068277 -10.896217
-12.293392 10.955573 -11.759604
-12.819289 11.082187 -12.543461
-13.097488 11.468552 -11.718624
-12.534861 11.555238 -10.955102
-11.824163 11.856043 -10.397022
-11.291339 12.475595 -10.886188
-11.340378 13.120829 -11.584971
-10.688944 13.129779 -10.890290
-9.901745 12.729778 -11.247146
-10.272468 13.544340 -11.572847
-10.192150 12.938309 -12.303124
-10.525507 13.196567 -11.449189
-10.702652 12.274465 -11.608490
-10.183251 11.685726 -11.069381
-9.629970 10.917373 -11.172066
-8.918390 10.318637 -11.377486
-8.308917 10.055138 -12.060231
-8.269702 10.108782 -13.010291
-7.966367 10.808804 -13.580368
-8.357289 10.664696 -14.436781
-7.757273 11.360074 -14.184867
-6.895904 11.741044 -14.326057
-7.482516 11.942615 -13.603365
-7.286870 11.531201 -14.439721
-8.225370 11.462256 -14.293110
-8.767370 11.244055 -13.541011
-8.214643 11.003065 -14.278199
-7.277862 10.918190 -14.128983
-6.978839 10.435437 -13.364414
-7.559284 10.472006 -12.610242
-7.227891 11.288980 -12.970468
-6.654944 10.558415 -12.758251
-6.088531 9.876278 -12.410550
-6.620590 10.405531 -11.824176
-6.415556 11.330946 -11.731443
-5.822323 10.949019 -11.091728
-4.918138 10.692443 -10.937945
-4.326471 10.284059 -10.313299
-4.468823 9.616154 -10.977128
-4.226055 9.268599 -11.829946
-3.622439 9.824255 -12.313601
-4.411940 10.263549 -12.614829
-5.116270 10.221666 -13.254511
-4.803866 9.651830 -13.950730
-5.569510 9.597710 -13.386914
-6.087055 10.157752 -13.957467
-5.593673 9.417606 -13.617192
-6.009976 8.710460 -14.100583
-6.826089 8.587020 -13.625448
-6.323587 9.237016 -14.107139
-6.261215 9.914208 -14.773886
-7.168363 10.184662 -14.878615
-7.396341 10.340188 -15.790134
-7.965482 9.835387 -15.217174
-8.280016 9.665534 -14.334424
-8.738641 10.250479 -13.738997
-8.097797 9.990667 -14.393861
-7.301756 9.515211 -14.611322
-8.085218 9.707200 -14.105006
-8.289843 8.799971 -13.899836
-7.734100 9.573112 -13.920612
-8.360379 9.033957 -14.394020
-8.022910 9.644892 -15.042018
-8.319027 10.267385 -15.699170
-7.904035 9.410184 -15.703384
-8.488266 9.438776 -14.951794
-8.899894 10.245287 -14.656612
-8.785688 9.909819 -13.772616
-8.319039 10.467057 -14.388048
-8.869015 11.238248 -14.487150
-9.653148 11.778324 -14.509130
-10.264434 11.638541 -13.792319
-10.499176 10.831301 -13.344782
-10.218542 10.413915 -12.536041
-10.324585 11.293323 -12.885936
-9.536659 10.885066 -13.231666
-10.340028 10.770204 -12.733233
-10.149499 10.014491 -12.185850
-10.755970 10.500868 -12.735997
-11.394733 9.866950 -12.424294
-10.743405 10.500545 -12.709525
-10.399070 9.733341 -12.262468
-11.151464 9.192273 -12.042975
-11.197913 8.361113 -11.580326
-10.362189 8.437012 -12.030695
-9.665836 8.056098 -12.557030
-9.448972 8.962560 -12.752802
-10.127570 9.557558 -12.448645
-10.585897 10.391926 -12.420406
-10.975765 10.857650 -11.686830
-11.842758 10.588128 -11.399235
-12.388486 9.932049 -11.822048
-12.007283 9.515403 -11.055158
-11.333204 9.053586 -11.544413
-11.934072 9.328535 -10.858564
-11.605379 10.167261 -11.167642
-11.450215 9.608483 -10.412181
-11.463629 8.805623 -10.924300
-12.087112 8.784100 -11.643908
-12.842281 9.346774 -11.501967
-13.358016 9.697296 -10.782119
-12.914806 8.901327 -10.504585
-12.525922 9.333060 -9.749995
-11.583317 9.459792 -9.700344
-10.792851 9.157195 -9.263733
-11.080519 9.730025 -8.559359
-10.399957 10.327490 -8.854149
-9.845266 9.758664 -8.328997
-9.845867 10.078818 -9.225953
-10.359592 10.641072 -8.654126
-9.922775 10.818721 -7.826683
-9.677156 11.402726 -7.115600
-9.500495 10.579473 -6.670543
-9.151146 10.644476 -5.786938
-8.441034 10.383316 -5.208520
-7.900833 10.227618 -5.977266
-8.681614 10.649203 -5.631321
-7.941984 11.159930 -5.946176
-7.392045 11.919995 -6.110183
-7.238395 12.611839 -6.746402
-7.910615 13.005593 -6.198581
-8.757019 13.432110 -6.291935
-8.896119 13.723648 -5.396008
-8.253479 14.178257 -5.932080
-7.590807 13.846505 -5.333887
-7.866294 13.058639 -4.875190
-8.541996 13.171984 -5.536710
-7.654984 13.496041 -5.413315
-7.725022 13.119216 -4.541462
-7.831415 12.215532 -4.260279
-8.330706 12.198517 -5.071111
-8.828840 12.477525 -4.308848
-8.295422 11.690643 -4.251306
-7.962262 11.219225 -5.008801
-8.425291 11.788949 -5.615470
-7.638371 11.593822 -5.115758
-7.591466 11.020525 -5.874810
-6.880494 11.654195 -5.871427
-7.522336 11.945380 -6.511957
-8.220954 12.561168 -6.711378
-8.272995 13.208161 -7.408315
-8.640213 13.095259 -8.279770
-8.902885 13.716024 -8.952589
-8.703404 13.623739 -8.025917
-9.221256 14.220487 -8.557660
-8.525779 14.099282 -7.918402
-9.157906 13.511523 -8.320875
-9.682895 12.865007 -8.782861
-10.499287 13.328640 -8.622928
-11.366694 13.294882 -8.231144
-12.192937 13.299725 -7.757510
-12.190347 13.767716 -6.928049
-11.642123 13.235390 -7.496476
-11.120061 13.861473 -7.004033
-11.999914 13.965677 -7.353359
-12.538882 13.369008 -6.842939
-11.602991 13.521940 -6.754900
-11.698720 13.734619 -5.831518
-12.325378 14.221980 -6.357646
-11.708082 14.763802 -6.839729
-11.875806 14.194175 -7.584325
-12.651884 14.136377 -8.133317
-12.562450 14.929342 -8.653161
-12.836856 15.520593 -9.347533
-12.442882 15.575219 -10.212883
-12.770900 14.879204 -10.774128
-12.840147 15.382722 -9.968706
-12.761804 15.112534 -9.058821
-12.338202 15.488519 -8.293167
-12.533621 14.744538 -8.854712
-12.712165 14.890587 -9.778736
-12.777302 14.777330 -8.835360
-12.093262 14.603863 -9.474913
-12.809347 14.593623 -8.847101
-12.695718 15.536553 -8.776388
-12.011041 14.965012 -9.110437
-12.767998 14.714290 -9.631190
-13.062829 14.000193 -10.188118
-13.950798 14.193037 -9.902898
-13.350217 13.457249 -9.973237
-13.492314 14.253492 -10.476064
-14.085280 13.527170 -10.643028
-13.804781 13.021347 -11.399660
-13.073699 12.446596 -11.194207
-12.593638 11.784930 -11.682846
-11.925584 12.228564 -12.196580
-12.449707 11.487088 -11.909285
-13.092496 12.189815 -11.914228
-13.040730 12.792540 -11.178651
-13.064911 13.675160 -10.821683
-13.576522 14.258811 -11.373621
-13.342253 15.096430 -10.985622
-13.489675 14.484541 -11.700387
-12.640130 14.882490 -11.536258
-13.423110 15.221937 -11.113473
-13.064138 14.511254 -10.590886
-12.403241 15.024119 -11.046093
-12.647590 15.176750 -11.953853
-13.366091 15.387224 -11.365224
-13.211439 14.600010 -10.851991
-12.943259 15.251418 -11.492910
-12.402900 15.607979 -10.794409
-11.965909 15.043943 -11.425227
-11.018090 14.950859 -11.423087
-11.237911 14.246120 -10.821380
-12.103499 14.498402 -10.514556
-12.634186 14.666123 -9.741723
-13.479599 14.882362 -10.123227
-13.714306 15.517210 -10.793234
-13.145852 15.375094 -11.544029
-13.595894 14.604126 -11.875842
-13.790022 13.881586 -11.286538
-13.323332 14.476115 -11.865990
-13.081357 15.026420 -11.127313
-12.574453 15.208862 -11.912674
-11.645398 15.132767 -11.717492
-12.254047 14.897556 -12.411216
-12.829353 15.546731 -12.804438
-12.461772 16.416216 -12.930571
-11.850969 16.919376 -12.400686
-12.012616 17.576791 -11.730831
-11.323664 17.002007 -11.411461
-11.922189 17.345098 -12.068032
-11.854718 17.701448 -11.187412
-12.498180 17.183533 -10.713332
-11.843324 16.688573 -10.230416
-10.947063 16.955463 -10.050095
-10.546459 17.266621 -10.856151
-10.486283 17.985205 -11.478282
-10.893708 17.723364 -10.658237
-11.077493 18.586532 -10.300197
-10.928119 18.413674 -9.375624
-10.201746 18.340301 -8.764046
-10.625605 19.003944 -9.299724
-9.741950 18.803692 -9.006321
-8.925901 18.844426 -9.495640
-8.321436 18.127592 -9.662379
-7.673031 18.308816 -8.988763
-7.727925 17.564842 -9.580809
-7.470588 17.625612 -8.665870
-7.997774 18.401604 -8.501731
-8.530022 18.363030 -7.712901
-8.036196 18.595103 -6.932318
-8.936449 18.373675 -7.150369
-9.742481 18.211478 -7.631029
-10.430669 17.635012 -7.949011
-10.798505 16.864382 -7.527284
-10.409247 16.490702 -6.742510
-10.096839 17.087769 -7.415520
-9.706900 17.641508 -6.745931
-9.396169 17.260890 -5.930084
-9.639672 17.959244 -6.530116
-9.758222 17.928477 -7.474589
-9.057074 18.305293 -7.997494
-8.742977 19.178299 -7.782471
-9.194571 18.519211 -8.300831
-9.537239 17.723063 -8.695490
-10.158150 17.006590 -8.785854
-10.762992 16.913978 -9.515662
-10.285148 17.484735 -8.921582
-9.854041 16.696690 -9.238067
-9.759031 17.089761 -10.100330
-10.260101 16.980122 -9.297872
-11.087580 16.675344 -8.938126
-10.597951 17.324368 -8.442082
-10.520475 17.903051 -9.194512
-10.944805 18.685331 -9.533647
-10.381427 18.800231 -10.292879
-10.695234 19.059326 -11.153939
-10.234594 18.457529 -11.730723
-10.837470 18.476907 -10.993705
-10.440317 18.671462 -11.837179
-11.282845 18.692205 -12.280738
-10.899034 17.935264 -11.848581
-11.272885 17.103554 -12.123398
-11.270811 17.793658 -12.779737
-11.806567 17.041990 -12.545235
-12.481482 16.386448 -12.397646
-12.144747 15.808181 -11.719969
-11.209062 15.631294 -11.735298
-10.775267 15.126110 -12.416210
-10.376746 14.866296 -13.241260
-10.147401 14.155934 -12.649807
-10.855610 14.420254 -13.229121
-11.529007 13.759102 -13.357354
-10.628561 14.044165 -13.235017
-10.616943 14.920528 -13.607687
-10.752386 15.352169 -14.445762
-10.690406 15.931394 -15.199211
-10.275198 16.787904 -15.231222
-10.924643 17.445907 -15.002570
-11.576745 17.205766 -14.351321
-11.195824 16.625247 -13.699457
-11.686866 15.915991 -14.103023
-12.074914 15.061400 -13.941399
-11.433146 15.765072 -13.944322
-11.350240 16.672094 -14.222651
-11.728106 15.964976 -13.708617
-12.290263 16.407698 -14.337112
-12.196456 15.704024 -13.702233
-11.541147 15.765399 -14.390589
-12.260522 15.740879 -15.014230
-12.400169 15.146984 -14.282917
-12.920934 15.681423 -13.691133
-12.868787 14.992081 -14.346204
-12.049334 15.064902 -13.866388
-12.307912 15.873187 -14.298641
-12.413553 15.934663 -13.354135
-11.808163 15.328077 -13.769570
-12.018513 15.388710 -12.842690
-12.825370 15.058996 -13.226487
-13.210525 14.332880 -12.745403
-13.703355 15.037750 -12.336374
-13.910221 14.182510 -12.700792
-13.487439 14.259489 -13.550710
-13.299210 13.374894 -13.252226
-12.479032 13.183120 -13.696705
-12.535879 13.787710 -14.430371
-11.776316 14.017231 -13.903671
-11.457030 13.252779 -13.433885
-12.262313 12.973989 -13.859119
-12.970395 12.491476 -13.443389
-13.773353 13.000723 -13.497758
-13.566781 12.084093 -13.653155
-12.881185 12.693769 -13.908661
-12.820190 13.459712 -13.345953
-12.158451 13.329125 -12.673586
-12.760527 14.020747 -12.416305
-12.322318 14.312890 -13.209813
-11.978750 14.912088 -12.554107
-11.077637 15.098948 -12.799278
-11.583230 15.598412 -13.433267
-11.973292 14.975824 -12.827244
-11.729041 15.609457 -13.494987
-11.153732 15.456483 -14.238390
-10.817519 14.638473 -13.885048
-11.413948 15.136289 -13.334154
-12.262575 15.189183 -12.905129
-11.536326 15.710002 -12.575979
-12.076647 15.502196 -13.332219
-12.801617 15.902201 -12.861642
-12.912234 15.860682 -11.916618
-12.288174 15.436268 -12.497524
-12.635558 16.102218 -11.911978
-13.104547 15.517525 -12.499527
-13.304141 14.601436 -12.666777
-13.266235 15.432831 -12.203771
-13.843012 14.682625 -12.311239
-13.230681 14.019063 -12.614168
-13.517595 13.934990 -11.709932
-12.875615 13.651081 -11.066281
-12.253447 14.221227 -10.624841
-12.198230 13.739063 -11.444291
-11.330633 13.927171 -11.789137
-11.949800 14.439952 -11.278532
-12.896359 14.361230 -11.348234
-13.393446 15.150963 -11.157818
-13.665230 15.357815 -12.046849
-13.694255 14.509180 -11.615566
-13.547708 15.364526 -11.223219
-12.960727 15.975662 -11.657956
-12.609682 15.108783 -11.837722
-11.807669 14.911179 -12.311809
-12.157378 14.227464 -11.748545
-13.108842 14.267342 -11.736048
-13.477127 13.678416 -11.084464
-12.767158 13.084996 -11.309911
-13.092407 13.585850 -10.568030
-13.492756 13.068610 -11.260282
-14.088037 13.520521 -11.850576
-13.351646 13.007668 -11.531613
-12.663690 12.837682 -12.167893
-12.365956 12.136356 -11.596469
-11.827543 11.434070 -11.948512
-11.390360 11.765618 -12.726957
-10.720113 12.136970 -12.161362
-11.379516 11.480370 -12.364079
-12.276759 11.207296 -12.529658
-12.548985 10.786209 -11.719962
-13.070430 10.906832 -12.507728
-13.715412 10.525844 -11.919617
-13.287287 10.378745 -11.081703
-13.111821 9.504926 -11.417383
-12.708244 8.988406 -10.726469
-12.686905 9.205761 -9.799468
-12.143218 9.913222 -10.132533
-12.812485 9.869611 -9.456361
-13.242733 10.308723 -10.183751
-12.941466 9.407042 -10.240656
-12.463128 9.060300 -10.987645
-12.036625 9.142116 -11.835248
-11.760685 8.363546 -11.361208
-11.850209 9.303336 -11.235478
-11.844531 8.812189 -10.419530
-11.011131 8.466623 -10.724584
-10.967110 9.265247 -10.207581
-11.010460 8.851283 -9.350969
-11.700791 9.507079 -9.330870
-12.508715 9.087678 -9.610854
-11.718786 9.331934 -10.083486
-11.195619 9.605477 -9.336158
-11.654204 8.911418 -9.799852
-11.537210 8.243370 -9.131231
-11.742630 9.100409 -9.492226
-11.759335 9.063324 -10.443738
-11.757360 9.596091 -11.233158
-12.082645 9.628236 -12.127690
-12.800694 10.162241 -11.801694
-12.720975 10.131839 -10.853143
-13.299796 9.753085 -11.507773
-12.521193 9.693212 -10.962592
-12.448577 10.214740 -11.756170
-13.204715 9.762966 -12.118364
-13.361058 10.693201 -12.249694
-12.899732 11.454240 -11.910536
-13.207816 11.678949 -12.783245
-13.818744 12.334242 -13.106336
-13.199777 12.877106 -13.585093
-12.632597 13.442021 -14.101047
-12.778354 12.643056 -13.603613
-13.376152 13.327320 -13.889007
-12.719875 13.693467 -13.303970
-11.904370 13.386186 -12.919837
-11.257758 12.838529 -13.354570
-11.920149 13.384112 -13.767616
-11.462373 13.872325 -14.445200
-10.794129 14.484796 -14.737360
-10.100766 14.032638 -15.208349
-10.584505 14.342443 -15.967985
-9.852689 13.809058 -15.673070
-9.298727 13.142237 -15.278728
-8.903707 13.997272 -15.419811
-9.495121 13.350133 -15.791928
-9.226736 12.644774 -15.211008
-9.841972 13.114539 -15.765838
-10.540713 13.650238 -16.128903
-10.660085 14.347894 -16.766127
-11.410694 14.616788 -16.245253
-10.923097 13.806327 -16.356746
-10.066497 13.596746 -15.997106
-10.018834 13.026987 -16.758770
-10.154833 13.639546 -17.475223
-9.639353 12.856669 -17.643781
-9.087915 12.093925 -17.498288
-8.374461 12.484422 -17.993793
-7.481327 12.772524 -18.156084
-6.740680 12.560256 -17.596250
-6.301378 13.236698 -18.102679
-5.737115 13.251494 -17.335595
-6.383440 13.741188 -17.835090
-6.099426 13.012844 -17.291140
-5.454976 13.600821 -16.909045
-5.933456 14.421150 -16.980790
-5.429116 15.084582 -16.519781
-6.222098 15.300687 -17.000932
-7.008970 15.419452 -17.524150
-6.391384 14.694463 -17.526549
-7.155794 14.520116 -16.985892
-6.626625 15.062360 -16.408847
-6.754838 15.764284 -15.778058
-6.281262 15.093957 -16.261190
-6.989341 15.474410 -15.750398
-7.929409 15.614432 -15.811192
-7.351142 15.399512 -16.536758
-6.721484 16.113444 -16.566114
-6.993577 15.582725 -17.308631
-6.475354 14.965752 -16.800873
-6.473998 14.031551 -16.615679
-7.098721 13.314179 -16.661812
-7.646991 12.745722 -17.194058
-7.937331 12.177434 -17.901010
-7.983809 11.241745 -17.729678
-7.222504 11.348535 -17.167504
-6.535641 11.954655 -16.906991
-6.841746 12.525070 -17.605530
-6.233943 12.352493 -16.892913
-6.151270 11.760627 -16.151369
-5.606957 12.215186 -16.787079
-4.914509 12.833252 -17.000477
-4.644754 13.738279 -17.123723
-4.193898 14.553976 -17.319670
-4.231561 15.389307 -16.863783
-4.855962 16.017880 -16.514428
-5.650789 15.514490 -16.662339
-5.643568 16.465953 -16.703510
-6.187672 17.092887 -16.236677
-5.706394 16.722247 -16.970180
-5.245949 17.098516 -16.226244
-6.052348 16.637645 -16.436833
-5.875003 17.096024 -15.621072
-5.391864 16.891636 -14.826193
-4.773661 16.189498 -15.004678
-4.204194 15.996000 -14.266236
-3.717794 15.711691 -13.498373
-3.121986 16.276763 -13.980800
-2.656863 16.763313 -13.307034
-1.912317 16.798272 -12.714194
-2.229517 17.410793 -13.370877
-2.757409 17.251334 -12.594390
-2.140710 16.529950 -12.673870
-3.051282 16.417968 -12.418240
-2.690679 16.034321 -11.624634
