12.619048 -7.999972 19.000000
11.942824 -7.987327 19.670515
11.251009 -7.333354 19.697741
11.885413 -7.693533 20.309975
11.166467 -8.107630 20.777595
10.703976 -7.468479 21.311090
11.346866 -7.916217 20.769562
12.006927 -7.293760 20.479914
11.554804 -7.875591 19.876519
10.842507 -7.251812 19.773742
10.506326 -7.030297 20.636843
11.348365 -7.468012 20.556801
11.077355 -8.116124 19.913734
10.365035 -8.731889 20.056785
10.762731 -8.045466 19.529822
10.993584 -8.542490 20.308733
11.102845 -7.875659 20.979873
10.351564 -8.381947 21.273608
11.090910 -8.614031 20.719952
11.689966 -8.061949 20.226630
11.201610 -8.847619 20.453037
10.467979 -8.320583 20.151297
10.488021 -8.961260 19.446910
11.032331 -8.181391 19.497504
10.351807 -8.075009 20.155226
10.613488 -7.168483 20.025750
10.854248 -6.370825 19.564442
11.162760 -6.476550 18.669639
10.488162 -7.139918 18.778685
9.766860 -6.518186 18.792879
10.674442 -6.427232 18.518921
10.346163 -6.980182 19.221424
9.891774 -6.390173 19.815099
10.472367 -5.761066 20.232431
10.702310 -4.871167 19.982963
10.235741 -5.663554 19.735042
9.516901 -5.057121 19.584923
9.531331 -4.418992 20.291756
9.876229 -4.348349 21.176677
10.308484 -4.445119 22.019779
9.546469 -4.400812 21.450218
9.022251 -4.225573 22.225794
9.203131 -5.054533 22.658387
9.596983 -5.868450 22.957467
9.392841 -6.795580 23.033542
8.656854 -6.602748 22.460680
8.097083 -7.139289 21.907681
8.819156 -6.518303 21.903750
9.712169 -6.227433 21.745780
10.475158 -5.671221 21.621267
10.665960 -5.279685 22.468217
10.261043 -5.635503 23.253370
9.617240 -6.306212 23.460001
9.353059 -6.866702 24.183250
9.174048 -6.029957 23.765109
8.994037 -6.771706 23.195516
9.874408 -6.433431 23.063047
10.466950 -6.130878 22.381590
10.759581 -7.015893 22.186287
10.427044 -7.553100 21.473645
11.222414 -7.847529 21.040370
10.567213 -8.538216 21.066660
9.915830 -9.058640 21.526972
9.461748 -9.683086 20.969382
9.199482 -8.820899 21.277410
9.275401 -8.341551 20.457964
10.135983 -8.124729 20.803530
9.651098 -7.635696 20.145682
10.530441 -7.595093 20.509188
10.878077 -6.709351 20.468678
11.402243 -7.271034 21.031521
11.002212 -6.913858 20.244482
11.564813 -6.253066 19.852230
10.973005 -5.773288 20.423724
10.986547 -5.084110 19.766549
10.274571 -4.620517 19.336196
10.589077 -5.398511 18.885817
11.218413 -4.880150 19.378025
10.420290 -5.391828 19.287379
10.474570 -6.335748 19.172928
11.408420 -6.324108 19.359524
10.700751 -6.930959 19.554374
11.371752 -7.455225 19.127838
11.422085 -7.743275 20.034217
11.176481 -8.593183 19.681562
10.748330 -9.201800 20.275953
11.434697 -9.219360 19.615935
10.946926 -8.956337 18.841386
10.086284 -8.687791 19.148317
9.385361 -8.367462 18.588740
8.770293 -7.755243 18.196427
8.442255 -6.901848 18.463141
9.299750 -6.502614 18.352030
8.456090 -6.944143 18.369904
7.720691 -7.500249 18.131227
8.305824 -6.899380 17.679999
8.564951 -6.005310 17.881302
9.451390 -5.701984 17.710274
10.243320 -5.675423 18.238639
11.032174 -5.346249 17.818661
10.549611 -6.111803 18.115459
10.897683 -5.339852 17.679605
10.806548 -5.958796 16.961530
10.445440 -5.294139 16.382858
10.256914 -5.220822 17.313510
10.865840 -5.342450 18.035622
10.376691 -4.606290 17.680894
9.740484 -4.680722 18.385685
10.128397 -5.398680 18.876694
9.637921 -5.879799 19.536230
8.772928 -6.277139 19.566837
9.493121 -5.775109 19.936048
9.990520 -5.907986 19.134819
10.641600 -5.329492 19.520137
10.833524 -5.651434 18.644610
10.267971 -4.952405 18.330702
10.877731 -4.515330 17.744028
10.040166 -4.075788 17.855003
9.662512 -4.217465 18.717751
9.214645 -3.481998 18.310894
10.025683 -3.798903 17.925125
9.643811 -3.259371 18.610770
9.527210 -3.485962 17.693115
10.311285 -3.725435 18.177788
10.359586 -3.901370 19.112530
9.950781 -3.591684 19.915029
10.513554 -4.300112 19.617630
9.968770 -4.577979 18.887542
10.873541 -4.286270 18.829879
11.244440 -4.695145 18.053809
11.373089 -5.369331 18.714075
11.053745 -5.789490 19.506866
11.645381 -6.506198 19.715014
10.963770 -6.544470 20.379070
10.327196 -7.119356 19.965177
11.268520 -7.151965 20.106155
11.541303 -6.524490 19.443665
12.118313 -7.058465 18.906115
11.873574 -7.638817 18.191747
12.071549 -8.282799 18.864890
11.849714 -8.879781 18.156770
11.864559 -7.948833 17.956406
11.257592 -7.369860 17.505393
10.635112 -7.514054 16.799168
11.153550 -8.259783 16.512567
10.469435 -8.908501 16.377734
10.563559 -8.177250 15.774872
10.842026 -8.110560 16.683189
11.547266 -8.634944 17.050189
11.133885 -9.446052 17.329921
10.716598 -9.981958 16.662309
10.096267 -9.629428 17.293134
9.795244 -10.308191 16.696732
9.187032 -9.723529 17.138634
9.484650 -10.452868 16.603361
10.254596 -10.537604 16.049256
9.816623 -10.389961 15.216544
9.182584 -9.687496 15.324097
9.078184 -8.922080 14.767079
9.078846 -9.873678 14.805676
9.019574 -10.720598 14.374117
8.801407 -11.647261 14.347121
8.135980 -11.199432 13.833618
8.995559 -10.975291 14.177003
8.305530 -11.101451 14.821186
7.920771 -10.445909 15.394992
8.120085 -9.683002 15.929106
7.481821 -9.784412 16.628652
6.718217 -9.377963 17.027071
5.796538 -9.585908 17.146637
5.218670 -8.846999 17.311297
4.520665 -8.810150 17.958181
4.923978 -9.442683 17.371435
4.042164 -9.154634 17.586985
4.402586 -9.364622 18.443157
4.809176 -10.124873 18.847795
5.257747 -10.950155 19.005034
4.669810 -11.589122 18.613779
4.433518 -11.924730 19.473176
4.702111 -12.430233 18.712024
5.196735 -12.298550 17.908883
5.837812 -12.160729 17.218191
6.280185 -13.003080 17.260382
6.061290 -13.520516 18.029390
6.914546 -13.123678 18.176029
7.386463 -12.304633 18.292176
7.484416 -11.668863 18.994480
6.958742 -10.911629 18.755119
7.012346 -10.021673 18.420253
7.035564 -9.698975 19.315997
7.644370 -9.136233 19.784725
7.167806 -9.960799 19.787446
6.556644 -9.578025 20.409534
6.516487 -9.729935 19.470205
6.127641 -9.089989 18.881734
5.581211 -9.856558 19.026014
5.096278 -10.317918 18.348508
5.286346 -11.161958 17.950387
5.405706 -11.278006 17.012669
5.949443 -10.705664 16.479936
5.622136 -11.333396 15.842871
5.686281 -10.561030 15.289367
6.275248 -10.737495 14.562038
6.133461 -10.044852 15.200139
6.958688 -10.365434 14.849058
7.203284 -11.276976 14.721410
7.524459 -10.657725 15.369796
6.737422 -11.070710 15.711914
6.984082 -10.161692 15.570932
7.380261 -10.540312 14.792011
8.260743 -10.602835 14.434417
7.700963 -10.634810 15.204257
7.173429 -10.056126 15.746348
6.703570 -9.391269 15.252152
7.037802 -9.593810 16.120654
7.661810 -8.874908 16.091958
7.088951 -8.608933 15.379132
7.490625 -8.067941 16.052196
7.695452 -8.985526 15.900165
7.808929 -9.737540 15.326906
7.103642 -10.165038 14.850621
7.563448 -9.629291 15.489827
8.416132 -9.679482 15.068592
8.664480 -9.233189 15.872443
8.047856 -9.259020 15.147090
8.345990 -8.709607 15.865623
9.216430 -8.465780 16.165475
8.467489 -7.983553 16.502480
9.288325 -8.184327 16.063223
8.803564 -8.035750 16.869424
8.531486 -8.664025 17.531447
8.056840 -8.263790 16.809260
8.167428 -8.877907 16.089772
7.533340 -9.582731 16.180246
8.356315 -9.750053 16.629407
8.914804 -10.309043 16.097758
8.834121 -9.518450 16.622620
8.454700 -8.652929 16.504536
8.870442 -7.932533 16.968453
9.651536 -8.441622 16.774161
8.817495 -7.993448 16.876850
8.086524 -8.495989 17.223497
7.246886 -8.049789 17.277729
7.870932 -8.351484 17.930855
7.339387 -9.035165 17.534536
7.158099 -9.297164 18.432044
7.445690 -8.628955 19.046713
8.024574 -8.740891 19.794639
8.353560 -9.050616 20.633011
8.779130 -8.464522 21.251408
9.218494 -7.619628 21.239497
8.593930 -8.157142 21.717019
9.204992 -8.228390 22.444038
8.393444 -8.412779 22.907092
7.646710 -8.828520 22.486881
7.335210 -9.276117 21.706077
7.633557 -9.792761 22.448437
8.148350 -9.025364 22.678915
7.654034 -9.769251 23.009540
8.283481 -9.800370 22.295496
8.324058 -10.572743 22.851216
7.993960 -10.027333 23.558743
8.619168 -10.259616 22.878896
7.819251 -10.306988 23.393601
8.536599 -9.855403 23.827782
9.150400 -9.274909 24.267446
8.486283 -9.889345 23.970048
7.655750 -10.326316 24.132223
7.024856 -9.728691 24.521899
6.376027 -9.831712 25.211418
7.037990 -9.362411 24.712830
7.670413 -8.954641 25.296607
7.746749 -8.053263 24.998746
6.823029 -8.002737 25.225060
6.316643 -8.690703 24.803984
5.503478 -9.158117 24.969262
5.062531 -8.429108 24.543656
5.756866 -8.967523 24.911131
6.455174 -8.618366 24.365710
6.995590 -8.136303 23.747166
7.624210 -8.093016 24.461303
7.629530 -8.635291 25.244207
7.345260 -9.514077 25.011927
7.345953 -9.491745 24.059808
7.608737 -8.828559 23.428809
7.737634 -9.335662 24.224587
7.892621 -9.257656 23.288145
7.535106 -9.160195 24.165477
7.748457 -9.998919 24.563036
6.946912 -9.518989 24.378044
6.776445 -8.642839 24.710206
5.825630 -8.588410 24.714390
5.094106 -9.069472 25.089197
5.480125 -9.548269 24.362030
6.218168 -9.478669 23.764134
5.656296 -10.229892 23.928429
5.067262 -10.779187 23.420153
4.785914 -11.407284 22.761848
4.717804 -12.069051 23.443356
5.307054 -11.499712 23.928812
4.736100 -11.104066 24.580353
5.385263 -11.799078 24.631092
5.824426 -11.093288 24.166309
5.455488 -10.968144 23.297255
5.628566 -11.073142 22.366638
6.388182 -10.537688 22.158546
6.986214 -11.226180 22.433075
6.654995 -10.608246 21.788496
7.577977 -10.649803 22.019597
7.887221 -10.030068 21.365896
7.089880 -10.369147 21.761246
6.437527 -10.432754 22.452201
5.762278 -10.889593 22.944509
5.524870 -11.477927 23.654811
4.982256 -11.491621 22.872245
5.686659 -11.782597 22.301124
6.537019 -11.888649 21.885589
5.786928 -12.468097 21.792682
4.849743 -12.366950 21.656727
5.449149 -12.865049 21.109331
5.067390 -12.455546 20.338879
4.719805 -12.028330 19.561897
3.804673 -11.808142 19.416705
3.171879 -11.105134 19.305430
2.311393 -11.238630 18.919720
3.116060 -11.012793 19.376380
2.692245 -11.650284 19.942963
2.260125 -11.093222 20.583262
2.914607 -10.656627 21.119981
3.083370 -11.514366 20.742051
3.747256 -11.667170 21.407586
3.502885 -11.779238 20.493937
3.931478 -12.598630 20.721827
4.223519 -11.746907 21.032162
4.189184 -11.486326 20.116767
4.937135 -11.891490 20.545067
5.109608 -10.955404 20.513061
4.665189 -10.883428 19.673811
4.270940 -10.588891 18.858430
4.786001 -9.956965 18.366077
5.087256 -10.158550 19.246781
5.713102 -10.001938 18.546196
6.188855 -9.892570 17.728439
5.754198 -9.356822 18.385003
5.795854 -10.225916 17.997743
5.235869 -9.466037 17.871133
5.100636 -10.382154 18.093553
5.509174 -9.626246 18.504318
5.015378 -9.135381 19.154122
5.200345 -8.276473 19.521674
6.045447 -7.976926 19.200575
6.136088 -7.376952 19.934636
6.367101 -6.865482 20.704090
6.852946 -6.253071 20.160089
7.658170 -6.714297 20.374365
7.454391 -5.785713 20.431240
7.124026 -5.296511 19.683865
6.816770 -5.457228 20.570879
6.861008 -4.724184 21.177278
6.614952 -5.348154 21.853405
6.690214 -4.510838 22.300915
7.015172 -3.840012 21.708104
6.150609 -4.065976 22.037496
5.555353 -4.808863 22.008849
6.267430 -5.374915 22.290912
5.913281 -4.935602 23.058123
5.328268 -4.356852 23.537536
5.194357 -5.069977 22.920649
5.910277 -5.592025 23.269867
5.068256 -5.951891 23.531641
5.297780 -6.814251 23.864330
4.567489 -6.369703 24.283950
5.471323 -6.227861 24.019384
4.857268 -5.527502 23.820731
4.341702 -4.902968 24.321909
4.594140 -4.000610 24.151456
5.167063 -4.345637 23.473411
4.449771 -3.883813 23.896781
4.308870 -3.320343 23.142010
4.935844 -2.642652 23.375827
5.764593 -2.353391 23.006325
6.698519 -2.373987 23.191766
6.591913 -2.747528 22.322207
6.652207 -2.353473 21.457270
7.456162 -1.971642 21.118315
7.854494 -2.828892 21.234430
8.469804 -2.267096 21.695740
8.855269 -2.449743 20.844220
8.754228 -2.620846 19.912799
8.173560 -2.069743 19.396911
7.977069 -2.632764 18.654329
8.424700 -1.800288 18.771113
8.799827 -2.664530 18.631850
8.609153 -3.228009 19.375601
9.250255 -3.894593 19.602938
9.588150 -4.633995 19.106812
9.730536 -5.356258 19.711041
10.223690 -4.613996 20.047012
10.374305 -4.933371 19.162510
9.745191 -5.067343 19.864863
10.627724 -5.349194 19.644122
9.892566 -5.498799 19.057444
10.412024 -5.207264 18.314342
11.044723 -5.706262 17.806678
10.328592 -5.597480 17.188331
9.697107 -6.236961 16.873180
10.630710 -6.050769 16.845828
11.311503 -5.402532 16.693057
10.650499 -5.712985 17.304385
11.354957 -6.350851 17.366790
10.940090 -5.723070 17.950575
10.393441 -5.620377 18.723658
11.328546 -5.443303 18.759050
10.921133 -6.113086 18.218276
10.947227 -6.890052 17.668120
10.929037 -6.896526 16.715934
10.070733 -7.164310 16.401870
10.390648 -6.296503 16.629018
9.694031 -5.727848 16.315350
9.725427 -6.331607 15.579471
9.062230 -5.927165 15.028449
8.918174 -4.989194 15.109008
9.746781 -5.095459 14.651680
8.840453 -4.853438 14.487284
8.260402 -4.992259 13.744790
7.781699 -5.498996 13.095874
7.255781 -5.320606 13.869577
7.073413 -5.969188 14.542714
6.555910 -5.892980 15.338586
5.725674 -5.611207 15.710531
6.369985 -6.008667 15.132673
6.884200 -6.140836 15.923333
6.710197 -5.730754 15.081558
7.398803 -5.702193 14.424264
6.843542 -5.391046 15.132714
6.220030 -6.034171 15.456215
7.008248 -6.184682 15.969138
7.919964 -6.240894 16.238663
7.849536 -6.377701 15.298793
8.028890 -5.445415 15.223258
7.899376 -5.891297 14.391726
8.512148 -5.340241 14.869092
7.572215 -5.470330 14.950540
7.869450 -5.278240 15.834725
7.007375 -5.678225 15.772530
7.866460 -6.028926 15.558025
7.260659 -5.439026 15.996264
6.574538 -4.897697 15.617805
6.950885 -4.023034 15.598884
7.805280 -3.607934 15.667662
7.145700 -4.278191 15.818459
7.002630 -3.402998 16.165730
7.360633 -2.848176 16.852050
6.679573 -2.586927 17.464369
7.375505 -2.589299 18.114525
7.397848 -1.733148 17.697949
6.781373 -1.778855 16.973449
7.608069 -1.745743 16.501742
7.826650 -2.623883 16.204890
8.774807 -2.653742 16.120401
8.013578 -3.219088 16.209529
8.908152 -3.462547 16.427456
9.184870 -4.359388 16.265791
10.072194 -4.701131 16.211989
9.849138 -4.386901 17.082928
10.751840 -4.105925 17.197865
10.128010 -4.481862 17.811490
10.749157 -5.125028 18.139429
10.199437 -5.893361 18.259850
10.095875 -5.221044 18.926404
10.884044 -4.777845 18.627416
10.151707 -4.289730 18.991360
10.632709 -4.657056 19.726709
9.784155 -4.901489 20.083415
9.670415 -5.114669 19.162195
10.144623 -4.360677 18.825070
9.884449 -4.927157 19.545097
9.836415 -5.861931 19.720936
9.752410 -5.288797 18.964967
9.299848 -5.325590 19.802143
9.137065 -6.041815 19.195881
8.958623 -5.932269 20.124960
9.790467 -6.211869 19.754975
9.541736 -7.023683 20.186391
10.051738 -7.223793 19.407365
10.697002 -6.778553 19.948128
11.625156 -6.617041 20.087670
11.165687 -5.923634 19.623876
11.475632 -5.238111 20.207847
10.925690 -4.478562 20.374215
10.618752 -4.094722 19.558443
10.333935 -3.537430 20.276310
10.679123 -4.100929 20.962125
9.886008 -4.211752 21.477602
10.379064 -5.002064 21.675929
9.885403 -5.559024 21.081687
10.293792 -6.374737 20.808082
10.313296 -5.671777 21.450341
11.069386 -5.863504 21.996784
10.185168 -6.216362 22.022854
10.706730 -5.540282 21.601051
9.947081 -5.823289 21.101183
10.493232 -5.938694 21.872823
9.779677 -6.159901 21.282114
9.266854 -6.047652 22.076748
8.776350 -5.440679 22.622659
8.594241 -6.056849 23.325653
8.334070 -6.771037 22.751827
8.730658 -6.208484 22.093586
8.192043 -5.894905 21.373452
7.469110 -6.371545 21.769951
7.966197 -7.010939 21.268844
8.315596 -6.274639 21.761603
8.177304 -5.651874 22.468758
8.343191 -4.977075 23.120031
9.115158 -5.390090 23.494886
8.325936 -5.869426 23.728118
7.784313 -5.397679 24.353520
7.038066 -5.511086 24.934281
6.255388 -6.050393 24.994208
6.107039 -5.179959 25.351090
6.759819 -4.691473 24.858862
5.951360 -4.278321 24.571236
6.662704 -4.782577 24.188161
7.466690 -4.455341 23.796305
8.138924 -5.124121 23.884988
8.759351 -4.675271 23.318744
9.328026 -5.102033 22.685092
8.555471 -4.929771 22.155455
8.990458 -5.095057 21.324493
8.770497 -6.007323 21.487032
7.989854 -5.616480 21.867648
8.441070 -6.221459 21.286757
7.722216 -5.596785 21.294629
7.535999 -4.665396 21.224862
8.161716 -5.302280 21.556353
8.255150 -6.064730 20.993351
8.636613 -5.437880 21.600455
8.051867 -4.704313 21.764714
7.915656 -5.327799 22.471639
7.586779 -4.709343 23.116915
8.165466 -4.692536 22.360695
8.179886 -5.625231 22.168600
8.170085 -5.934921 23.069170
7.694971 -5.786247 23.881076
7.717279 -6.680910 24.206822
6.849610 -6.288258 24.205005
6.223858 -6.902280 23.832929
5.611987 -6.599807 24.497121
5.942969 -6.024056 23.814486
6.874120 -6.082268 23.623179
7.400568 -6.262148 22.850181
7.686495 -5.441975 22.459551
7.540798 -6.191986 23.028133
8.006360 -6.937870 22.662154
8.151078 -6.991408 21.722357
8.174948 -7.821342 22.188908
8.990196 -7.635496 21.732990
9.254522 -7.508990 22.639168
8.484067 -7.376064 23.183004
7.741451 -7.774755 23.626396
7.460875 -8.181486 22.812224
6.841473 -8.348654 22.108359
7.457437 -8.064149 21.440022
8.089854 -7.737223 22.072634
8.229884 -7.052136 22.719223
9.057940 -7.301558 23.118149
8.192449 -7.121090 22.764051
8.712110 -7.528582 22.077807
7.974500 -7.302211 22.636123
8.476251 -7.970176 22.178850
8.814090 -8.393113 22.962444
9.070559 -8.963409 23.680788
8.810705 -8.439789 24.432670
8.144479 -9.115700 24.512142
7.741386 -9.862344 24.079629
8.433050 -10.095998 23.468042
8.754730 -10.384814 22.619434
7.977639 -10.453533 22.073140
7.300039 -10.035430 21.550571
7.534714 -9.171456 21.875392
6.986517 -9.704050 22.443594
7.657844 -9.811785 21.776705
6.788545 -9.774250 21.389485
6.756196 -10.555529 20.845805
7.461590 -10.366575 21.457152
6.596408 -10.200463 21.095359
6.959541 -9.485939 20.580948
7.448877 -10.177690 21.015758
8.024112 -10.936709 21.020541
8.459291 -11.627190 20.529741
7.819185 -11.046894 20.129054
8.122684 -10.146662 20.196125
7.691514 -9.691663 19.479118
8.382614 -9.054076 19.327816
9.249087 -9.100347 18.935242
9.798552 -8.648970 19.568786
9.713034 -7.901412 18.984942
10.383533 -7.686124 18.343763
11.292831 -7.893450 18.536692
11.988254 -7.413513 18.097288
11.155821 -7.188353 18.501498
10.622889 -7.449803 17.756746
10.080169 -7.785431 17.049753
9.495243 -7.259690 17.586864
9.315737 -6.789655 16.778239
9.955410 -6.458481 17.401273
10.812895 -6.545719 17.806413
10.295826 -6.974590 17.131329
10.222469 -7.863577 17.465019
10.145391 -7.115772 18.049722
10.050300 -6.169914 18.107510
10.647397 -5.485861 18.394869
11.257673 -4.830150 18.071393
10.826655 -4.260659 17.441367
10.280363 -4.447387 16.683919
9.892188 -4.290222 15.828555
8.950927 -4.212150 15.950878
9.814439 -4.018602 16.302895
9.594532 -4.791092 16.814685
8.807234 -4.794604 16.278793
9.033229 -4.037880 16.811077
8.130854 -4.069173 17.114012
8.798068 -4.691870 16.841791
9.164330 -3.896100 16.468117
9.938081 -3.937966 15.914417
10.555168 -4.240490 16.573745
10.725857 -5.059027 16.117792
11.118341 -5.573819 16.816344
10.215635 -5.397387 16.569315
10.508864 -5.948647 15.850178
10.605783 -6.895867 15.829890
10.229584 -7.197884 16.651042
10.861289 -6.798455 16.060758
10.218012 -6.698908 15.365550
10.089009 -7.286737 14.627414
9.546723 -7.857723 14.091755
10.336568 -8.159510 14.530048
9.894215 -7.752267 13.791463
10.362947 -7.151687 14.362973
9.645089 -7.772700 14.285180
9.152719 -7.208300 13.696915
8.532965 -6.850924 14.325578
8.727412 -7.140721 15.211713
8.831212 -6.419352 15.824806
8.928029 -5.602883 16.305467
8.872917 -4.759893 15.865739
8.709962 -4.555251 14.949990
8.877938 -4.660393 15.881525
8.266344 -5.376199 15.737983
8.627701 -5.058565 14.916059
8.955165 -5.394550 15.744859
8.333560 -5.402396 16.466369
8.025905 -6.303714 16.468269
8.654318 -6.143765 17.165794
8.910222 -5.662142 17.946551
9.224610 -5.858039 18.823942
9.168076 -5.853684 17.873250
9.137981 -6.739320 18.222210
8.707700 -7.420453 18.730094
8.104995 -6.737989 19.009411
8.672946 -6.935946 18.270984
8.485115 -6.928172 17.337341
8.484457 -5.975910 17.352305
9.143929 -5.652120 17.958347
9.164243 -5.929965 18.869070
8.801304 -6.787852 19.067395
8.389930 -7.645352 19.017439
8.267101 -7.967250 18.129563
7.378447 -7.632830 18.055499
7.803850 -7.938288 18.850959
8.483612 -7.692965 18.230661
7.597047 -7.355345 18.146740
7.149029 -8.060598 17.689655
7.615945 -7.438427 18.239128
8.072617 -8.265144 18.116578
7.832034 -7.357189 17.959201
8.515453 -7.917232 17.603788
9.435841 -8.031190 17.820421
9.915506 -7.320164 18.234415
9.529824 -6.674423 17.650208
10.146624 -7.214448 18.134934
9.559230 -6.778429 17.525110
9.102117 -6.645395 16.700260
9.757614 -7.020697 16.120173
9.108899 -6.331532 16.014110
8.618218 -5.762708 15.428704
7.951131 -6.420169 15.601242
7.581502 -5.904070 14.891280
7.939798 -5.153017 14.428059
8.621100 -4.594610 14.066069
9.047009 -4.465431 14.908056
8.639396 -5.186412 14.437879
8.027039 -5.908478 14.541174
8.010093 -6.833682 14.766431
7.701679 -6.182950 14.143168
7.835350 -6.815164 14.842788
7.524748 -6.125146 15.421087
6.933921 -6.530516 16.048485
7.777047 -6.418235 15.620043
8.432557 -6.310796 16.302532
7.763052 -5.646713 16.169167
8.465499 -5.102493 15.826498
9.324154 -5.256072 15.444196
8.643789 -5.804333 15.823065
9.519744 -5.950206 15.478894
9.815470 -5.289537 16.097839
9.833632 -5.686801 16.963218
10.431129 -6.192976 16.421170
9.658794 -5.636281 16.446082
10.100650 -5.824324 17.268537
9.525602 -6.445698 16.832369
9.966852 -5.601900 16.850600
9.075713 -5.933799 16.902970
8.652938 -6.020084 16.053944
8.972804 -5.502420 16.786569
9.775230 -5.877887 17.136093
10.491339 -5.362244 16.777864
9.613772 -5.617672 17.045561
8.854199 -5.985207 16.603977
9.220347 -6.735831 17.061719
9.997251 -6.664380 17.607927
9.284686 -7.056354 17.112310
8.646496 -7.423467 16.508181
9.143791 -7.360052 15.698425
8.601772 -6.717163 16.145568
9.221342 -6.757811 16.867726
9.874063 -7.322203 17.270772
9.235562 -6.646682 17.063365
10.141968 -6.560694 17.342764
10.654186 -6.655919 18.140006
10.547969 -5.919776 17.545161
10.607340 -6.861823 17.418465
10.045792 -6.726395 18.175666
10.851405 -6.955325 18.629107
10.308776 -6.176974 18.546922
9.930339 -5.885852 19.370974
9.695813 -6.257705 20.215813
8.841810 -6.306047 19.797038
8.124283 -6.763298 19.369131
7.664243 -7.355429 19.956307
8.380631 -7.000239 20.473663
9.048268 -6.516137 19.997284
8.293049 -6.965780 20.364019
7.740424 -6.322560 19.930542
6.980892 -6.692807 20.369927
6.339306 -7.297807 20.729609
6.937120 -6.647644 21.085888
7.303504 -6.718896 21.962082
6.688450 -6.901163 21.258152
6.062923 -7.372367 21.800106
5.540525 -7.904445 21.207634
5.125838 -8.376109 21.923593
4.506306 -9.056434 22.169289
5.251475 -9.291831 22.713660
4.871028 -10.139907 22.506157
4.304942 -10.594491 21.889773
3.962185 -11.252955 22.486408
3.665356 -11.969029 23.039726
4.052500 -11.719340 23.873275
3.603442 -11.390954 24.646282
2.947699 -10.772533 24.953831
2.453150 -10.384405 24.238425
1.678804 -10.664631 24.716850
1.309618 -10.411362 23.876263
1.913299 -10.141958 23.190682
1.154948 -10.575630 22.811392
0.840415 -10.855238 23.665745
0.527048 -10.127500 24.194164
1.062990 -10.340154 23.436157
0.111079 -10.312557 23.447764
1.047814 -10.206062 23.582731
1.795058 -10.140303 24.169529
2.088254 -9.427403 24.728849
1.589647 -9.079013 23.996015
1.015727 -8.738392 23.316587
1.705205 -9.322100 23.618142
2.650245 -9.267451 23.513539
2.720788 -10.132420 23.121259
2.454927 -9.224950 23.234603
2.906588 -9.804856 22.629010
3.775817 -10.162460 22.782597
3.498911 -9.381609 22.312891
4.222197 -9.603768 21.734503
4.453518 -9.358299 20.843849
5.327201 -9.511053 21.190797
5.463906 -8.739072 21.731524
5.621295 -8.591048 22.659072
5.279205 -9.448348 22.893680
4.613210 -9.087568 23.471017
4.777747 -9.535053 22.646569
4.106805 -10.210914 22.655423
3.910295 -10.370689 23.573510
3.700510 -9.933902 24.393411
3.570971 -10.414551 23.581485
4.297898 -10.422905 22.966231
4.231025 -11.306276 23.315820
4.315879 -11.947600 22.616869
3.815643 -12.425210 21.962130
4.284083 -12.925546 22.623385
3.692470 -12.993579 23.366617
3.254394 -12.407532 22.756970
2.593209 -13.021394 22.451951
3.133888 -12.717617 21.729169
3.361779 -12.188563 20.970751
3.404809 -12.192844 20.019352
3.489799 -12.897308 20.654599
3.921630 -12.894150 19.805752
3.970015 -12.608976 18.898358
4.591598 -11.976745 18.550581
3.752376 -11.788429 18.959571
3.532764 -12.114715 19.826946
4.224702 -11.543036 20.145433
4.399089 -12.395940 19.759202
4.084194 -13.079261 19.175298
4.595553 -13.502596 19.858179
4.040715 -13.487849 20.632109
3.582127 -12.956742 19.988174
3.036370 -13.121819 19.225331
2.160158 -12.759909 19.316450
1.876648 -12.670295 18.411673
2.690342 -12.257613 18.138498
2.007212 -12.903319 17.985436
1.225843 -13.444394 18.046504
0.578590 -12.880269 17.634370
0.820432 -12.039301 18.010289
1.303655 -11.282642 18.328081
0.598054 -11.791522 17.940528
0.758941 -12.330213 18.709265
1.418543 -12.812979 19.198030
0.879242 -13.447481 19.660189
1.330160 -12.952886 20.337741
0.685141 -12.908209 21.037015
0.667006 -13.452038 20.255382
1.370079 -12.911267 19.908564
0.523517 -12.524330 19.706962
0.627708 -11.878341 19.014957
-0.262877 -12.159950 19.200929
0.605667 -12.489863 18.991596
0.599030 -12.690748 19.922527
-0.283135 -12.589093 19.578319
-0.935421 -12.113269 19.073202
-0.218749 -12.082472 19.699669
-0.189339 -11.223451 20.109850
-0.889412 -10.578834 20.072493
0.002850 -10.247480 20.105692
-0.146035 -10.773513 20.885534
0.091861 -10.371429 20.055616
0.615310 -10.979401 20.568842
0.855301 -11.305853 21.430736
1.351912 -11.818848 22.061010
1.657466 -12.716353 21.970733
2.253359 -13.247450 22.490231
2.775920 -14.026935 22.327870
3.159710 -14.274666 21.492189
2.238725 -14.268270 21.249757
1.529826 -13.634744 21.193746
2.279760 -13.973640 20.714394
1.584486 -13.634962 20.158588
2.238750 -12.998856 19.885937
1.431975 -12.746412 19.447286
2.132576 -13.366476 19.269216
2.644319 -13.383505 20.072247
3.339241 -13.459233 19.425426
2.543436 -12.995199 19.667077
3.175973 -12.826322 20.358746
2.602369 -12.960626 21.107057
2.108143 -12.342310 20.577478
2.151980 -13.055111 21.207573
1.515880 -12.621678 20.646734
1.995790 -13.149458 20.015730
1.239724 -13.240178 20.587713
1.780853 -13.914803 20.986574
0.939524 -13.511183 20.796088
0.248549 -13.135290 20.259165
0.742193 -12.735291 20.968633
1.684015 -12.876661 20.964698
1.798886 -12.197240 21.622133
2.395615 -12.650603 22.209846
2.602294 -13.286826 22.887735
1.960860 -13.027780 22.233146
1.982486 -13.786712 21.658181
2.614788 -13.159481 21.320830
2.230812 -12.358344 21.664008
2.055307 -12.476141 22.592636
2.725260 -13.057963 22.938578
2.541321 -12.316558 23.507362
3.357963 -12.333135 23.017616
2.700622 -12.037812 23.640286
2.048614 -11.622840 24.196805
1.621698 -11.768790 23.358073
1.774328 -12.698575 23.219392
1.058470 -12.292246 22.740357
1.833957 -12.388207 23.284822
1.017411 -11.907464 23.189066
1.882079 -12.017326 23.572874
1.144153 -11.825921 23.002033
1.569239 -11.424802 23.753988
2.120005 -11.190810 23.013087
1.718623 -10.645309 23.682677
2.160849 -11.126305 24.375575
1.545195 -10.569469 23.908742
2.330518 -11.098705 24.009768
2.948244 -11.101608 24.734637
3.762951 -11.168883 24.246010
3.518965 -10.464144 24.838330
3.180087 -10.616339 23.961387
3.274573 -9.668692 23.953162
3.407028 -8.788446 23.614560
2.626611 -8.573435 23.112813
2.616050 -8.879751 22.211099
3.227654 -9.530832 21.880853
3.748624 -8.764438 21.661170
3.657173 -7.817540 21.706449
3.277510 -8.687346 21.785968
3.847306 -8.334181 22.462456
3.094734 -8.027363 22.958971
2.479220 -8.746797 22.856079
1.763774 -8.147993 22.664766
2.127500 -7.919038 21.814876
1.503739 -8.634710 21.890809
1.521290 -8.094290 22.674816
2.232561 -7.748237 22.144372
2.696822 -8.570677 22.267187
3.557243 -8.162389 22.269539
3.624278 -9.096308 22.443695
3.651399 -9.714371 21.719616
3.740039 -9.560957 20.783862
3.576070 -8.885395 21.434830
4.093399 -9.195870 22.171719
4.156409 -9.028515 21.236277
3.515702 -8.436362 21.618218
3.222178 -9.034674 22.298583
3.299211 -8.143480 22.625490
3.648181 -8.765610 21.994456
4.442901 -9.238220 21.766227
3.847830 -9.862356 22.170423
3.199872 -9.603714 21.522129
3.966122 -9.955958 21.079618
4.261999 -10.824032 20.822844
3.802314 -11.032877 20.015315
3.944321 -10.260265 19.476860
3.270362 -9.679263 19.816339
3.023723 -8.761717 19.881983
3.430153 -9.410019 20.449036
3.995422 -9.909437 19.867589
3.268622 -9.526856 19.385485
3.367211 -10.155622 20.093978
3.912647 -9.776180 19.411663
4.193770 -8.975590 18.979166
4.294950 -9.890745 18.735684
3.542130 -10.259587 18.283749
4.239170 -10.491417 17.677599
3.546329 -10.908409 18.180708
4.272970 -10.360923 17.899138
4.586373 -9.564147 18.316219
5.271439 -9.369930 17.683768
5.151590 -10.023026 17.001029
6.067671 -9.837675 17.183976
6.500295 -9.654680 18.012456
5.644809 -9.249057 18.115614
5.502381 -9.687853 18.948803
5.267930 -10.031081 18.091914
5.418223 -10.654208 17.387531
6.037321 -11.265758 17.000553
5.922880 -12.064594 16.494793
5.611566 -11.317150 16.996230
5.594100 -10.534445 16.453924
5.450233 -9.876236 17.127047
5.118720 -9.271555 16.470168
5.085497 -9.091975 15.535461
5.704370 -8.645367 14.965754
5.349301 -9.375022 15.464311
5.736712 -8.829900 16.142386
5.482900 -7.916428 16.232806
5.420108 -8.864399 16.166194
5.687059 -8.331195 16.908797
5.667690 -7.512716 16.422230
6.113019 -6.675598 16.511363
5.523190 -6.357488 15.834653
5.013980 -6.063266 16.583765
4.221559 -5.591760 16.822051
4.502177 -5.007206 16.124499
4.794508 -5.764102 16.623179
4.165213 -6.114953 16.000346
4.929460 -6.106505 15.432115
5.794416 -6.432052 15.202118
6.684930 -6.191078 14.965587
6.352620 -5.783553 15.759642
5.928552 -6.420676 15.192834
5.434837 -6.079780 14.453197
5.931692 -6.804512 14.820521
5.880850 -7.012763 13.892579
5.418507 -7.824400 13.706801
4.822153 -7.114923 13.487635
5.404380 -6.462444 13.110392
5.400617 -5.926550 12.323098
6.028621 -5.477218 12.880540
5.897778 -6.233369 13.444584
5.028134 -6.621617 13.448210
5.505384 -7.140393 14.088627
5.573706 -8.055500 13.833790
6.148003 -7.324185 14.039680
6.652451 -7.972806 14.521189
7.558178 -7.756220 14.720636
7.817605 -6.863684 14.928256
7.172230 -7.166728 14.296840
6.826940 -6.518620 13.690408
7.498883 -7.045945 14.111656
6.962695 -7.769787 13.802488
6.285063 -8.378716 14.080065
5.970406 -7.784160 13.405881
6.531182 -7.211395 12.891585
5.789413 -7.225763 13.488747
5.119775 -6.731207 13.026114
4.864975 -7.383179 12.380330
5.257121 -6.638940 11.933833
6.101944 -7.070002 12.020373
6.720091 -7.587871 12.527063
7.175584 -8.365257 12.835652
7.152291 -8.813967 13.675382
6.959099 -8.134455 14.314107
7.405201 -7.409355 14.741017
7.335494 -6.612770 14.223694
7.522814 -7.520898 14.441051
6.784631 -7.156942 14.920270
7.231803 -6.342849 14.709747
7.808733 -6.876844 15.247362
6.917496 -7.183444 15.384188
6.961051 -7.847448 16.065533
7.749835 -7.726574 16.585379
7.458535 -8.355200 17.238834
6.970955 -9.102557 17.571630
7.704707 -9.268733 16.987657
8.424250 -8.889184 17.482863
7.925017 -8.094274 17.321885
8.723552 -7.774736 16.912903
8.561479 -8.483710 16.297990
8.253433 -7.785238 16.867440
7.345781 -7.786130 17.155878
6.474855 -7.529356 16.868502
6.516607 -8.390405 17.273324
6.866846 -9.193754 17.646140
7.611322 -9.466273 17.118391
7.639497 -8.891223 17.877044
8.181359 -9.439029 17.317290
8.145569 -8.613428 16.843863
8.744126 -8.139402 17.413124
8.201822 -7.565915 16.880162
8.828224 -6.958002 17.261071
8.980879 -7.345651 18.117490
8.483103 -6.795359 17.520475
8.251075 -5.950074 17.892882
7.963940 -6.850824 17.777845
8.695190 -6.405198 17.361047
8.119332 -5.873614 16.819904
7.397849 -5.517598 17.329554
8.187046 -5.764353 16.856997
7.701163 -6.331562 16.266047
6.907058 -6.657934 15.853849
6.504639 -7.373717 15.371413
7.186582 -8.030796 15.270276
7.294908 -8.658778 15.978044
7.164086 -8.460749 16.900377
6.791450 -9.147844 17.444502
7.478689 -8.492850 17.368902
7.287997 -7.764922 16.785132
6.945811 -7.373148 17.582911
7.641007 -7.948117 17.277718
7.582018 -7.300851 16.581588
8.211347 -7.707186 17.169692
7.635669 -7.235787 16.575212
8.112320 -7.606787 17.311550
7.900779 -8.160960 18.056648
8.541801 -8.689997 18.521665
7.656413 -8.724770 18.870820
7.627376 -9.196730 19.697524
7.878014 -8.314341 19.441402
7.434787 -8.819350 20.116342
6.991268 -9.595119 20.445740
7.274560 -8.944127 21.080550
7.997905 -9.339464 20.603570
8.436048 -8.800050 21.254794
8.442540 -8.092491 20.617338
8.697265 -7.854440 21.503610
9.215218 -8.632221 21.319730
9.762125 -9.369612 21.066399
10.383609 -9.259735 20.353157
10.016301 -9.777369 19.643108
10.025953 -10.334083 20.415769
10.745967 -9.803027 20.089287
10.021422 -10.084149 20.639773
9.169943 -10.498665 20.740716
9.725853 -10.822564 21.442914
8.786375 -10.820719 21.599139
7.875930 -11.077350 21.709869
8.027659 -10.395287 22.357015
7.383589 -10.000519 22.936982
7.023132 -10.372623 23.736131
7.289750 -9.475248 23.911240
6.680896 -9.071935 24.522522
5.786071 -8.901501 24.244546
5.995792 -8.012954 24.515715
6.160591 -8.189440 25.436977
6.823723 -8.848392 25.255130
7.011907 -8.152690 24.632544
7.888888 -7.976239 24.959344
7.931222 -7.165049 25.456544
7.609139 -6.446887 24.920320
8.325190 -6.047317 24.435918
9.046803 -6.041213 23.814414
9.236580 -5.121736 23.974340
9.253038 -4.365150 23.396122
8.511797 -3.819828 23.150738
7.795386 -4.420166 23.333434
8.673799 -4.215851 23.639500
9.507464 -4.666149 23.543242
8.660074 -4.337866 23.828184
9.340871 -5.000156 23.758058
8.729321 -5.542724 24.246583
8.143723 -6.293571 24.264790
7.755169 -6.808991 24.965073
7.425880 -5.923218 24.846738
6.736238 -6.455977 25.230913
6.853857 -6.466712 24.285884
6.007999 -6.539130 24.717518
5.121832 -6.273507 24.943753
6.008741 -6.582646 24.786100
6.189215 -5.723144 24.417705
5.478749 -5.858633 25.037308
5.119422 -6.612039 24.578730
5.765070 -5.938819 24.770935
4.826594 -6.099510 24.749243
4.484036 -6.761915 24.156871
4.861800 -7.538444 23.755214
4.691146 -8.024491 24.556253
4.330399 -7.558592 23.808036
5.202081 -7.813015 23.520864
4.592069 -7.207261 23.111014
4.549453 -6.299214 23.395029
4.913838 -6.966297 23.968834
4.157773 -6.975257 23.389770
4.774119 -7.368626 22.779517
4.058350 -7.331510 22.152359
3.373089 -6.978954 21.592761
2.594670 -7.200861 21.090913
2.965527 -7.530824 21.903698
3.448960 -8.047462 21.266198
2.808334 -8.740645 21.139210
3.458502 -8.608899 20.455870
3.755016 -9.375886 19.975410
3.075481 -9.916192 19.583837
2.953516 -10.523365 18.860307
3.733898 -11.007606 19.112387
3.097256 -10.691931 19.746474
3.804405 -11.306223 19.918569
3.935535 -12.190469 20.247117
4.544701 -12.771522 19.801782
4.283709 -13.549307 20.285481
4.998161 -13.808294 19.711450
5.375300 -13.953149 18.849004
6.061103 -13.565278 18.313970
5.326589 -13.175622 18.778390
4.682390 -12.947791 18.114967
5.049038 -12.495125 18.868420
4.386686 -13.057700 19.258070
5.038586 -12.371680 19.151149
4.218199 -12.529638 18.693935
4.519159 -13.431858 18.743446
4.848568 -13.753345 17.909680
4.525999 -14.510848 18.388396
4.802597 -13.838298 17.773416
5.429090 -14.362097 17.283346
5.545920 -14.706294 16.403056
6.471072 -14.483903 16.362257
7.157090 -14.259941 16.983747
8.067640 -13.995242 17.072423
7.512664 -14.120058 17.836264
7.016892 -13.309470 17.771566
7.093230 -14.047318 18.368877
7.017232 -14.467418 17.517543
6.567478 -13.645699 17.345703
6.142939 -12.794042 17.307294
5.626938 -12.666152 16.517093
4.787636 -12.320014 16.229359
5.124270 -13.140075 16.577508
4.732007 -12.541191 17.205599
4.058717 -13.139046 17.515890
4.579847 -12.584681 18.088719
4.022953 -13.111325 18.654003
4.032306 -12.386047 19.271186
4.490782 -12.672415 18.487080
4.428470 -12.433953 19.407016
4.559366 -12.578166 20.339270
3.699389 -12.986674 20.363574
3.073760 -13.099961 21.072648
3.341716 -13.997018 20.897957
3.591322 -13.102811 21.110370
3.013736 -12.345644 21.121398
2.852372 -12.834494 21.922657
3.337804 -12.099568 22.284969
3.757832 -11.648383 23.010942
3.331580 -12.458411 22.747899
3.339360 -11.875708 21.994623
2.812790 -12.517601 22.461233
2.102388 -11.895037 22.582772
1.626089 -11.085034 22.737904
1.360161 -10.305056 22.260469
0.431174 -10.316955 22.469924
0.973158 -9.705748 22.959525
1.570594 -9.255201 22.370368
1.974885 -8.776040 21.653441
1.627971 -9.055545 20.811682
2.099408 -8.328251 20.416940
1.391048 -8.844290 20.044170
1.711904 -9.598038 20.529911
2.241844 -10.215338 21.025022
2.701315 -10.699951 20.346004
3.333416 -10.065370 20.669708
3.620072 -9.193022 20.416988
4.341569 -9.576462 19.927656
4.537446 -10.122235 20.683165
5.030833 -9.589160 20.067187
5.340846 -8.991720 19.393402
5.607979 -9.219868 18.508180
4.791942 -9.615937 18.798422
4.605187 -8.708145 19.017659
5.210601 -8.922417 19.720930
5.463093 -9.093278 20.623196
6.113880 -8.435172 20.398690
5.513466 -8.067777 21.040214
5.269224 -7.151096 21.124303
5.655778 -7.981094 20.862182
5.830109 -8.827222 21.263065
5.575057 -7.917621 21.142220
6.521980 -7.847225 21.215782
7.290215 -7.305240 21.063808
7.071476 -6.969686 21.927860
6.481450 -7.378360 22.553866
6.049498 -6.644166 22.979784
5.735954 -6.068714 23.670851
5.641296 -6.914782 24.097746
5.383357 -6.820583 23.185812
4.502654 -7.010050 22.876790
4.544532 -7.639650 22.163432
4.373859 -7.227849 23.005050
4.802206 -7.769375 22.349079
5.529858 -7.579495 22.933457
5.858822 -8.432778 23.199390
6.443962 -9.031902 22.745859
7.255676 -8.683107 22.390203
6.764729 -8.600127 21.578344
5.993774 -9.113311 21.800381
5.353001 -8.422171 21.663396
5.876225 -7.657173 21.882585
5.304250 -8.194278 21.342776
5.906536 -7.514975 21.054976
5.029170 -7.850710 20.898327
5.524731 -7.124481 20.532211
4.876201 -7.147361 19.835136
4.657858 -6.430794 20.423258
5.078454 -5.759487 20.951912
5.629797 -6.266575 20.363770
6.381633 -6.126232 19.796252
5.694656 -6.648272 20.199448
5.333972 -7.439736 20.587417
6.017864 -6.890250 20.216761
6.564075 -7.330847 20.860622
6.228145 -6.443353 20.941466
6.470711 -5.615705 20.537500
6.128228 -4.775745 20.247327
5.493953 -4.086191 20.076319
4.660429 -4.402309 19.741155
3.934822 -4.114541 20.286788
4.341255 -3.267890 20.128597
4.052701 -3.655105 19.307725
4.515048 -3.221411 18.596969
3.710425 -3.311636 19.098436
2.883748 -3.695058 18.821629
3.139918 -3.612330 19.735172
3.814439 -4.283785 19.700560
3.089078 -4.350049 19.086973
3.431848 -3.620861 18.579210
3.670996 -4.538464 18.490660
4.373719 -4.469844 19.129801
4.695491 -3.903855 18.434712
4.376302 -3.508041 19.239994
5.006287 -3.270860 18.566277
4.071283 -3.106687 18.642731
4.701994 -2.422469 18.845411
5.475671 -2.916454 19.099245
4.836499 -3.622048 19.124294
5.168678 -3.068890 19.824797
5.034969 -3.933727 20.200576
4.164706 -4.129706 20.534138
3.543891 -3.602479 20.040527
4.101013 -2.933370 19.654602
3.401390 -2.441299 20.073438
2.781164 -3.158816 19.986725
2.874923 -4.060661 20.278126
2.655017 -3.904088 19.364804
2.316117 -3.852290 20.253338
2.048574 -4.057830 19.362719
1.506849 -4.643789 18.842896
1.759216 -4.145940 19.614574
