-8.380952 2.000028 3.000000
-8.894001 2.708733 2.623772
-9.011958 3.198400 3.432069
-9.716850 3.441515 2.839572
-10.162248 4.152556 3.290208
-10.079970 3.450796 3.928793
-9.494266 2.740167 3.685925
-9.861350 3.615727 3.610597
-10.353586 2.848824 3.333845
-10.446976 3.545235 3.976744
-10.423776 2.627772 3.722277
-9.989110 2.157827 3.017119
-9.868446 3.022574 2.636750
-9.454324 2.858981 3.478634
-10.032450 3.370749 2.921056
-9.367006 3.383943 2.239851
-10.277809 3.441591 2.512145
-10.812994 4.082228 2.053679
-10.448449 4.725146 1.453020
-11.256005 4.266978 1.665069
-11.596924 5.068357 2.050550
-11.659016 5.852490 2.587495
-11.347295 5.720738 1.697270
-11.751003 5.011470 2.188176
-11.253145 5.586245 1.614765
-10.510173 6.132529 1.852668
-10.980471 6.274270 1.036728
-11.556459 6.872367 0.570306
-11.215085 6.420138 1.335801
-11.543815 5.681505 0.832426
-11.149876 5.937537 0.004000
-11.438120 5.812029 -0.894995
-11.826269 6.433641 -0.286744
-12.345273 5.726510 -0.657730
-12.771004 5.486993 -1.475296
-13.250294 5.352937 -2.287292
-13.315210 6.107419 -1.709736
-12.790286 5.346450 -1.938669
-13.452497 6.021144 -1.823370
-13.852818 5.415590 -1.206866
-14.447022 4.718381 -1.467350
-15.266268 4.286433 -1.689357
-14.874210 3.535182 -2.124031
-15.340520 2.936171 -2.699159
-14.978894 2.390178 -2.007677
-15.489270 2.612412 -2.780437
-16.169801 2.127321 -2.323717
-16.021633 3.063342 -2.418271
-16.055544 2.120220 -2.546332
-16.021113 1.294811 -2.072471
-15.467663 1.871957 -1.555146
-15.327513 1.253144 -2.265398
-15.824134 0.839962 -1.565629
-16.427694 0.179759 -1.892550
-15.620146 0.381915 -2.355180
-14.815566 0.887840 -2.294178
-14.242256 0.987322 -3.048133
-14.755588 0.440234 -2.461435
-13.929392 0.247605 -2.894245
-14.879931 0.193473 -2.870243
-15.033155 0.885065 -3.506838
-15.633895 0.296757 -3.059585
-15.205988 1.105270 -3.324598
-14.448848 0.831050 -3.833097
-13.784071 0.391290 -3.311836
-14.127955 1.063655 -3.892094
-14.950957 1.511118 -3.720411
-15.532552 0.905206 -3.271361
-15.935391 0.312265 -3.898395
-16.659819 0.916733 -3.768579
-17.268027 1.537852 -3.379576
-16.636710 1.130727 -3.964995
-16.632556 0.552219 -3.208463
-16.457801 1.163002 -3.917994
-17.150979 0.510866 -3.953380
-16.817556 0.885633 -3.143807
-16.638912 1.507870 -2.445283
-17.316941 1.058442 -2.940581
-17.859586 1.723990 -2.528742
-18.581415 1.133123 -2.336730
-18.739506 0.587533 -1.572290
-19.335719 0.591310 -0.829630
-18.660521 0.892697 -1.429883
-17.990271 0.929933 -2.105462
-17.920636 0.053958 -1.738246
-17.253022 0.311321 -2.366804
-16.581955 0.985937 -2.406711
-16.550605 0.276101 -3.040888
-15.889434 -0.181147 -2.530195
-16.680314 -0.225147 -2.001421
-17.284605 -0.830350 -2.420459
-17.477215 -0.003443 -2.851917
-16.630184 -0.247234 -2.491177
-15.728797 -0.479729 -2.289986
-16.302770 -1.072971 -1.814960
-15.821612 -1.193219 -2.628014
-15.181247 -0.508390 -2.795257
-15.011606 0.226309 -2.213476
-14.724499 -0.508558 -2.746928
-15.303682 -1.142526 -3.158828
-15.931068 -0.525809 -2.794031
-16.135623 0.404066 -2.816857
-16.023088 -0.303080 -2.188915
-15.366312 -0.772975 -2.693765
-15.605545 -1.643366 -2.997438
-16.337291 -1.107866 -3.288671
-17.000323 -0.589188 -2.843260
-17.693531 -0.615497 -3.495792
-17.774734 -0.656672 -2.547773
-17.035560 -0.445567 -1.985560
-17.734404 0.178567 -2.156154
-17.720284 0.061532 -3.101211
-17.013182 -0.538394 -3.318290
-16.212151 -0.260965 -3.752356
-15.647474 0.238490 -3.170366
-16.053878 0.727365 -3.879497
-16.811853 0.465819 -3.365592
-17.492632 0.176370 -2.765769
-16.928549 0.525982 -3.448857
-17.287213 1.380946 -3.231083
-16.662473 1.896071 -3.732456
-16.219876 1.294327 -3.141661
-17.144277 1.352264 -3.363370
-16.239630 1.233450 -3.090378
-15.762794 1.910956 -3.560106
-15.189908 1.326544 -4.047232
-14.764601 0.503510 -3.826418
-15.400869 1.203536 -3.716167
-14.708567 1.852556 -3.796916
-15.451475 2.422989 -3.624514
-14.589041 2.687247 -3.318893
-15.046219 1.899738 -3.597906
-14.329815 2.070269 -2.993990
-14.894269 1.759758 -2.292558
-15.187433 0.897745 -2.571872
-14.757605 1.660745 -2.197562
-14.015596 1.130300 -2.471570
-13.765702 1.603383 -3.259464
-13.216510 0.923322 -2.881395
-12.527189 1.436492 -3.291907
-12.416008 0.611401 -2.829421
-12.494902 1.520042 -3.103607
-13.031839 0.750978 -3.268737
-12.264777 0.594905 -2.726255
-13.035317 0.991231 -2.331007
-12.627445 0.860263 -3.181605
-12.778542 1.357594 -2.383570
-13.122416 0.726729 -1.758438
-14.010666 1.034611 -1.605955
-13.455613 0.566494 -2.222245
-12.679524 0.689848 -1.684194
-12.390648 0.028862 -1.062359
-12.891350 0.373691 -1.795449
-13.020405 1.267160 -2.098910
-13.731454 0.760676 -1.718235
-14.067146 1.090963 -2.546034
-13.438469 1.272790 -3.237941
-13.653966 1.920329 -2.573648
-13.252328 2.388708 -3.299138
-12.832844 2.980829 -2.682329
-13.526369 3.428426 -2.207240
-14.005609 3.783863 -2.949550
-13.226602 4.276515 -2.709814
-12.826689 4.977818 -2.204569
-13.268115 4.390606 -2.810667
-14.108887 4.836875 -2.779434
-13.223406 4.992370 -2.465152
-13.404855 4.745413 -1.563422
-12.993218 3.957217 -1.222348
-13.422147 3.875385 -2.068725
-13.824384 3.186947 -1.547872
-14.366810 2.429727 -1.746422
-13.427633 2.586263 -1.768164
-13.918482 1.808806 -1.519855
-14.775286 1.999274 -1.889502
-15.498690 2.173574 -2.483921
-15.906568 1.597124 -1.844883
-16.162225 1.815109 -2.736034
-16.871377 2.404904 -2.973252
-16.148060 3.004216 -3.130305
-16.056677 2.768352 -2.212130
-16.325560 1.855774 -2.256103
-16.987271 2.413599 -1.858612
-17.571098 2.201248 -2.580473
-17.763815 2.097668 -3.507383
-18.648514 2.419700 -3.651021
-19.127396 1.934030 -2.986322
-19.686767 1.378142 -2.452352
-19.624558 0.838296 -1.670224
-18.951450 1.119592 -2.282455
-19.307486 0.996548 -1.407739
-19.257809 0.225463 -0.850971
-18.972579 -0.458571 -0.252831
-18.962390 -1.365910 -0.542077
-18.349404 -1.884254 -0.029636
-17.962627 -1.199126 0.507050
-18.195841 -2.095390 0.729199
-18.671537 -1.679247 1.441636
-19.216678 -1.041650 1.892548
-19.112156 -1.470052 2.736690
-18.768986 -0.968100 3.469702
-18.917340 -1.886781 3.267108
-18.016502 -2.176006 3.376054
-18.600754 -1.646239 3.909933
-18.789074 -1.740410 4.838749
-18.660562 -1.283430 4.013108
-18.196927 -1.710855 3.299400
-19.093329 -1.724546 3.620810
-19.732218 -2.423391 3.518513
-18.899643 -2.716129 3.160529
-19.848972 -2.788759 3.183485
-20.205097 -3.445825 2.593172
-20.315898 -3.152056 3.492311
-19.976901 -3.818488 4.082210
-20.119473 -3.159400 4.754746
-19.563669 -2.874954 5.473912
-19.175408 -3.455391 6.121505
-19.540944 -2.674767 6.526520
-19.237519 -1.990768 5.937360
-18.865742 -1.254583 5.461081
-17.994933 -0.970671 5.722072
-17.295665 -0.820506 5.093182
-17.556362 0.031926 5.428484
-18.120482 -0.623354 5.029228
-17.998840 -0.710804 4.088704
-18.688699 -0.061818 3.988990
-19.092907 0.547841 3.379103
-18.562668 -0.203340 3.627303
-19.209283 -0.133376 2.931585
-19.007468 -0.545701 3.766024
-19.762575 -0.710675 3.209584
-20.288111 -1.255642 2.631785
-19.828457 -0.955917 3.410189
-19.243004 -1.584485 2.998878
-18.433002 -1.987790 2.701773
-18.517799 -1.495710 3.512758
-18.033419 -1.894226 4.229411
-18.524930 -1.481623 4.933119
-19.360778 -1.867120 5.177619
-19.192107 -2.172696 6.063735
-19.799767 -2.582733 5.455748
-20.274519 -2.223718 4.712278
-21.206029 -2.345679 4.868628
-21.640468 -2.029155 4.082431
-21.280467 -1.603630 4.854673
-21.952028 -1.134145 4.369267
-21.025982 -0.958528 4.505750
-21.624693 -0.445328 3.971710
-22.287067 0.214551 4.152959
-21.722262 0.901321 4.494093
-22.420719 0.570550 5.050671
-22.084903 0.199520 4.240367
-21.840532 -0.395927 3.538401
-21.741507 -1.016837 4.253729
-22.465433 -0.459601 4.522890
-22.008043 -0.876887 5.246557
-22.467922 -0.276971 4.667210
-22.545101 0.454430 5.272292
-21.670028 0.525670 4.903240
-22.177236 0.209419 5.644693
-22.288217 1.120007 5.900707
-22.813403 1.649554 5.308432
-22.230428 2.385409 5.468704
-22.683799 1.549101 5.423173
-22.261250 1.887101 6.206907
-21.989647 1.091436 5.759493
-22.124130 0.487679 6.483662
-21.323587 -0.028163 6.491773
-20.725910 -0.493625 7.068971
-21.325447 -0.940840 6.479409
-20.405060 -1.051937 6.261289
-20.430210 -1.510152 7.095815
-20.675730 -0.728070 7.580681
-19.860858 -0.498785 8.017077
-19.322604 -0.931687 8.672750
-18.799136 -0.189294 8.958870
-19.628026 0.233206 8.755238
-20.335675 0.802420 8.468435
-19.838582 1.609217 8.563338
-20.131063 0.750173 8.274325
-19.453913 0.867594 8.933650
-18.947694 1.275083 8.237430
-19.846259 0.977272 8.132929
-19.109260 1.158586 7.557613
-19.072881 0.349223 8.058252
-18.833757 0.956272 8.752039
-18.749350 0.087581 9.133196
-19.418619 0.199768 8.464971
-18.721938 0.847666 8.421457
-18.712992 1.182730 9.312907
-19.128087 2.010030 9.088630
-18.655442 2.555850 9.709691
-18.777069 3.244161 9.062803
-18.011941 3.107844 9.613281
-18.227067 2.470812 8.938787
-19.053989 2.935462 8.853168
-18.597234 3.382434 9.559298
-17.724671 3.000794 9.563182
-18.182615 2.166580 9.525711
-17.458369 2.019129 8.925084
-17.001327 2.694644 9.416837
-16.710710 1.899814 8.980010
-16.169920 1.882462 9.763767
-16.477155 1.425992 8.986418
-15.781603 1.590928 9.615729
-16.551309 1.918570 10.070958
-17.165920 1.198626 9.966252
-17.266668 2.100905 9.678552
-17.922928 2.782252 9.788635
-17.661557 1.866556 9.773970
-17.771714 2.315577 8.941338
-17.988489 2.951466 8.266294
-17.716187 3.655072 8.847515
-17.978404 2.843286 9.270923
-17.135138 2.887919 9.711308
-17.811254 3.397526 9.275190
-17.080092 3.440492 9.883948
-17.231021 2.508048 9.762306
-18.100634 2.720208 9.437052
-18.018719 2.609801 8.494646
-17.124025 2.738305 8.194581
-16.626438 2.647030 7.387670
-17.255381 1.961975 7.592996
-16.407334 2.163533 7.976689
-17.080557 2.606470 8.484238
-17.483114 3.374851 8.877390
-16.654982 3.799674 9.079264
-15.820137 3.628642 9.504482
-15.993162 4.559661 9.403010
-16.550730 4.564892 8.630923
-15.856201 3.926133 8.501912
-16.501992 3.846110 9.197310
-16.070618 4.660351 8.956570
-15.322784 5.043035 9.405264
-15.831610 5.382365 8.675210
-16.628011 5.013930 9.045383
-16.068424 5.726435 8.751737
-16.948624 5.721094 9.115398
-17.490262 5.790597 8.335124
-18.012609 5.241914 7.757949
-18.621025 5.517150 7.078903
-18.495031 6.421274 6.807397
-18.883703 6.605045 5.957578
-18.428269 6.026053 6.561215
-17.877360 6.772694 6.775826
-18.413215 7.033880 7.518571
-17.697281 7.191874 6.910702
-18.580124 7.134025 6.558180
-17.772604 7.625174 6.441080
-17.340716 7.140207 7.137722
-16.689403 6.492486 6.886169
-16.097380 5.757071 6.760853
-15.674463 6.115897 7.535071
-14.924624 6.494435 7.983938
-14.360014 6.147965 8.668192
-15.027134 5.532463 8.956529
-15.785101 6.051179 8.704638
-15.163524 5.429373 8.338540
-14.676539 6.153860 7.957759
-15.405430 6.764918 8.006271
-15.915734 7.438205 7.566607
-15.197275 7.099115 7.041379
-15.580423 6.263113 7.289024
-15.264343 5.474787 7.719911
-15.887673 4.861420 8.097098
-16.414338 5.370767 7.488640
-15.823988 5.387759 6.741494
-15.414859 5.911455 6.059303
-16.295677 6.022083 5.714410
-15.903503 6.520354 6.425012
-16.777109 6.703454 6.757152
-17.335777 6.904754 6.012573
-16.504405 6.617751 6.377920
-15.958646 5.923390 6.021494
-15.366850 5.642221 5.330299
-14.621278 5.605368 5.921732
-15.445750 5.278036 6.268332
-15.793287 4.605460 6.846164
-15.192605 4.546344 6.109470
-14.731337 5.225684 6.591923
-14.017661 4.607688 6.466319
-13.659067 3.963153 7.068826
-13.364783 3.719749 7.941283
-13.506928 4.657971 7.860272
-12.644109 4.338775 7.613925
-12.384564 4.879926 8.353399
-12.771252 5.719002 8.122200
-13.509967 5.612628 8.713821
-13.332207 5.148024 7.901679
-13.553230 5.874698 8.476242
-13.671420 5.321790 7.709851
-14.255497 4.812556 8.263533
-14.948969 4.968584 7.629670
-15.524079 4.510072 7.024653
-15.488013 3.742281 6.462314
-14.889274 4.470504 6.597345
-15.020970 4.930255 5.773746
-15.682601 5.352319 5.234176
-16.198824 5.625258 4.481814
-15.569390 4.919418 4.369424
-16.406321 4.912936 3.914964
-16.422479 5.641160 4.528526
-15.985687 5.327638 5.314621
-16.302342 4.549487 4.866024
-15.751072 5.172770 5.329326
-15.839574 4.674531 4.522509
-16.220974 3.963678 5.028722
-16.054888 3.768677 4.111432
-16.210184 4.708238 4.123136
-16.252393 5.645173 4.288667
-16.399070 6.530455 3.969618
-15.470570 6.742179 3.978970
-15.842270 7.211724 3.238433
-15.445255 7.401296 4.083105
-16.366165 7.163334 4.034836
-16.727489 6.951596 3.179476
-16.464287 6.560728 2.351843
-15.767536 6.366878 1.732174
-16.325147 6.093590 1.010084
-16.480194 5.183759 1.245028
-16.050544 4.392919 1.556479
-15.107328 4.394463 1.688275
-15.102411 3.560687 1.228034
-15.845092 3.589692 0.632539
-16.622869 4.046411 0.938319
-16.058813 4.261951 1.674807
-16.883739 3.860842 1.418606
-16.866294 3.345933 0.617610
-16.642850 3.835855 -0.167932
-16.434006 3.755402 -1.093644
-16.756481 4.095078 -0.264391
-17.116735 4.952110 -0.057653
-16.411799 4.319415 0.041297
-15.588917 4.793047 -0.033329
-16.151331 4.061619 0.202752
-15.794722 4.579312 -0.512688
-15.901756 3.990250 0.227974
-15.361817 4.173223 -0.534926
-15.583281 3.382050 -0.053231
-15.671422 3.592825 0.871341
-15.236604 4.143246 0.227136
-15.285390 4.714870 -0.533058
-16.113364 5.064441 -0.848161
-15.240285 5.019924 -1.226025
-14.719315 5.585420 -1.788015
-14.709423 4.657269 -2.001244
-14.735567 5.231914 -1.242212
-15.438915 4.782927 -1.701277
-15.433840 4.022495 -1.127912
-15.394432 4.698257 -1.797854
-15.865312 4.225803 -2.477625
-16.325774 4.804452 -1.877484
-16.027188 4.025015 -1.418840
-15.446137 3.281297 -1.546484
-15.494021 2.560395 -0.925970
-14.941578 2.616440 -1.699724
-15.551543 2.946032 -1.046775
-14.955849 2.373355 -1.520293
-14.343826 3.085055 -1.359235
-14.417933 2.441821 -0.660818
-15.071738 1.800900 -0.398541
-15.713702 2.483395 -0.569160
-15.042685 2.563673 0.101900
-15.231413 3.154189 0.824882
-15.801601 2.586234 1.334139
-16.320839 2.127706 0.680554
-16.238407 1.524189 -0.051567
-16.973369 1.063718 0.341913
-16.239993 1.601487 0.059081
-15.895129 1.317481 0.900174
-16.566992 1.907141 0.571649
-16.310060 2.507532 1.264863
-15.774164 3.074721 0.718839
-15.177296 3.217112 -0.009517
-14.439662 2.812804 -0.456126
-14.770347 3.612630 -0.058690
-14.416185 4.301529 0.495401
-14.970578 4.908892 0.975804
-15.599031 5.386804 1.508417
-15.135187 4.559540 1.421747
-14.938345 5.038927 0.622703
-15.142864 4.124644 0.451568
-15.798308 3.764449 -0.138078
-16.453826 4.380250 -0.451310
-16.725987 4.914589 0.288581
-16.184499 4.163253 0.066507
-15.259987 3.961730 -0.041631
-15.373413 3.344557 -0.758053
-14.603147 3.827295 -1.042100
-14.029956 4.116616 -0.338696
-14.865171 3.810868 0.001836
-15.429689 4.530352 -0.264042
-15.070124 5.037793 0.457240
-15.433309 4.302812 0.941935
-14.799623 4.589266 1.592640
-15.432817 3.917329 1.826296
-14.749760 4.406115 1.377354
-13.807197 4.275478 1.338133
-14.311779 5.005640 0.992749
-13.627094 5.420746 1.508427
-13.659091 4.487286 1.694594
-14.417023 4.406159 1.123640
-13.918216 4.342486 1.932446
-13.502410 4.749200 2.686580
-13.856927 3.880363 2.849272
-12.946856 3.863492 3.129480
-12.279390 3.587684 3.750326
-11.997085 4.081818 2.986673
-11.916416 3.878196 3.913529
-12.124151 4.608710 3.338877
-11.388474 4.012650 3.236313
-10.601964 4.547275 3.287369
-10.107885 3.950250 3.840971
-9.917171 4.838507 4.126726
-10.458693 4.253469 3.605655
-10.721431 5.168766 3.620811
-10.239881 4.610541 3.017882
-9.685510 5.021792 2.361700
-10.500079 4.710737 1.978618
-9.991227 5.481217 2.211985
-10.679405 5.655247 2.846930
-10.715167 6.355856 2.202805
-9.991036 5.965419 2.682620
-10.289090 5.668646 1.828150
-10.534034 4.937810 1.268766
-10.387632 5.716535 1.797144
-10.897300 5.174087 1.202990
-11.170707 5.161101 0.290790
-10.584186 5.507387 0.956454
-11.143578 5.168827 0.264004
-10.876626 5.818929 -0.378751
-10.387070 5.064148 -0.066228
-11.023642 4.595964 0.465382
-11.588746 5.087737 -0.122706
-12.183408 5.654578 -0.604470
-12.888201 5.213148 -1.068620
-12.067310 5.514359 -1.446030
-12.609117 5.557201 -0.663957
-11.854166 4.976622 -0.666742
-12.379505 5.606663 -0.182906
-12.202521 5.002686 -0.897690
-11.560590 5.479489 -1.415005
-10.975520 4.969217 -0.863330
-11.652773 5.472381 -1.305126
-11.291654 4.873680 -0.658458
-12.000431 4.260542 -0.488970
-12.946857 4.251074 -0.383049
-12.046346 3.941584 -0.365021
-11.209541 3.487012 -0.352656
-10.550810 3.840383 -0.942770
-10.429412 3.924048 -0.001870
-9.834120 4.412092 0.558905
-10.110085 3.792200 1.227190
-9.765481 4.586961 0.831423
-9.245897 3.985804 1.356468
-9.732632 4.771143 1.587470
-10.534870 4.399858 1.233080
-11.406323 4.778047 1.300708
-10.904112 5.294815 1.923414
-11.435228 4.505443 1.966277
-10.961798 4.431009 2.789292
-11.522539 3.688191 2.991337
-11.726039 4.524459 2.583569
-11.390747 5.054810 3.300043
-11.562085 4.818426 2.393514
-12.285290 4.562610 1.829101
-11.949337 4.256405 0.992200
-12.742322 3.887101 0.615611
-12.090294 4.382751 0.129587
-12.486587 3.815794 -0.525045
-12.442551 4.731430 -0.783310
-13.345185 4.772521 -1.084299
-12.460742 4.419275 -1.081529
-12.962405 3.960155 -0.414766
-12.648370 3.268334 0.159513
-12.457904 4.116997 -0.228459
-11.931428 4.836595 0.106251
-12.829384 5.053963 0.337455
-12.152818 5.707268 0.187523
-11.747383 6.514828 -0.113309
-12.459482 5.995258 -0.473852
-12.903534 6.560521 0.150907
-12.301540 5.951273 -0.265566
-11.591869 5.577380 0.247854
-12.078791 6.201044 0.777930
-12.618952 6.773947 1.313689
-12.213665 6.079395 0.803425
-11.882201 5.187200 0.837332
-11.240711 5.891124 0.840934
-11.948735 6.491026 0.626809
-12.602234 7.091873 0.971700
-12.588327 6.777154 1.870470
-12.817601 5.973385 2.326998
-13.594158 6.108246 1.792394
-14.511318 6.050018 2.042307
-14.725570 5.336606 1.448870
-14.674370 4.514588 1.927090
-15.266776 3.916305 1.481957
-15.183084 3.535958 2.351072
-15.499183 3.069409 3.118825
-16.237499 3.579353 3.438004
-15.412633 3.157857 3.659291
-14.573501 3.149980 3.208932
-14.382154 2.474211 3.852168
-14.416614 1.843731 4.565147
-14.241056 2.333296 3.767314
-13.315544 2.333034 3.991940
-14.011470 2.074837 4.588639
-14.356163 2.252475 3.718776
-14.980630 2.054400 4.410032
-14.208543 1.648324 4.027916
-13.610595 1.164312 4.589362
-13.987851 1.805976 3.995245
-13.309631 1.164909 3.805302
-12.790473 0.375473 3.924878
-12.125819 -0.033872 4.470497
-12.508688 -0.311104 3.643706
-12.248022 0.040971 2.798054
-13.154493 0.106376 2.513344
-13.827163 0.421438 3.109399
-13.080792 -0.020698 3.502433
-12.335227 -0.409858 3.055537
-11.679665 -0.735276 2.446135
-11.969827 -1.486331 2.954810
-12.169042 -2.215034 3.534754
-11.776126 -3.052229 3.307263
-11.172280 -2.482253 2.840864
-11.814719 -1.789867 2.718790
-11.409977 -1.522057 3.538235
-12.083140 -1.679170 4.193367
-12.515192 -2.353552 4.708701
-11.880911 -2.913267 5.146236
-12.441479 -3.413989 5.731105
-13.115384 -2.999688 6.261423
-13.005026 -2.652051 7.141195
-12.830000 -3.254294 6.424467
-13.620687 -3.200600 5.896301
-14.237687 -2.698380 5.372740
-14.897970 -3.361672 5.549086
-15.522528 -3.495352 4.842625
-15.139084 -3.419255 3.974172
-15.164488 -2.488205 4.172990
-15.793968 -1.957624 3.694170
-16.648270 -2.365719 3.590950
-17.204002 -3.044146 3.219563
-17.771928 -3.805511 3.288936
-18.069730 -4.157658 2.455669
-18.159259 -3.428344 1.849769
-18.686862 -2.880562 2.423004
-19.614203 -2.763150 2.605443
-20.190558 -3.131645 1.942830
-19.537382 -3.335496 2.605275
-20.166810 -2.708411 2.948226
-20.825726 -3.383430 2.817040
-20.670592 -2.447645 2.731782
-20.104847 -2.759436 2.031962
-19.940594 -2.269034 1.232239
-20.578456 -2.683504 0.659198
-19.636545 -2.584538 0.559009
-20.039799 -2.617770 -0.303147
-19.438854 -3.279458 0.025582
-19.888118 -2.735521 0.665366
-20.341189 -2.023801 0.223539
-19.732245 -2.734865 0.048592
-18.895581 -2.925677 0.461646
-18.785517 -2.622559 1.357768
-18.661632 -2.482919 2.291675
-18.178176 -3.221145 1.933453
-18.777099 -3.548275 1.269146
-19.093902 -2.761418 0.836109
-19.232043 -2.977435 -0.081107
-19.780156 -3.202037 0.664651
-20.517706 -2.621702 0.502595
-19.857260 -3.253574 0.235055
-19.468226 -2.968910 1.056426
-20.286824 -2.518821 1.241753
-20.712010 -2.033582 1.942316
-19.991709 -2.618543 1.727803
-19.792191 -3.513605 1.470731
-20.525190 -3.013769 1.124457
-20.007532 -2.883068 1.913112
-20.560325 -3.305171 2.563711
-19.921813 -2.643394 2.811470
-20.712180 -2.447916 2.317368
-20.128064 -3.009940 1.817402
-20.346816 -3.396964 2.659654
-20.754085 -2.854452 1.991191
-21.202268 -2.837944 2.831363
-20.355735 -3.158216 3.127739
-19.829241 -3.950699 3.085270
-19.634997 -3.021276 3.159237
-20.196383 -2.346343 2.789994
-20.660924 -1.996198 3.544070
-20.742236 -1.455775 4.324046
-21.080670 -2.180402 3.806931
-21.576004 -1.580173 3.257932
-21.839951 -1.703023 4.164723
-21.229473 -2.186808 3.616730
-21.811096 -1.434970 3.675760
-21.557310 -0.600603 3.293068
-20.905640 -1.054929 3.818371
-21.078965 -0.457600 3.097132
-20.523806 0.007690 2.478801
-21.080716 0.638059 2.925470
-20.734560 0.051161 3.590870
-20.258950 0.644366 3.017343
-20.870702 1.201143 3.489347
-21.656725 1.483824 3.946828
-21.283128 2.140673 4.526486
-20.891573 2.245783 5.388268
-20.250145 2.933133 5.236125
-21.161669 3.107846 5.022512
-20.439548 3.651947 4.723304
-21.159462 3.366278 4.169097
-20.293885 3.715970 3.980627
-20.380224 3.487990 4.901279
-19.689995 3.709514 5.518970
-19.145408 3.145654 4.978123
-19.653495 3.843286 4.575399
-20.197771 3.925966 3.798252
-19.741586 4.657567 3.393672
-18.850650 4.332492 3.306554
-19.103496 4.589507 4.188054
-18.489753 5.276870 3.947473
-18.907915 5.403374 4.793740
-19.650153 5.984191 4.656765
-19.107818 6.305976 5.370457
-18.603163 6.975767 4.919090
-19.187865 7.506687 5.451327
-18.752271 7.287903 4.633145
-18.265060 7.845413 5.232174
-18.783260 7.443616 5.922869
-18.953010 6.570333 5.582882
-18.313397 6.093636 5.062608
-17.489800 5.814767 5.451130
-16.537714 5.811380 5.474582
-16.377938 5.475170 6.351202
-16.561524 5.922034 5.530448
-17.305439 6.435630 5.830179
-17.137614 6.406954 4.893140
-17.004640 5.541391 5.267504
-16.284979 6.147338 5.119359
-16.748001 6.614138 4.430348
-16.662305 7.346735 3.827863
-17.087170 6.720626 3.249498
-16.791507 6.092950 2.597091
-16.897032 5.302184 2.076914
-16.143609 5.540684 2.608422
-16.856258 5.257674 3.173282
-17.062618 5.781939 3.941130
-17.628146 5.909619 4.696713
-17.044460 5.219333 4.396970
-16.309719 5.100373 3.802805
-16.841226 5.347486 3.052161
-16.585650 5.991036 2.398286
-15.902405 5.995379 1.734820
-16.392759 6.645385 2.228859
-17.070670 6.400759 1.606264
-17.737372 5.737915 1.454027
-17.466118 6.304579 2.169808
-16.853233 6.837746 1.672681
-16.882932 7.493513 2.362692
-16.113237 6.985800 2.124311
-16.895939 7.178546 2.631515
-16.626711 6.750256 1.824599
-16.279635 6.271054 2.570879
-16.485267 5.492588 2.062219
-15.889618 4.808015 2.351345
-16.034606 5.370598 1.596687
-16.849244 4.941804 1.352700
-16.265470 4.345896 0.893210
-16.734080 3.524713 1.007630
-17.334077 3.350294 1.726386
-17.748390 3.863434 2.413454
-17.688888 4.748342 2.760481
-18.380820 4.213550 2.383310
-18.537817 3.588673 3.084672
-17.670213 3.668140 3.469350
-18.205703 3.354510 2.746913
-18.050356 2.957429 3.598513
-17.301618 2.537916 4.011346
-16.724181 2.897075 4.678129
-17.293784 3.265395 4.009606
-17.196310 3.671228 3.153552
-17.705124 4.256279 3.706592
-16.869583 4.497513 3.318383
-17.401806 4.198727 2.587291
-16.820815 4.834529 2.993785
-17.226538 5.571199 3.440702
-16.678806 4.802873 3.311492
-17.410117 4.192817 3.304831
-17.275164 3.514556 2.650019
-17.654160 4.060794 1.968100
-17.989595 4.758756 1.413697
-17.470759 4.244886 0.802325
-17.382043 4.778180 1.586389
-18.248016 4.382121 1.602397
-17.510909 4.452883 2.201309
-17.617617 4.667798 1.279650
-16.882706 5.271581 1.230870
-17.213535 4.405429 1.013247
-17.267496 4.934909 0.223457
-17.576108 5.820712 0.388197
-18.025155 5.256021 1.009895
-17.708810 4.763394 1.761077
-17.116261 4.425669 1.096354
-17.593561 5.080316 1.597004
-16.997990 4.921311 0.871027
-17.583294 5.076502 0.135931
-17.273005 4.205737 0.365099
-17.605946 3.700499 -0.370370
-18.076353 4.331626 -0.906490
-17.304847 4.724281 -0.509464
-17.753287 5.316581 0.086449
-18.326228 4.776737 0.622487
-17.558092 4.219539 0.541694
-17.730890 3.817703 -0.304295
-18.543552 3.321120 -0.308262
-18.295684 2.623496 -0.907354
-18.100923 3.285452 -1.563793
-18.861561 3.826451 -1.752945
-18.689446 4.713872 -2.052761
-18.542912 5.336254 -2.758592
-19.001050 5.884870 -2.129179
-19.669750 5.820962 -1.454061
-18.734770 5.984812 -1.376645
-18.320224 6.331653 -0.592500
-18.116594 6.960568 -1.278089
-17.528579 6.218499 -1.175121
-17.144829 5.622002 -0.539545
-17.031683 5.304171 -1.430169
-17.296390 4.819596 -2.206150
-17.617003 4.079744 -2.712958
-17.541704 3.458215 -3.430637
-17.514374 4.404783 -3.329185
-17.568255 3.829132 -2.572380
-17.677988 4.176707 -1.692505
-16.808600 4.444609 -1.410685
-16.840351 4.893279 -2.250158
-15.969464 5.167429 -2.521133
-15.279983 4.993772 -1.887501
-15.901379 5.565904 -1.447544
-16.501913 6.157718 -1.890427
-17.145224 6.648482 -2.392752
-16.270299 6.275373 -2.344520
-16.770080 6.384614 -1.541205
-17.678612 6.648397 -1.431584
-17.734026 7.433797 -0.895761
-17.355248 6.618571 -1.210346
-18.083136 6.983365 -0.716247
-18.656845 7.366504 -0.059670
-19.169958 6.674976 0.347190
-18.591430 6.014872 -0.022401
-17.888056 5.939460 -0.660059
-17.723150 5.006083 -0.567096
-17.250106 5.720135 -0.983495
-17.592082 5.891935 -1.855600
-17.195436 5.734030 -1.004267
-16.555805 6.228757 -1.507403
-15.883314 5.605159 -1.250670
-15.395084 6.292406 -0.807553
-16.036717 6.954177 -0.567981
-16.694980 6.454379 -0.094779
-16.205830 6.893993 0.594062
-16.490004 6.930818 -0.314190
-16.187794 6.036136 -0.190723
-16.411125 6.267057 0.705842
-16.703338 6.681402 -0.100358
-16.139424 7.348049 0.279921
-15.530344 7.743963 0.895796
-15.711148 7.741038 1.830852
-16.128180 8.436747 1.331750
-16.079067 9.085533 2.027230
-16.762477 8.606465 2.486002
-16.860411 8.371524 3.403739
-17.427296 7.801800 3.914704
-16.942954 6.982496 3.880303
-16.365070 7.050613 3.126354
-15.677654 6.394915 3.193804
-16.353982 6.810013 3.720401
-16.794887 6.028290 4.039055
-17.467654 5.468284 4.414298
-17.699049 6.259930 4.890512
-17.385571 6.016590 5.756276
-18.071523 5.751928 5.150922
-17.713473 5.260837 5.884175
-18.618288 5.481069 6.083771
-18.918112 4.644138 5.742184
-18.631064 4.537383 4.840388
-19.241158 3.833685 4.641332
-19.919813 4.471879 4.839236
-19.762486 4.137054 3.961643
-19.646156 3.400099 3.369702
-19.949020 3.866762 2.596702
-20.058369 2.920830 2.613628
-19.579514 3.504916 2.033480
-19.114523 4.165964 1.529666
-19.292649 3.858458 2.413261
-19.785790 3.085916 2.672143
-19.181366 3.747127 2.995410
-19.906117 3.313415 2.555341
-19.913117 2.528001 3.093954
-19.661753 1.614031 3.001731
-20.141725 0.809399 3.172681
-20.631331 0.050529 2.870308
-20.493879 -0.738650 3.385414
-19.712190 -0.317013 3.729239
-19.493474 -1.237288 3.840092
-20.406329 -0.978468 3.757998
-20.946521 -1.612877 3.296754
-21.388711 -1.186771 2.568790
-20.655641 -1.687385 2.223793
-20.313419 -0.805058 2.330625
-19.590981 -1.142165 1.809596
-19.167876 -0.411004 1.369805
-19.739631 -1.010172 0.899568
-19.718076 -1.669815 1.586179
-20.241173 -1.156381 0.978081
-19.603773 -0.663761 1.486093
-19.028532 -1.189930 2.033153
-19.499774 -0.515038 2.512197
-20.078631 -1.002436 1.933926
-19.983164 -1.746105 1.346668
-20.735508 -1.163959 1.392652
-21.106200 -2.035347 1.494144
-21.713959 -1.552798 0.942051
-21.287027 -1.336711 0.118605
-21.814449 -0.886675 0.771540
-21.259377 -0.338532 0.225221
-20.626464 0.145241 0.747154
-21.035842 -0.667590 1.027769
-21.107838 0.079914 0.442037
-20.403027 -0.173810 1.030164
-19.879070 -0.765574 1.561498
-19.497015 -0.594248 2.416898
-20.380810 -0.568069 2.770807
-19.732511 -1.234031 2.562883
-18.991272 -1.482099 3.106994
-18.689830 -1.929819 3.891666
-19.118141 -2.677252 4.297773
-18.524507 -3.421527 4.271625
-19.206810 -3.740198 3.688581
-18.726690 -4.216124 4.359409
-17.924383 -4.724558 4.289930
-17.608330 -3.947226 3.839492
-17.057140 -3.215889 4.100958
-16.775432 -3.724116 3.346389
-16.621693 -3.220861 4.140194
-15.898432 -2.815669 3.671428
-15.034143 -2.930974 4.054490
-14.990292 -3.461590 3.264836
-14.836700 -2.596207 3.631648
-14.581356 -1.746070 3.286545
-13.936725 -1.074892 3.489031
-13.100482 -0.756707 3.162711
-13.589383 -0.732754 2.345747
-14.244992 -1.264478 1.904752
-14.588408 -1.591521 2.730670
-14.416658 -2.093792 3.521400
-13.964307 -1.674024 2.796002
-14.223542 -2.586651 2.879298
-14.177449 -3.246773 2.194357
-13.879507 -2.342250 2.204253
-14.367716 -2.077695 1.430502
-13.841398 -2.304837 0.669959
-13.465110 -1.886925 1.438585
-14.225866 -2.367487 1.126591
-14.386842 -1.667348 0.501353
-13.888442 -0.979675 0.070385
-14.512945 -0.335921 0.390706
-15.137241 -0.911881 0.821467
-15.944653 -1.415948 0.789365
-16.760830 -1.555197 0.318732
-16.988260 -0.695863 0.660565
-16.227711 -0.200293 0.372457
-15.616402 0.119562 -0.284068
-15.368060 -0.799400 -0.254644
-16.016172 -1.463426 -0.469235
-16.290593 -0.562096 -0.608260
-16.695724 -0.012205 -1.271975
-17.138237 0.201964 -2.087661
-17.591289 -0.509090 -1.644741
-16.775828 -0.612397 -1.163720
-15.852926 -0.792620 -1.314720
-15.932305 0.060711 -1.730116
-16.453269 -0.699203 -1.488959
-16.227435 -0.084200 -0.797727
-15.685287 0.297417 -1.481447
-15.652851 0.577261 -0.571686
-15.062955 -0.046901 -0.160013
-14.410344 -0.552503 0.314850
-15.271203 -0.706923 -0.062120
-15.364979 0.240193 -0.096863
-16.221831 0.004824 0.245825
-17.067634 -0.397184 0.419139
-17.484297 0.049867 1.149595
-18.019288 0.836076 1.201459
-17.525953 0.263580 0.621890
-18.139938 0.748340 1.165086
-17.719696 1.459585 0.691210
-16.972903 0.894777 0.517076
-17.291357 1.140718 -0.346132
-16.396282 1.272847 -0.048792
-16.961614 0.653868 -0.500781
-17.411261 0.164090 -1.182665
-16.961731 0.739769 -0.571480
-16.607747 -0.086972 -0.884887
-17.040374 -0.698880 -1.472621
-17.047586 -0.182988 -0.672101
-16.397732 -0.862850 -0.822122
-16.101154 -0.502865 0.008228
-16.620990 0.271650 -0.183940
-15.958549 0.685870 -0.728570
-15.126991 0.668545 -1.192511
-14.564013 0.432051 -0.461652
-14.827598 0.893670 -1.251880
-14.009676 1.123950 -0.821759
-13.102703 1.402773 -0.739990
-14.046688 1.513750 -0.679935
-14.515647 0.766950 -0.320222
-15.248298 0.648195 -0.917004
-14.936763 0.260475 -0.104816
-15.331349 0.347240 -0.967257
-14.858106 0.666603 -0.204972
-15.480162 0.094864 0.234562
-15.671034 0.591471 1.024485
-16.300122 0.112999 0.493125
-15.528034 0.151256 1.049405
-15.836860 -0.741455 0.928070
-16.462078 -0.229459 0.424094
-15.646308 -0.228357 -0.067379
-16.564694 -0.155409 0.174019
-16.589538 0.479470 0.883485
-17.215726 0.828472 0.256496
-17.095101 0.946172 -0.680854
-16.537719 0.286440 -1.082238
-17.456078 0.538371 -1.068922
-16.833947 1.254326 -0.982943
-17.623730 1.757534 -1.156297
-17.720568 1.020969 -1.752219
-17.680502 0.691897 -2.645044
-17.747498 1.422406 -3.252413
-18.638331 1.490101 -3.582357
-18.605427 2.096204 -2.848473
-18.013590 1.427764 -2.516890
-17.458973 2.090166 -2.116073
-18.179301 1.657566 -1.667728
-18.961029 1.776169 -1.136817
-18.288162 1.953306 -0.486508
-18.354052 1.629734 -1.379810
-18.384114 2.030750 -2.243125
-17.822816 2.247224 -1.504807
-18.164391 1.516289 -2.010860
-18.015243 1.874035 -1.140917
-17.444959 2.605136 -0.923438
-16.778574 2.366635 -1.560682
-17.312745 3.144457 -1.689848
-17.977481 2.545127 -2.015360
-17.869768 1.607119 -1.890584
-17.298861 1.067786 -1.351868
-16.604334 0.697768 -1.888289
-16.011890 -0.039950 -1.996980
-15.411145 -0.763037 -1.844410
-14.786342 -1.327197 -1.399017
-15.256372 -1.916819 -1.980780
-15.749724 -1.299222 -2.512011
-14.863066 -0.968523 -2.619269
-15.773950 -1.099221 -2.864699
-16.626297 -1.381687 -2.547291
-17.233187 -1.794163 -1.940186
-16.906452 -2.257558 -2.705390
-16.303431 -1.883061 -2.070451
-17.156316 -1.486894 -1.919887
-16.696126 -1.142478 -2.679250
-17.396635 -0.744610 -3.187205
-17.982908 -1.081838 -2.516689
-17.307555 -1.247896 -1.866031
-17.578093 -2.157250 -1.949199
-16.830310 -2.743878 -1.888246
-17.469270 -2.202908 -1.434254
-17.020698 -1.639883 -0.810704
-16.244170 -1.719191 -1.356363
-17.075629 -1.362465 -1.058953
-16.662438 -1.299746 -0.203168
-16.109654 -0.525532 -0.157851
-16.590296 -0.446218 -0.976217
-15.995511 -0.783163 -0.313096
-16.068298 -1.367836 -1.061353
-15.886270 -0.648030 -0.464884
-16.563143 -0.849688 0.174026
-16.353790 0.076317 0.098419
-16.976880 0.775199 -0.075803
-17.286947 0.098884 0.518744
-16.682210 -0.083093 -0.194142
-15.907526 0.408514 0.061231
-16.852920 0.421507 -0.053179
-17.246955 0.108231 0.755291
-18.086213 -0.127852 1.138619
-17.494312 -0.266873 1.871665
-17.952934 -0.837290 2.481026
-17.122135 -1.294456 2.569352
-17.679341 -0.969615 1.868617
-17.202376 -1.563816 2.439983
-16.972046 -1.079129 1.653182
-16.753985 -0.380446 1.043820
-17.159277 -0.872944 0.336562
-16.567890 -1.327990 0.928359
-16.797672 -0.613773 1.514979
-17.146088 -0.099109 0.793344
-16.769079 0.516670 1.414399
-16.897147 1.442731 1.232631
-16.881167 1.354903 2.180819
-17.277094 0.611104 1.736933
-16.990552 1.308724 1.155341
-16.351821 1.194853 1.852539
-15.718820 1.758770 1.418560
-16.131436 1.927815 2.260107
-16.322572 2.461197 1.494600
-16.880950 2.218030 2.226798
-17.491606 2.642531 2.821716
-16.855357 3.350704 2.795110
-16.145430 2.873559 3.213877
-16.957500 3.148175 2.798957
-17.522313 3.681796 2.248263
-16.814218 4.316855 2.199989
-16.255539 4.149970 1.446957
-16.954286 3.575759 1.148520
-17.663530 2.941483 1.189693
-16.959894 3.364897 0.707359
-16.918946 2.727410 0.000987
-17.843224 2.627999 -0.206031
-17.106409 3.218816 -0.083280
-17.772187 3.031327 -0.737969
-18.374069 2.776902 -1.430814
-17.707835 2.099362 -1.366778
-16.874201 1.801896 -1.718343
-16.992378 2.645563 -2.144125
-17.004190 2.884879 -1.222378
-17.508821 2.204009 -0.787874
-18.030981 2.693334 -0.159432
-17.945527 1.785362 -0.433863
-17.952790 1.140087 -1.134290
-17.391887 0.548650 -1.626855
-18.133365 0.495248 -1.031550
-17.913090 1.280838 -1.522829
-18.719955 1.614130 -1.903504
-18.172758 1.336997 -1.174943
-17.243518 1.534900 -1.108785
-17.959237 0.908621 -1.159276
-18.637370 1.534780 -0.924563
-17.956999 2.050830 -1.346249
-18.568032 1.495570 -1.820963
-18.062861 2.207790 -2.201190
-18.628297 1.876113 -2.892059
-19.367134 2.390550 -3.202710
-19.195290 2.408921 -2.266141
-19.116445 2.114538 -3.168444
-19.550906 2.808077 -2.681332
-19.707633 1.912472 -2.397857
-20.230084 1.225354 -1.995435
-19.414981 1.700625 -2.124877
-20.013124 1.266473 -2.725516
-19.502588 2.004335 -3.044800
-18.703675 1.899703 -3.552561
-17.887241 1.847017 -3.065026
-18.275762 2.455477 -2.443851
-18.170379 1.644344 -2.931690
-17.497918 0.989416 -2.770773
-17.374708 1.917921 -2.598359
-16.523254 2.339457 -2.664430
-16.910147 2.039967 -1.847331
-17.071892 2.822056 -2.366179
-16.600590 2.508815 -3.132197
-15.670482 2.412361 -2.951577
-15.852105 1.602218 -2.484983
-16.426342 2.353988 -2.595094
-16.861139 1.782511 -3.220710
-17.178934 2.284742 -2.476533
-16.568170 2.878032 -2.903150
-15.985041 2.134177 -2.786231
-16.748222 1.806020 -2.320509
-16.631690 2.194130 -1.458638
-16.043330 1.715785 -2.034875
-15.857039 0.957152 -1.490081
-15.957484 1.722006 -0.931567
-15.665404 2.615269 -0.777290
-16.097677 3.179679 -1.411018
-16.831782 3.523837 -0.911345
-16.345979 2.963962 -1.509311
-16.275283 2.073444 -1.179146
-16.618448 1.659094 -0.393282
-16.326577 2.297458 0.250405
-16.602640 2.611388 -0.605321
-16.981006 2.588444 -1.479016
-16.565292 2.861182 -2.291312
-15.912561 2.702475 -1.616195
-15.368316 2.066072 -1.162523
-15.321289 1.648894 -0.307666
-14.453187 1.346490 -0.556623
-15.317333 1.658345 -0.305572
-16.008198 1.828190 0.327586
-15.557412 1.650868 -0.492402
-15.846483 1.193770 -1.276321
-15.900947 0.418725 -0.725532
-16.739470 0.470650 -0.276968
-17.379557 -0.145206 0.066602
-17.060893 -0.220590 0.960917
-16.234171 0.167942 1.230368
-16.019590 0.780255 0.533190
-16.463649 1.294761 -0.133988
-17.170852 1.842212 -0.461384
-16.735019 2.372299 0.198985
-17.205324 2.557238 1.006228
-17.664529 3.391063 0.976270
-18.088799 4.216926 1.188344
-18.845749 4.053078 0.634077
-19.133873 3.294448 0.135587
-19.726718 2.899517 -0.496549
-19.194863 2.177826 -0.817984
-18.978643 1.251752 -0.766353
-18.131396 1.561734 -0.461209
-18.721134 1.940514 -1.106007
-17.837226 1.585930 -1.103460
-18.281676 1.038682 -1.743782
-17.721814 0.429655 -2.215661
-18.019562 0.590382 -1.325412
-17.473934 0.143834 -0.685167
-18.417583 0.076018 -0.575813
-17.757667 0.042116 0.110037
-18.635611 0.250121 -0.194884
-19.189489 -0.446577 0.144028
-19.069988 -1.007290 -0.616466
-19.262788 -0.291589 -0.018444
-19.915910 0.386530 0.125132
-19.244736 -0.008907 0.673022
-18.465779 0.025227 1.219913
-17.819314 0.032921 0.520590
-18.426864 0.675102 0.166305
-18.948834 0.407753 -0.584096
-18.270244 0.440126 -1.251552
-18.675911 -0.291292 -0.796041
-17.903292 -0.079345 -0.281097
-18.831770 -0.290768 -0.265039
-18.752610 -1.213233 -0.041833
-19.573651 -0.739831 0.052031
-19.225442 -0.093482 -0.554609
-19.897842 0.420848 -0.990926
-19.848504 -0.009179 -1.839261
-19.113254 -0.601967 -1.961899
-18.694824 -1.260608 -2.507918
-18.130788 -1.148868 -1.748703
-17.422899 -1.727349 -1.481714
-17.927709 -0.975305 -1.187389
-18.423851 -0.441260 -1.800306
-18.742699 -0.039627 -2.602837
-19.525029 0.494709 -2.700180
-19.255170 0.999245 -1.938833
-18.513597 1.551469 -2.167195
-19.173497 2.164165 -2.477300
-19.833303 1.519606 -2.240173
-19.251187 2.270067 -2.169615
-19.868705 1.574492 -2.374254
-20.433487 2.075145 -1.793394
-19.812500 1.353061 -1.792207
-20.422900 0.653780 -2.005392
-21.070230 1.351290 -1.967034
-20.398919 1.981413 -2.210579
-21.165704 2.124112 -1.664038
-21.459719 1.528935 -0.981140
-21.137529 2.219515 -0.409894
-20.998850 2.687860 0.407694
-21.655699 1.999420 0.367351
-22.394799 1.637057 0.846366
-22.078940 1.082997 0.139061
-21.758890 1.118208 1.035363
-22.156464 0.318333 1.365766
-22.503939 1.120811 1.743019
-22.139264 1.704387 2.401411
-21.317246 1.790798 2.874540
-20.964768 2.613277 3.200601
-20.262808 2.061180 3.531464
-19.718382 1.301941 3.346567
-19.099074 0.781690 3.849385
-19.619280 1.564933 3.697904
-19.437755 0.897714 3.043001
-19.915638 1.355764 2.358277
-19.335624 2.093963 2.518513
-18.731556 1.724195 1.881800
-18.309809 2.133322 2.631315
-17.415440 1.808468 2.591278
-17.401805 2.437198 1.876056
-17.063006 1.547411 1.853168
-16.990664 2.250430 1.214763
-17.195885 3.122313 0.891137
-16.441057 3.594194 1.229653
-16.172711 2.863321 1.778145
-15.277690 2.537992 1.766756
-14.635624 3.178045 2.058497
-14.312382 2.336771 1.750594
-14.975940 3.006408 1.615284
-14.947404 3.148043 0.673926
-14.677734 4.059508 0.733419
-15.205827 4.536726 1.366200
-14.873914 3.901830 1.993713
-14.706138 4.575210 1.341454
