-3.380952 -10.999972 3.000000
-4.042865 -11.280120 2.375166
-4.061382 -11.886755 3.109114
-4.551858 -12.521806 2.596110
-4.822217 -13.387643 2.886390
-4.201954 -13.015218 2.267032
-4.434437 -12.207657 1.818896
-4.738309 -11.330329 1.606797
-4.272888 -10.843477 0.933454
-4.868978 -11.558764 1.133634
-5.530378 -10.904381 1.337011
-6.276658 -10.725567 0.772989
-5.670498 -10.505966 0.072008
-5.724946 -11.446890 -0.064835
-5.066607 -11.420608 0.622863
-5.679893 -10.728503 0.850679
-6.619192 -10.809678 0.985424
-7.203715 -10.254640 1.492667
-7.369900 -10.876914 0.791105
-6.877334 -11.488684 0.252453
-7.467298 -11.897821 -0.373310
-8.398211 -12.061513 -0.490081
-8.042508 -12.422486 0.316271
-8.763982 -12.922276 -0.053476
-9.067138 -12.998243 -0.953118
-9.315317 -12.954434 -1.871550
-9.246342 -13.791710 -2.320149
-9.006135 -14.461076 -2.953614
-8.245475 -14.808033 -2.497494
-8.927920 -14.652329 -1.851697
-9.683648 -15.197775 -2.047640
-8.922661 -15.703963 -1.779865
-9.641072 -15.273982 -1.325959
-9.677548 -16.182290 -1.609993
-10.430889 -15.695530 -1.289728
-9.907372 -16.456507 -1.057620
-10.831280 -16.658960 -0.946102
-11.758660 -16.859417 -1.028648
-11.325057 -16.667252 -0.202760
-12.141259 -16.188750 -0.311756
-11.558590 -15.517950 -0.654618
-11.380818 -16.273150 -0.102259
-11.026641 -15.584604 -0.656779
-11.034092 -16.147644 0.111310
-10.778190 -15.233639 0.189658
-10.649770 -15.828826 -0.542660
-9.916187 -15.282712 -0.276866
-9.516900 -15.706202 0.476963
-10.240445 -16.237138 0.158186
-10.093314 -17.050855 0.630675
-10.702561 -16.690373 1.267778
-11.171179 -15.983790 1.701559
-11.319043 -15.046494 1.783066
-10.512200 -14.877442 1.306143
-9.945462 -15.593300 1.035246
-10.734904 -15.602451 1.567907
-11.218417 -14.795275 1.420559
-11.884568 -14.780071 2.101030
-12.622118 -15.369351 1.975340
-13.137393 -14.686056 1.557455
-12.958616 -15.162658 2.362390
-12.807533 -14.476223 1.719731
-12.056134 -13.904351 1.595668
-11.649254 -13.276314 2.184775
-11.477449 -12.690117 1.454101
-12.184564 -12.505631 2.064824
-11.590222 -12.194489 2.740826
-11.198145 -12.649513 3.479918
-11.587415 -13.362516 2.982802
-12.182849 -12.619369 2.997602
-12.452958 -13.010680 3.822796
-12.074675 -13.818810 3.489847
-12.788820 -14.444662 3.562908
-13.454266 -14.080046 4.138465
-13.807594 -13.214533 3.956596
-13.035354 -12.659694 3.903418
-13.707393 -12.288890 3.339596
-13.228250 -11.508403 3.600924
-12.544650 -12.090607 3.918351
-12.967155 -12.223946 3.075297
-13.644869 -12.566333 3.650192
-13.030591 -12.639853 4.374270
-12.837269 -12.940518 5.257024
-12.459474 -13.807629 5.368481
-12.377997 -14.527679 4.750486
-11.473722 -14.270880 4.903354
-10.599864 -14.649343 4.916309
-11.301831 -15.127719 5.346922
-11.687224 -14.875006 4.513472
-11.890676 -15.748756 4.193790
-12.782034 -15.843794 3.872111
-13.227037 -15.013953 3.729402
-12.905610 -14.632390 4.540650
-13.156624 -15.008742 5.378730
-12.995102 -14.195250 4.910572
-12.307771 -13.542778 4.816308
-11.561787 -13.847817 4.308875
-10.922251 -13.804350 3.604507
-11.158215 -13.312367 4.385085
-10.418112 -13.556320 3.837579
-11.003372 -14.192147 3.437297
-11.149209 -13.556655 2.743099
-10.389459 -13.205223 3.197308
-10.957491 -12.861689 3.880210
-10.425748 -13.630930 3.699800
-10.762124 -12.977108 3.094492
-11.144166 -12.556882 3.859008
-10.271276 -12.617147 3.482893
-10.967682 -12.870853 4.080958
-11.353025 -13.533350 4.646324
-12.273410 -13.775901 4.679354
-12.387070 -14.522564 5.259531
-13.098924 -14.853632 5.798685
-12.663460 -15.392297 6.452321
-12.063306 -14.685694 6.670395
-12.588923 -14.201222 6.041075
-11.711276 -13.878850 6.222299
-10.980010 -14.032036 5.631695
-10.912907 -14.406295 6.504883
-10.950659 -13.469748 6.673650
-11.785830 -13.040331 6.515150
-12.326793 -12.599350 7.163164
-13.106770 -13.066378 6.879348
-13.498517 -12.504231 6.217870
-13.332827 -13.373205 6.570658
-13.387059 -14.175006 7.081740
-14.011928 -13.645187 6.596085
-14.928215 -13.446223 6.429172
-15.880461 -13.453761 6.443331
-16.092134 -12.761316 7.061994
-15.561972 -12.698395 6.273325
-15.860515 -11.912281 5.826193
-16.619406 -11.355673 5.680243
-16.364842 -11.951322 4.982082
-16.242853 -12.893388 5.050351
-16.893109 -13.472312 4.664289
-17.273619 -13.408727 5.535034
-16.557961 -13.566076 4.926672
-17.127248 -12.874130 4.603946
-17.805033 -12.214414 4.715351
-18.084304 -11.940862 3.846901
-17.237845 -11.757630 3.450716
-16.326356 -11.515454 3.318166
-15.642963 -11.821172 3.906841
-14.910843 -11.391769 4.338862
-15.618790 -11.601080 4.940550
-14.792336 -11.455523 4.490199
-14.634909 -12.389532 4.589563
-15.269219 -12.102371 3.939779
-14.336455 -12.272857 3.850805
-14.150731 -12.901098 4.542071
-14.651304 -13.510824 4.008507
-14.482560 -12.582213 4.135936
-13.918129 -13.339175 4.011612
-14.301749 -12.619203 3.520180
-14.947664 -12.918007 2.887299
-15.207628 -13.794991 3.152530
-14.262730 -13.913600 3.141084
-14.309518 -14.450557 3.926270
-15.106164 -14.232070 4.400241
-14.484800 -13.510529 4.382464
-14.581026 -14.455428 4.312211
-14.555702 -14.292938 5.250287
-13.897163 -13.989733 5.867881
-14.687311 -14.448350 5.598870
-14.836441 -13.699760 6.168435
-15.532630 -13.223427 5.726331
-15.546670 -13.520301 6.631150
-15.833250 -12.615987 6.546790
-16.393850 -12.080012 5.994078
-17.020010 -12.411766 6.630390
-16.301424 -12.098827 7.171438
-15.665568 -12.567510 6.639411
-15.665944 -12.661073 7.587186
-16.135761 -12.149681 6.935434
-15.922071 -11.610635 7.690945
-15.361435 -10.864980 7.499333
-15.882542 -11.528467 7.057448
-16.560338 -11.053234 7.528378
-15.952950 -11.542539 6.981852
-15.641317 -10.858056 6.397560
-14.951336 -10.350593 5.981102
-15.643427 -10.871190 6.377358
-15.479387 -11.783393 6.158254
-15.394532 -11.768890 5.209771
-16.163761 -11.433082 4.759716
-15.920811 -11.798173 5.605124
-15.319603 -11.063827 5.525662
-14.450671 -11.352930 5.264116
-14.191229 -11.278576 4.350775
-14.338910 -12.175909 4.633643
-14.811052 -11.712788 3.948347
-14.096112 -11.123122 3.728838
-13.535575 -10.435995 4.076235
-13.425672 -9.744235 3.430930
-12.527810 -9.426851 3.419132
-13.287692 -8.864574 3.303151
-12.601842 -8.927395 2.645357
-13.191056 -8.269135 2.289620
-12.511809 -8.913257 2.114239
-12.197176 -9.475371 1.412767
-11.734094 -10.038569 2.025461
-11.545748 -10.609201 2.764334
-11.889421 -9.978860 3.390104
-11.074805 -9.728895 2.964724
-10.808135 -8.936600 3.420997
-10.035406 -8.763913 3.950240
-10.442973 -7.950738 4.232490
-9.781506 -8.002090 4.915755
-10.367326 -7.281079 5.125489
-10.656710 -8.185925 5.058105
-11.308878 -7.735518 4.530052
-10.828157 -7.479144 5.311212
-10.109576 -7.365570 5.925843
-10.863620 -7.679831 5.436264
-11.502246 -7.632250 6.141190
-11.266884 -6.949650 6.762230
-10.738899 -7.666055 7.101384
-11.305985 -7.238660 7.736030
-11.579213 -7.856236 8.407577
-11.425026 -8.682350 7.959478
-11.541632 -7.746107 8.089411
-11.010193 -8.179162 8.750520
-10.100907 -8.103567 9.023489
-10.691798 -8.756573 8.660917
-10.428242 -9.662216 8.792747
-9.919791 -10.050818 8.087412
-9.501829 -10.781995 7.642760
-8.899770 -11.136994 8.289701
-8.957711 -11.006122 9.231266
-8.588649 -11.312382 8.408450
-8.085551 -11.839842 7.795498
-8.778010 -12.457318 8.010567
-9.145110 -13.323319 8.159929
-8.843529 -12.680622 8.794765
-9.686314 -13.010600 8.498360
-9.603973 -13.732875 9.113638
-10.490696 -13.462918 9.332443
-11.151999 -12.800465 9.508122
-11.017969 -12.031989 8.961762
-11.133862 -11.609903 8.115924
-10.664116 -10.782417 8.075494
-10.153218 -11.232734 8.741247
-9.841998 -12.026492 8.316841
-10.471790 -11.462364 7.878490
-9.874819 -11.202085 8.573408
-10.305990 -11.757541 7.931076
-9.900918 -12.558005 8.250770
-10.330241 -12.635595 9.097346
-10.388636 -12.037016 8.358887
-9.576665 -12.484382 8.140722
-9.839692 -11.972557 7.381853
-10.673280 -11.658875 7.044565
-10.029038 -11.782436 6.354120
-10.165676 -11.042905 5.769780
-10.006491 -10.407463 6.461085
-9.191258 -10.032677 6.780395
-8.559058 -9.925437 7.484564
-7.871325 -9.705965 8.105759
-7.545085 -8.814238 8.179386
-7.958544 -8.236932 8.814051
-7.437445 -7.681956 8.241787
-8.228118 -7.217833 7.984000
-8.019180 -7.896370 8.618792
-8.939977 -7.821121 8.387494
-9.638387 -7.186861 8.517756
-9.230785 -7.206973 7.657241
-9.171866 -7.382353 8.591479
-9.045916 -8.311077 8.760711
-8.477266 -7.779987 8.211522
-8.206222 -8.602075 7.814365
-8.555537 -9.172212 8.492563
-9.079791 -9.369058 7.722214
-8.552615 -9.532680 8.498321
-8.277930 -10.065473 7.758248
-8.266244 -9.864245 6.827442
-8.764829 -10.183028 7.573645
-9.002293 -10.400078 8.470043
-9.170888 -10.855594 9.289256
-9.155448 -11.738859 9.645116
-9.864883 -11.823099 9.015326
-10.479677 -12.027508 9.713376
-9.772595 -12.589148 9.410678
-10.078741 -11.760635 9.766869
-10.792509 -12.284537 10.117712
-11.621873 -12.349227 9.654033
-11.451350 -11.477944 9.998733
-11.640913 -12.103077 9.305693
-11.115377 -11.631566 8.666538
-10.578753 -12.394732 8.857955
-10.399207 -11.528966 9.211849
-10.886277 -12.307850 9.463107
-10.231331 -12.795548 9.953235
-9.413558 -12.644407 9.489088
-10.243098 -12.331179 9.141551
-9.745725 -11.653143 9.588671
-10.557799 -11.243645 9.306048
-10.787383 -10.825792 8.481596
-10.130508 -11.483626 8.274716
-10.395270 -10.574113 8.176134
-10.688971 -9.825708 7.665589
-10.627415 -9.919450 8.611344
-11.422289 -10.441716 8.561907
-11.695823 -9.881384 9.281792
-11.168310 -9.348559 9.869038
-10.634246 -8.885607 9.230696
-10.073770 -8.128640 9.089637
-10.122644 -7.727416 8.227279
-9.821695 -7.746666 9.130656
-10.014147 -7.615427 8.207202
-9.275798 -7.014070 8.222730
-10.037747 -6.614106 8.630766
-10.584888 -7.090190 8.013505
-10.106485 -7.704712 8.561704
-10.821595 -8.112883 8.083118
-10.472076 -7.696380 8.865034
-9.758124 -7.231027 8.439890
-10.143203 -8.053774 8.153830
-9.313904 -7.585923 8.174020
-10.004692 -6.931575 8.214880
-9.174705 -6.951831 7.748254
-9.195001 -6.010325 7.890322
-9.427260 -6.933824 7.875014
-9.973126 -7.557129 7.405385
-9.940456 -7.016571 8.188813
-9.372614 -7.492276 8.787387
-9.911640 -8.041521 9.348468
-9.561629 -8.920531 9.457378
-9.533672 -8.011711 9.174017
-10.463684 -8.163065 9.035451
-9.681723 -8.706646 9.044729
-9.444371 -9.034695 8.182710
-9.721495 -8.439116 7.493131
-10.312781 -9.081461 7.112601
-10.753630 -9.634371 7.750545
-10.290826 -8.815781 7.599710
-9.437112 -9.167865 7.832604
-8.939977 -8.476334 8.258833
-9.354822 -9.331658 8.316736
-9.428034 -9.314327 9.266141
-9.064682 -10.140619 9.569860
-9.856599 -10.598012 9.303989
-9.290561 -9.841767 9.182647
-9.375883 -9.095267 8.597422
-8.864436 -8.358183 8.277798
-9.208534 -8.267030 7.394442
-8.294581 -8.147814 7.634248
-8.922361 -8.676906 7.151563
-9.641996 -9.031561 6.638363
-9.768653 -8.730869 7.533110
-9.210548 -8.465274 8.257684
-8.770847 -7.851401 7.677294
-9.210989 -7.480078 8.435860
-9.111337 -6.807030 7.769448
-9.657189 -7.536664 8.046412
-10.147750 -6.763514 8.308364
-9.725716 -6.079556 7.797368
-10.335292 -6.613429 8.297794
-10.469565 -7.417767 8.789769
-10.282830 -8.026826 8.081810
-9.988470 -8.606049 8.778144
-9.597944 -8.718592 7.916835
-8.946345 -9.178967 7.396735
-8.243965 -8.773100 7.895699
-7.731154 -9.370459 8.431625
-7.415670 -8.513324 8.161775
-7.577089 -8.866444 7.292131
-8.053204 -8.907879 6.468344
-8.794673 -9.120512 5.909738
-9.440468 -9.443554 5.288753
-9.260540 -9.759226 4.408408
-10.175358 -9.516909 4.515273
-10.045626 -9.638548 3.579643
-10.445940 -8.994830 3.003097
-10.483900 -8.130605 3.401474
-9.810835 -8.674055 3.799815
-9.258083 -8.013158 4.205658
-9.207146 -7.336553 4.873970
-9.001818 -6.966150 4.020933
-8.081802 -6.801010 3.838372
-8.364285 -7.356374 4.558652
-8.125032 -8.239363 4.293853
-7.469696 -8.005588 3.643535
-6.859233 -8.090393 4.369602
-6.509908 -8.105903 3.483735
-7.224201 -8.274074 4.090804
-7.302492 -7.588730 4.747464
-7.619452 -8.420530 4.408829
-8.393476 -8.721158 3.942417
-8.944786 -8.214844 3.353577
-9.523489 -7.511706 3.632378
-8.944670 -7.954785 4.245306
-9.425775 -8.324846 4.979215
-9.449750 -9.114750 5.510728
-9.562054 -8.810777 4.615173
-10.291361 -8.200342 4.665280
-10.167371 -7.827098 3.797902
-10.221268 -7.557225 2.886149
-10.722854 -7.675995 2.085316
-11.043443 -8.486378 2.469416
-10.763490 -7.616228 2.202032
-10.897836 -7.578701 3.144143
-10.774491 -6.752166 2.687356
-11.658990 -6.682744 2.341131
-11.901013 -5.776896 2.174114
-11.369733 -5.286749 2.794216
-10.941098 -4.488093 3.086538
-10.419617 -4.091857 2.395101
-11.020071 -4.755134 2.721519
-11.414950 -5.460489 3.225081
-10.540717 -5.782255 3.423103
-11.249791 -6.391636 3.604483
-11.843864 -6.101413 2.919007
-12.524415 -6.273338 3.562684
-12.908968 -6.211177 2.693612
-11.970697 -6.218134 2.856795
-12.570294 -5.490721 2.992375
-11.898975 -4.923976 2.624732
-11.351226 -5.680904 2.440175
-10.549663 -5.172905 2.359774
-10.103848 -4.900228 1.563580
-9.248496 -4.654835 1.224190
-10.127950 -4.830379 0.903608
-10.022195 -5.637079 0.408552
-9.341929 -5.571346 -0.254732
-8.658836 -5.013985 0.105496
-8.504176 -4.839251 1.028848
-8.922561 -5.430548 0.410501
-9.469350 -4.747376 0.786438
-9.283352 -5.271854 1.559328
-9.007847 -6.076402 1.130575
-9.672218 -6.678834 1.451070
-8.970299 -6.541237 2.079883
-9.035263 -5.632355 1.802858
-8.191293 -5.622085 1.361679
-7.403095 -5.630599 0.827169
-7.873041 -5.454852 1.636670
-7.564698 -5.893300 0.849450
-6.667406 -5.962402 1.161090
-6.569430 -6.805787 0.729661
-6.525987 -7.420889 0.003856
-7.109065 -8.148202 -0.191240
-6.933494 -7.502068 0.486044
-6.390677 -8.142541 0.036409
-6.020125 -7.409232 0.518050
-5.672431 -6.905130 1.247447
-6.158015 -7.505072 0.689498
-6.743254 -7.733411 -0.026313
-6.565518 -8.093956 -0.889706
-6.883343 -8.476975 -0.077725
-6.179484 -8.779321 -0.643585
-6.879010 -8.321880 -1.100136
-7.107582 -9.241006 -1.200100
-6.966242 -8.559255 -0.550278
-7.595977 -8.809109 0.119077
-7.062054 -9.212111 -0.558820
-6.264770 -9.321394 -0.049482
-5.705680 -10.049720 0.203477
-5.092842 -9.622702 0.794337
-4.717535 -9.513187 1.662772
-4.609707 -9.965830 0.831799
-5.241310 -10.519985 1.280150
-4.484475 -10.420910 0.710574
-4.473909 -9.573805 1.145695
-4.223091 -9.267698 2.011962
-4.781927 -8.569676 2.339832
-5.445621 -8.967827 1.784841
-5.711730 -9.880711 1.731372
-4.823940 -10.119588 1.482780
-4.306867 -10.908291 1.350078
-4.250192 -11.786979 1.713017
-4.709142 -11.739138 0.879887
-4.734260 -11.049229 1.535953
-5.181387 -11.693948 0.996097
-4.597977 -11.124437 1.488358
-4.670682 -11.821066 2.133690
-5.573365 -11.661579 1.875316
-6.028042 -11.273019 1.134155
-5.301620 -10.796732 1.524656
-4.766625 -11.562513 1.339215
-5.445471 -10.914578 1.176811
-6.077687 -10.325726 0.776079
-5.792930 -9.847498 0.003266
-6.383088 -9.362921 -0.565881
-7.057415 -10.015080 -0.401560
-7.475623 -10.225601 -1.230905
-7.151560 -10.709186 -0.477142
-6.920807 -10.219536 -1.260740
-7.130136 -11.041344 -0.827331
-7.726230 -10.608124 -1.430673
-8.201038 -10.289782 -2.192411
-7.635781 -11.040273 -2.348220
-6.850846 -10.541844 -2.142127
-7.427241 -9.925790 -2.584027
-6.725249 -10.471730 -2.243168
-6.143710 -9.894431 -1.757812
-6.995661 -9.514523 -1.565772
-7.734396 -9.257878 -2.109310
-7.876872 -9.124695 -3.041508
-7.290271 -9.725756 -2.592449
-8.120614 -9.328772 -2.837326
-7.283469 -9.588527 -2.464842
-6.870121 -10.329141 -2.898044
-7.612435 -10.682163 -3.379058
-7.792661 -9.751838 -3.283956
-8.014396 -10.085939 -2.420105
-7.382716 -9.450077 -2.742112
-7.496008 -8.935468 -1.948783
-7.372187 -8.068356 -1.574863
-7.758368 -7.367556 -2.091363
-7.111552 -8.045794 -2.260635
-7.681928 -8.664284 -2.706922
-8.026578 -8.144240 -1.987339
-7.157041 -8.092944 -2.372440
-7.958210 -7.583730 -2.448990
-8.177138 -8.327294 -1.895627
-8.722617 -8.499782 -2.657027
-7.854929 -8.559889 -3.045014
-8.623356 -8.150858 -2.658695
-9.248372 -7.603247 -3.123997
-9.814532 -8.328514 -2.878070
-9.992155 -9.057693 -3.464396
-10.513215 -8.817018 -2.704394
-10.624454 -7.885539 -2.540073
-11.207357 -8.168782 -3.237947
-11.187768 -7.295966 -2.857370
-11.231002 -6.512660 -2.317378
-10.733008 -7.232287 -1.941654
-10.563981 -7.929739 -1.315539
-11.208355 -8.112389 -0.638450
-11.457395 -7.208993 -0.468493
-11.757285 -7.498368 0.387870
-12.415467 -6.814391 0.465344
-11.816516 -7.418193 0.893958
-10.900523 -7.167169 0.823444
-10.394492 -6.498781 1.275351
-11.323199 -6.684010 1.174244
-11.535107 -7.462441 1.680376
-11.041805 -8.156642 1.254035
-11.713726 -7.637373 1.685210
-11.231650 -8.319296 1.227373
-11.933650 -7.676189 1.252610
-12.467346 -6.893814 1.152156
-12.495684 -7.813513 0.906430
-13.114011 -7.417399 1.512890
-13.146115 -6.474189 1.640774
-12.434529 -6.624418 1.025872
-11.816110 -6.603138 0.301900
-11.303165 -5.848798 0.575558
-10.768783 -6.464875 0.083710
-10.421501 -5.787324 0.655854
-9.831378 -5.232775 0.154595
-10.341138 -4.725673 0.779111
-11.055472 -4.710344 1.408811
-11.323743 -5.615678 1.533031
-10.905314 -4.985703 0.954171
-10.657914 -4.117934 1.258801
-10.761471 -4.733007 0.539085
-10.459232 -4.150084 1.228927
-9.849807 -4.538342 1.849317
-9.291707 -4.443696 1.083421
-10.123050 -4.481008 1.546570
-9.434587 -5.136918 1.599773
-10.040838 -5.324810 2.309834
-10.377772 -4.435105 2.265910
-10.898390 -5.012577 2.815920
-9.971044 -4.960496 3.026505
-9.872746 -5.886578 3.225850
-10.472953 -5.161436 3.081111
-9.767690 -4.647630 2.699489
-8.940354 -4.193339 2.572349
-9.558686 -4.826159 2.924819
-8.758794 -5.329583 2.807485
-9.234797 -5.980839 2.301209
-9.270865 -5.331050 1.605864
-8.989730 -5.849805 0.858277
-9.543257 -5.622219 0.117439
-9.764588 -4.712790 0.293454
-10.573051 -4.933872 -0.158805
-10.477229 -4.841298 0.784210
-11.040080 -4.150497 1.120396
-11.066695 -4.891632 1.717924
-10.473831 -4.269273 1.307788
-10.264869 -4.671255 0.470068
-9.571487 -5.196368 0.858020
-9.504955 -4.439066 1.431690
-8.570470 -4.547765 1.283534
-8.703209 -5.111324 0.527352
-9.486720 -5.311803 1.030292
-10.053025 -4.738665 0.522511
-10.483833 -5.395849 1.060604
-10.406781 -5.230362 1.995327
-11.135963 -5.842942 2.003540
-10.944421 -4.956499 1.712750
-11.023538 -4.623611 0.823955
-10.273751 -4.481814 0.254093
-10.983150 -5.097224 0.095812
-11.280778 -5.816978 -0.452277
-10.564139 -5.860026 0.173507
-9.870350 -5.404499 -0.293592
-9.285627 -4.921128 0.282151
-8.690351 -4.760910 1.008104
-9.325351 -4.989831 0.336242
-10.246683 -5.230415 0.318954
-9.448275 -5.386281 -0.176304
-8.808629 -5.742305 -0.785508
-8.043670 -6.105976 -0.350066
-7.377633 -6.770557 -0.497571
-6.631421 -6.631460 0.077624
-6.138746 -7.082457 0.756521
-6.701597 -6.385018 1.078709
-7.140069 -6.691997 0.290968
-7.659401 -6.208443 -0.344249
-7.827899 -6.868288 0.321517
-7.857658 -6.251620 -0.403649
-8.631967 -6.804559 -0.445299
-9.353693 -6.370701 -0.000431
-9.152756 -6.773321 -0.839807
-8.711924 -6.028606 -0.442193
-9.390192 -5.360040 -0.442341
-8.701155 -6.011829 -0.356151
-9.020438 -5.796614 0.514924
-8.384075 -5.442455 1.128636
-9.049057 -6.119385 1.047427
-8.539251 -6.791350 1.489683
-7.663036 -6.961582 1.821794
-7.773304 -7.673589 1.198965
-7.139774 -7.048221 0.860460
-7.481998 -7.292141 0.005817
-8.124565 -7.739139 0.548339
-8.761063 -7.941134 1.227380
-9.056090 -8.628860 1.816466
-9.252977 -9.114543 2.611688
-8.842834 -9.696479 1.979104
-9.377580 -10.128710 2.638082
-9.234526 -10.894390 3.186077
-8.901029 -11.340758 2.413701
-8.450142 -11.870550 3.064124
-8.817266 -12.029148 2.199776
-8.002704 -11.800768 1.762330
-8.367551 -11.104168 2.299605
-8.898295 -10.328833 2.455158
-9.566157 -9.708136 2.179978
-9.490805 -9.793598 3.125519
-9.926390 -8.982038 2.883308
-10.119857 -8.066944 2.703857
-10.620034 -7.276562 2.883155
-10.393650 -6.492774 3.374538
-10.094474 -7.140609 4.005279
-9.185834 -6.869666 3.915877
-8.972679 -6.456854 3.084505
-9.703682 -5.849109 3.142027
-10.338624 -6.129631 3.794089
-9.416109 -6.334591 3.675819
-8.735056 -5.670156 3.634304
-9.182471 -6.219627 4.270647
-9.626671 -6.950211 4.690125
-9.345852 -6.041361 4.643628
-10.043639 -5.682010 4.104192
-10.711127 -5.912345 4.743282
-10.918010 -6.260809 5.605141
-10.092446 -6.195653 6.075490
-10.156005 -5.369849 6.545634
-9.632624 -5.265207 5.756869
-10.059041 -4.854211 6.502710
-10.584152 -5.228562 7.203530
-11.235310 -5.921621 7.151636
-11.888242 -6.323286 6.586504
-12.352602 -6.717559 5.854418
-12.579342 -6.183169 5.099405
-11.882036 -5.998517 4.477554
-10.960976 -5.868058 4.273451
-10.471137 -5.084452 4.043126
-10.495129 -4.586534 4.854625
-9.850018 -5.282437 4.935747
-10.574089 -4.909008 5.429003
-10.733759 -5.809470 5.163103
-11.404119 -6.398698 5.495453
-12.059399 -5.991628 6.053962
-11.415685 -5.470521 5.583739
-12.213735 -4.984154 5.400457
-12.865035 -5.671908 5.301291
-13.652504 -5.144117 5.209854
-13.856243 -5.645315 4.426069
-14.180302 -5.343351 5.269178
-14.424848 -5.361933 4.348916
-14.335430 -4.718302 3.652660
-14.706960 -5.460811 4.119215
-15.620631 -5.544254 3.863733
-16.113294 -6.058784 3.231616
-15.549083 -5.785209 3.948450
-16.056414 -6.514299 3.604835
-15.552908 -5.772266 3.284058
-14.846991 -5.342146 3.757036
-14.370163 -5.405289 4.579032
-14.618416 -5.197512 3.683360
-15.085695 -5.992470 3.445196
-14.276398 -5.726588 3.871077
-14.367948 -6.125013 3.010900
-13.830665 -5.638965 3.629053
-13.615951 -5.020428 2.937432
-12.872170 -4.663200 2.461820
-12.564837 -5.510955 2.768229
-11.740076 -5.287991 2.347413
-11.648459 -5.991164 1.711658
-11.045860 -5.588845 1.093561
-11.071635 -6.539178 1.036723
-11.815329 -6.692130 0.461784
-11.109397 -6.710944 -0.177228
-11.903777 -6.675677 -0.701390
-11.087644 -6.681434 -1.192228
-11.884680 -7.195663 -1.106605
-12.134246 -7.789263 -1.808308
-11.659791 -7.239828 -1.191830
-12.193092 -6.901152 -0.479146
-11.637207 -7.529675 -0.028613
-11.702932 -6.713042 0.456999
-10.996577 -6.427375 1.028389
-11.001890 -7.341861 0.762464
-10.804099 -7.171327 1.678338
-10.334530 -6.401089 1.983735
-9.673009 -6.601769 2.638828
-9.516995 -7.108104 3.430228
-9.005999 -7.654406 4.019691
-9.347500 -6.944898 4.555420
-9.604169 -7.823982 4.816882
-8.862734 -7.507993 5.324283
-9.188310 -7.213608 4.479081
-9.115789 -8.139293 4.267241
-9.287203 -8.932780 4.765262
-8.548602 -8.374226 4.542741
-9.430035 -8.566590 4.847868
-9.648410 -8.448970 3.928352
-10.149540 -8.680780 4.704344
-10.097763 -7.759712 4.940949
-10.778563 -8.399684 4.756622
-11.060913 -7.799670 5.440209
-10.325531 -8.287490 5.082054
-9.639663 -8.033612 5.692104
-10.267767 -8.740340 5.577863
-10.904664 -8.109724 5.899910
-10.391475 -7.963934 5.110979
-9.665422 -8.396670 4.672099
-10.475836 -8.034930 4.326553
-11.118162 -8.110238 3.627428
-10.503603 -8.829362 3.737916
-9.599082 -9.117676 3.662119
-8.903086 -8.521749 3.402330
-8.719834 -8.500898 4.336683
-9.583271 -8.859360 4.154990
-8.909927 -9.499392 4.364740
-8.843276 -10.241977 4.957323
-9.472450 -9.696655 4.494945
-10.078141 -9.437952 5.182870
-9.747798 -9.006232 5.964868
-10.397178 -9.699986 5.901294
-11.105366 -9.964630 5.322103
-10.468613 -9.442790 4.843293
-10.127819 -10.206306 4.387295
-10.773612 -10.522350 3.762719
-11.588772 -10.423229 3.280309
-12.089472 -9.626733 3.132243
-11.934170 -9.890546 4.034082
-11.766034 -9.338161 4.791466
-12.652249 -9.680435 4.858557
-13.191600 -9.135637 5.423645
-12.257175 -9.319684 5.426225
-12.242392 -9.162372 6.365408
-12.255492 -9.771790 7.097164
-12.997598 -10.358938 7.204707
-13.161541 -11.005612 7.884387
-12.969548 -11.923025 7.715503
-13.787873 -11.720680 8.158706
-13.008545 -12.252886 8.286898
-12.567068 -12.535306 7.491683
-12.511409 -12.457545 6.544115
-12.698313 -13.278199 6.098444
-12.097193 -13.698807 5.491176
-11.966183 -14.427830 6.089832
-12.914636 -14.365145 6.030364
-12.479630 -13.872725 6.719800
-12.968279 -14.675410 6.565052
-13.558951 -13.944862 6.408734
-14.247819 -14.543874 6.680166
-14.500679 -15.332596 6.210049
-14.525984 -16.281855 6.137275
-14.492054 -16.293436 5.185569
-13.669076 -16.752022 5.046156
-14.393939 -16.135444 5.084033
-14.968083 -15.715377 4.450841
-15.313339 -16.602328 4.416960
-14.671266 -15.938796 4.650410
-14.222500 -16.555918 4.080498
-14.367173 -15.871994 4.727295
-13.987710 -16.442006 5.389204
-14.583911 -16.120168 6.058527
-13.884318 -16.676833 5.730316
-14.198175 -16.277524 4.924665
-13.687619 -16.012787 4.165536
-12.962981 -16.396716 3.681255
-13.155424 -15.789561 2.973189
-13.725891 -15.331493 2.363459
-14.358015 -15.920868 1.963350
-13.948622 -15.093030 2.195968
-13.134878 -14.855864 1.761683
-12.796741 -14.486988 2.572006
-13.729413 -14.376556 2.729985
-14.308599 -14.398290 1.974272
-15.059109 -14.881176 2.306817
-15.515754 -15.143134 3.100469
-15.034572 -14.321775 3.129849
-15.747878 -14.691558 2.618493
-15.405541 -14.264535 1.839079
-15.269539 -15.046691 1.312994
-15.816735 -14.541425 1.906552
-15.486483 -14.486913 1.014930
-15.118543 -15.361131 0.928951
-15.997592 -15.671353 1.124050
-15.416569 -15.222040 1.730315
-15.879223 -15.889707 2.227510
-16.585148 -15.277369 2.043818
-15.640662 -15.378040 2.113407
-15.072447 -15.970421 1.630451
-15.717172 -16.051132 2.326759
-15.347498 -15.174295 2.287687
-14.829901 -15.964544 2.166734
-14.433353 -15.522886 2.911528
-15.087510 -15.811003 3.540890
-14.747402 -15.356699 4.305720
-14.107498 -14.705014 4.035796
-14.751474 -15.391592 3.891111
-14.699312 -16.151233 4.463173
-13.935418 -16.355420 3.932322
-14.568416 -16.604513 3.265767
-14.948999 -15.784992 3.566718
-15.208413 -14.900592 3.326783
-14.515809 -15.238978 2.767478
-14.927118 -15.441322 3.602290
-15.233611 -15.863634 2.805582
-15.686480 -15.557966 3.585650
-14.956623 -16.165661 3.514628
-14.318040 -15.943868 2.843771
-14.624730 -16.576222 2.201044
-15.072747 -15.837070 1.801088
-15.621600 -15.412217 2.453230
-16.074209 -15.297128 3.283247
-15.648930 -15.975492 2.767507
-15.410676 -15.161642 2.334020
-15.036240 -16.011437 2.545383
-15.760055 -15.621816 3.026336
-15.432763 -16.034361 3.819883
-15.226210 -15.373322 3.166130
-15.577310 -15.730037 2.355875
-14.972504 -15.019132 2.545224
-15.512470 -14.245282 2.674144
-15.158002 -14.785550 1.974507
-15.571432 -15.187001 1.216257
-15.248015 -14.326094 0.968729
-14.601276 -13.757057 1.374875
-15.505956 -13.525890 1.187404
-16.087355 -13.820106 1.881985
-15.629351 -14.632977 1.690931
-15.039754 -14.445372 0.966909
-15.176016 -13.834925 1.685111
-15.733238 -14.551836 1.972464
-16.559610 -14.118748 2.163708
-15.893208 -14.464980 1.577993
-16.603098 -14.864932 1.084917
-15.818822 -14.807991 0.547610
-16.369320 -15.197607 1.220055
-15.479225 -14.899581 1.381114
-16.164907 -14.398310 0.950304
-15.824059 -15.042575 0.337298
-14.996051 -15.510365 0.388350
-14.864634 -14.803250 1.012649
-15.535942 -15.478622 0.996886
-14.904872 -14.784410 1.160749
-15.020099 -14.559530 2.078997
-15.414021 -14.817457 2.906843
-14.933612 -15.206132 3.631529
-15.681329 -15.462697 3.100374
-15.074922 -15.153571 3.766513
-14.378263 -15.650946 4.184023
-14.972333 -15.792444 4.914836
-15.238448 -15.125922 4.288768
-15.329499 -14.283056 3.854814
-15.756691 -14.970073 3.352277
-15.443527 -15.462346 4.105022
-16.132481 -15.056938 3.587320
-16.398253 -15.622266 2.868432
-16.502714 -14.819795 3.370587
-16.166479 -14.012552 3.747857
-16.950713 -13.670025 3.329910
-17.691034 -13.440437 2.776516
-17.267779 -12.612422 2.570906
-17.051605 -12.454941 1.656850
-17.127475 -13.315692 2.057326
-17.760364 -12.927157 2.653583
-17.211373 -13.447769 3.232032
-17.962450 -12.864033 3.185484
-17.781007 -13.229763 2.325049
-17.907088 -12.605646 3.033293
-17.121344 -12.110960 3.245243
-16.589227 -11.584545 3.834112
-16.237342 -11.908475 3.010538
-16.173930 -12.488561 2.257870
-15.662081 -12.046487 1.587341
-15.969380 -11.373426 2.186995
-15.754373 -11.458323 1.263093
-15.919254 -10.856067 1.982212
-15.287127 -10.512642 2.606314
-15.887850 -10.125665 3.235925
-15.168075 -9.989459 2.627318
-14.768969 -9.505392 3.343854
-15.300245 -8.722636 3.233999
-15.901592 -8.869541 3.957760
-16.204751 -9.757196 4.122662
-16.919970 -9.381788 4.627202
-17.473426 -8.729457 5.045750
-17.556038 -9.030599 4.146017
-17.195599 -9.679054 3.548841
-17.552248 -8.981245 4.090037
-17.233423 -8.189378 3.667750
-17.481738 -8.895431 4.256696
-17.258403 -8.160890 3.693134
-16.964952 -9.013958 3.998409
-16.875452 -8.078557 4.153470
-16.061228 -7.733330 4.506863
-16.500145 -7.071132 5.032102
-15.740801 -7.019915 4.459561
-16.400470 -7.589654 4.075812
-17.052570 -7.453030 3.395277
-16.957459 -8.081913 2.686412
-16.373837 -7.587157 2.119287
-16.789236 -7.102717 1.412328
-17.326335 -7.793696 1.787963
-17.096002 -8.253111 0.986144
-16.503893 -7.634447 1.402906
-15.782871 -7.794285 0.801566
-15.533123 -7.718100 -0.114322
-14.779813 -8.298878 -0.066874
-15.260326 -7.562680 -0.433138
-14.835624 -6.741664 -0.662463
-15.520290 -7.060384 -0.082221
-15.122388 -6.492174 -0.734787
-14.510988 -7.137972 -1.075615
-15.400755 -7.439766 -1.231386
-14.720956 -7.654642 -0.599934
-14.310362 -8.308757 -1.157228
-14.822982 -7.666879 -0.675312
-15.579680 -7.918863 -1.195832
-14.901366 -7.309863 -1.471581
-14.098310 -6.806125 -1.563119
-14.687806 -7.436515 -1.160462
-14.516388 -7.809567 -2.019810
-14.688767 -7.563770 -1.115986
-14.042295 -7.270206 -0.481221
-13.445849 -7.297961 -1.223185
-12.785952 -7.972778 -1.350418
-12.587709 -8.700821 -0.769314
-12.556642 -9.376681 -0.099032
-13.200083 -8.699287 0.085767
-12.850622 -9.374438 -0.487886
-12.565291 -10.072129 0.094217
-11.954069 -10.064252 -0.636107
-12.032080 -10.775496 -0.007556
-11.442422 -11.468239 -0.289406
-11.819776 -10.802558 -0.856417
-11.318828 -11.488464 -0.425590
-10.791029 -11.937632 -1.078817
-11.022891 -11.098289 -0.693110
-11.748597 -10.663717 -1.130749
-11.203150 -10.302317 -1.822780
-11.786084 -9.565576 -1.666476
-12.210690 -8.936524 -2.241830
-12.423750 -9.530143 -1.528212
-12.752962 -10.106280 -0.845048
-12.470831 -10.345048 -1.722785
-11.549683 -10.367032 -1.481886
-11.243098 -10.935668 -2.181664
-10.716465 -10.600997 -2.901166
-10.353862 -9.899798 -2.368371
-9.815584 -10.565898 -1.951721
-9.099180 -11.004501 -2.400521
-8.770170 -11.515414 -1.667207
-8.387633 -10.650536 -1.554596
-8.662506 -11.244661 -2.246327
-7.919416 -11.375670 -2.827432
-7.461856 -10.981733 -2.090898
-8.375528 -10.768450 -2.254438
-8.075773 -11.668941 -2.333777
-7.944352 -10.920817 -2.908293
-8.609658 -11.240290 -3.510236
-9.138860 -10.682137 -2.948595
-8.866458 -11.473649 -3.402838
-9.088424 -11.628474 -2.489717
-9.432830 -12.342830 -1.962355
-10.004649 -11.714507 -2.392776
-9.611272 -12.223705 -1.690636
-9.002338 -11.594088 -1.316724
-9.089136 -11.759822 -2.250549
-8.271419 -12.222539 -2.406307
-8.159320 -12.634335 -1.554904
-8.707372 -13.338880 -1.222810
-9.093693 -12.530771 -0.899167
-9.919667 -12.859825 -1.240518
-9.461859 -13.680215 -1.396726
-8.669519 -14.175971 -1.213822
-8.255736 -14.749866 -0.576281
-7.415219 -15.170882 -0.728944
-7.556710 -14.242882 -0.568237
-7.721782 -14.208795 -1.505584
-8.642463 -14.439089 -1.425955
-9.222476 -15.019151 -0.942074
-8.751329 -15.113510 -0.119793
-9.583130 -15.452148 -0.436750
-10.114735 -15.343710 -1.219480
-10.638300 -15.885915 -0.637310
-11.476707 -16.299743 -0.456062
-11.561298 -15.351255 -0.471759
-12.067970 -16.144437 -0.617276
-11.475703 -15.430448 -0.401712
-12.344914 -15.041223 -0.403651
-11.673290 -14.810355 0.230895
-12.140785 -14.172763 0.761889
-11.935586 -13.409874 1.293795
-11.038163 -13.115170 1.415491
-11.335997 -14.011161 1.290899
-10.853917 -14.456210 0.600566
-11.530201 -14.246600 -0.036407
-11.240965 -14.810564 -0.747263
-11.804993 -14.415453 -0.089396
-11.031232 -14.123796 0.383106
-11.546347 -14.899077 0.181550
-12.412090 -14.971968 -0.208586
-12.947092 -15.750571 -0.329321
-13.374356 -16.364597 0.260127
-12.910627 -16.621452 -0.531081
-12.302828 -15.914490 -0.725539
-12.538757 -15.298940 -1.412900
-12.793123 -14.791039 -2.177337
-12.571278 -14.294370 -1.395587
-11.953260 -14.592458 -0.735112
-12.004631 -15.342005 -1.320408
-12.064217 -15.635793 -0.416434
-11.906430 -15.152468 0.388879
-12.671740 -15.379610 0.908241
-12.911071 -15.900171 0.147474
-13.339817 -15.172302 -0.292312
-13.826687 -15.601094 -0.989539
-13.424918 -16.298806 -0.480805
-13.292137 -15.508534 0.033850
-13.508542 -14.865639 -0.634644
-13.253936 -14.541265 0.223836
-13.853831 -15.022240 -0.338141
-13.731165 -14.104933 -0.562930
-14.468707 -14.361705 -0.017833
-14.985888 -14.405101 0.780709
-14.452009 -13.735167 1.196870
-14.458960 -13.089924 1.897329
-14.695783 -12.187226 2.087279
-15.578333 -12.073370 2.426647
-14.691038 -12.346542 2.639047
-14.601925 -11.462952 2.295014
-15.288202 -10.815813 2.426407
-15.654954 -11.055588 3.272002
-15.785987 -11.698519 2.581712
-15.092657 -11.586404 3.224950
-15.224715 -12.331699 2.646914
-15.951782 -12.611745 3.194616
-16.580341 -12.129470 2.666076
-15.924561 -12.743708 2.981819
-15.347557 -12.367771 2.323969
-15.347988 -11.582681 1.784838
-15.237106 -12.147540 1.026110
-14.688895 -11.991613 1.789118
-15.131473 -11.692680 2.577656
-14.491911 -11.795263 1.879469
-14.026135 -11.643438 1.062749
-13.312161 -12.044208 0.576278
-12.523912 -12.458407 0.238442
-13.234703 -12.121395 0.775312
-13.702797 -12.476284 1.524960
-14.109259 -11.794946 0.998087
-14.412690 -12.400495 1.667615
-13.950168 -12.881128 0.987840
-13.892655 -12.839982 1.937592
-13.374028 -13.353899 1.326083
-13.183621 -13.999674 1.999692
-12.783274 -14.528260 2.683322
-12.443208 -13.767395 3.144265
-12.966083 -14.180749 2.463993
-13.695409 -14.779197 2.333714
-13.286120 -15.528331 2.755983
-13.977889 -15.228266 3.337746
-14.357675 -14.726957 2.622567
-14.999579 -14.514845 1.951748
-15.527747 -14.242923 1.207351
-16.385421 -14.044527 1.570755
-15.863260 -14.659666 1.064810
-15.404738 -14.242912 1.788070
-15.999363 -13.558927 2.080670
-15.547728 -14.076129 2.740637
-15.272376 -13.551774 3.486468
-15.670771 -12.950429 4.108315
-14.899659 -13.070642 3.562454
-14.324873 -13.493658 2.931813
-15.068192 -14.007436 3.232710
-15.659137 -13.514247 3.793582
-14.974775 -13.846944 3.220878
-14.288499 -14.503554 3.291010
-14.989970 -13.924009 3.572250
-14.576187 -14.346030 2.825450
-15.300473 -13.727847 2.842448
-16.129947 -13.460872 3.226802
-16.797471 -13.758455 2.616159
-17.016568 -13.659316 1.694640
-16.191227 -13.317268 1.364725
-16.122106 -12.795397 2.158389
-16.588150 -12.071835 1.750603
-17.512609 -12.299690 1.728486
-17.673567 -12.921682 1.025457
-17.124733 -12.209964 1.340527
-17.509879 -12.822731 0.721490
-17.774124 -12.075555 1.249630
-17.082775 -11.964862 1.895241
-16.661370 -12.810018 1.772121
-17.102074 -12.353380 1.061988
-17.147812 -12.027071 1.955553
-16.774408 -12.716074 2.496731
-16.636341 -12.117601 1.768860
-16.662194 -12.072091 0.817918
-17.049988 -11.211344 0.692384
-16.381178 -10.757721 1.196318
-15.774449 -10.090327 0.890549
-15.576264 -10.025822 1.819845
-14.792904 -10.367779 2.239895
-14.489046 -10.571384 3.119238
-15.092555 -10.563384 3.855949
-15.775342 -11.222790 3.933511
-15.075643 -11.760172 3.574804
-15.219743 -12.491731 4.167329
-16.032839 -12.314525 3.704185
-16.336981 -13.025892 4.259597
-17.007238 -13.052210 4.935684
-16.193913 -13.526478 5.079217
-16.729915 -13.086664 5.732130
-17.272823 -13.102317 4.949803
-16.960210 -13.812993 4.398220
-16.410930 -13.194118 3.926717
-16.021402 -14.012994 3.635615
-15.902573 -13.116561 3.934473
-15.882433 -12.450973 3.253578
-15.593223 -13.129612 2.651220
-15.419936 -12.814996 1.769167
-14.698081 -12.728364 1.153985
-14.375101 -12.160597 0.460909
-13.836966 -12.922746 0.269675
-13.774449 -12.195305 -0.341840
-14.510035 -11.859864 0.161570
-14.130141 -11.135004 0.648692
-14.696486 -10.667447 1.255053
-14.900695 -11.301727 0.574600
-14.888460 -10.884966 1.430865
-15.333322 -11.583117 1.901728
-15.403332 -11.973890 2.767421
-15.221661 -11.545581 1.936411
-15.466854 -11.476690 1.018716
-15.830135 -10.779392 1.556149
-16.210082 -10.272871 0.844737
-16.904583 -10.924478 0.834390
-17.155404 -11.662661 0.287394
-17.517628 -12.538159 0.383972
-17.123313 -13.183928 0.962357
-17.576181 -12.524277 1.478885
-16.996163 -13.048988 2.022288
-17.244639 -12.355748 1.418378
-16.978770 -11.661153 0.823497
-17.639366 -12.311184 0.604171
-17.122590 -11.588657 0.260765
-16.917472 -10.977882 -0.440597
-16.154447 -11.392084 -0.832078
-15.811507 -10.760147 -1.456639
-15.343863 -10.104528 -1.965071
-15.608935 -10.971249 -1.672562
-15.031520 -10.726511 -2.389308
-14.480903 -10.715650 -1.612306
-13.609522 -10.361748 -1.462382
-13.343874 -9.587124 -0.976153
-12.801757 -8.805022 -0.937995
-13.180393 -9.668486 -1.072513
-12.632446 -9.129950 -0.509697
-12.023891 -9.564496 -1.099494
-11.323774 -8.934330 -1.240047
-11.900201 -9.286754 -0.568810
-11.932821 -10.097843 -0.070712
-11.986301 -9.298352 -0.585479
-12.469979 -8.719099 -1.166470
-12.712553 -9.252707 -0.415836
-13.139434 -8.978718 -1.221896
-13.846111 -8.761589 -0.621486
-13.208310 -8.990648 0.047671
-14.030089 -9.187480 -0.391609
-14.463825 -9.351057 0.440344
-15.160020 -8.710100 0.333038
-14.729229 -7.948960 -0.043943
-13.782314 -7.930482 0.056257
-13.215956 -7.167681 0.122620
-14.028410 -6.695443 0.277347
-14.160076 -5.839928 0.674571
-14.575056 -6.497709 0.124893
-14.522112 -5.734683 -0.442572
-13.811532 -6.367347 -0.399661
-13.521257 -6.645549 -1.263011
-14.197017 -7.163041 -1.690304
-13.349592 -6.735616 -1.769095
-13.326610 -7.646876 -2.044970
-12.601184 -8.184220 -1.741573
-12.278074 -8.617888 -2.525514
-11.645478 -8.397630 -3.202520
-12.362139 -9.024800 -3.211671
-11.753296 -9.020874 -2.479330
-11.079257 -8.460738 -2.852086
-10.573616 -7.803765 -3.320852
-9.808006 -8.297742 -3.043623
-9.652069 -8.729053 -2.208947
-9.088070 -8.202421 -1.650740
-9.029983 -8.553519 -0.767345
-9.175750 -9.371445 -0.301750
-9.328004 -10.249746 0.033564
-8.693004 -10.662470 -0.543899
-9.428136 -10.257780 -0.093526
-9.739972 -10.121058 0.795909
-9.359092 -9.604047 0.092589
-9.980520 -8.888724 0.188356
-10.843917 -9.235316 -0.015232
-10.420610 -9.192015 -0.867269
-10.032367 -9.789298 -0.235170
-9.612356 -9.848383 -1.087888
-10.165754 -10.448041 -0.596775
-9.213643 -10.470319 -0.600993
-9.178745 -11.198232 -1.214143
-9.813116 -11.674375 -1.741296
-9.480844 -10.785995 -1.655243
-9.026366 -9.996310 -1.377980
-9.692031 -9.315208 -1.382315
-10.625364 -9.498521 -1.334189
-10.058442 -8.923334 -1.838954
-10.997801 -9.079899 -1.849933
-10.705060 -8.424531 -1.223974
-11.273608 -8.956978 -1.771954
-11.448821 -8.381370 -1.033710
-11.513824 -9.064537 -0.373343
-10.791038 -9.684469 -0.356127
-11.252150 -10.213373 -1.000072
-11.128912 -9.446690 -0.448674
-11.765099 -10.148590 -0.546816
-12.294351 -10.375545 0.211744
-11.492390 -10.080000 0.631912
-12.162157 -10.658065 0.279374
-11.436379 -10.212743 -0.147199
-12.027895 -10.808390 0.302628
-12.011074 -11.592007 0.843636
-12.256373 -12.100818 0.076844
-12.512494 -11.450503 0.723777
-12.038675 -12.272639 0.642428
-12.023367 -13.066525 0.116556
-12.900078 -13.309399 -0.165257
-13.299890 -13.025279 0.651110
-13.766501 -12.802152 1.450809
-13.485943 -13.425225 0.787410
-13.350485 -13.483908 1.728281
-12.607613 -14.031461 1.963562
-13.318711 -14.542639 1.589308
-13.483483 -14.253838 0.696853
-13.004257 -13.451390 0.513960
-13.707275 -12.822554 0.645714
-13.115981 -12.246542 1.120699
-13.539285 -13.000937 0.722288
-12.776674 -13.240767 1.239913
-12.135259 -13.936164 1.130191
-11.710262 -13.331675 1.731026
-11.187538 -12.776342 1.160592
-10.613578 -12.416806 0.491015
-10.702465 -11.812071 1.221375
-10.573792 -12.403838 1.956416
-11.487383 -12.409139 2.225406
-10.794803 -12.856113 2.702456
-11.211470 -12.098047 2.304018
-11.568900 -12.770947 1.732636
-11.229298 -13.588226 2.084424
-11.594427 -14.237862 2.677453
-12.409900 -14.505080 3.090523
-11.792457 -14.939480 3.671117
-12.392062 -15.464011 4.193008
-12.264336 -16.272191 4.680410
-12.965356 -16.390810 4.046746
-13.460744 -16.146974 4.822738
-12.772338 -15.832179 4.244784
-12.080260 -15.219824 4.014398
-12.078436 -14.498225 4.635945
-12.414291 -15.127544 4.004923
-12.408201 -15.831204 3.363164
-11.572784 -16.189721 3.647019
-12.044492 -15.469751 3.239387
