5.619048 -1.999972 -23.000000
4.804330 -2.188258 -23.455867
4.949543 -1.280129 -23.208390
4.769942 -0.572605 -22.596686
3.860870 -0.821139 -22.459400
3.486190 -1.403094 -23.113597
4.215372 -0.790839 -23.092010
3.853534 0.054828 -22.845128
3.997199 -0.626684 -23.494690
3.371854 -0.053076 -23.062316
3.245298 0.003460 -22.120075
3.635936 0.643935 -21.533370
2.962682 1.253290 -21.820505
3.718590 1.762671 -21.544530
2.977329 1.369781 -21.995304
3.050559 0.624684 -22.583945
3.709922 0.119630 -22.117908
3.048630 0.770392 -22.332917
2.340100 1.403569 -22.396975
1.643798 1.851780 -21.926550
1.143744 1.041353 -21.913021
1.827989 0.402463 -22.088113
1.276164 0.786522 -22.762663
0.616160 0.252478 -23.194196
1.400955 0.791127 -23.225557
1.939368 0.040834 -23.458370
2.643718 -0.014622 -24.096998
2.635532 0.796386 -23.597770
2.416463 -0.100814 -23.365241
3.257852 -0.540877 -23.438985
2.847907 -0.867490 -24.234157
3.315538 -0.733363 -23.415402
3.652024 -0.436805 -24.255557
2.705056 -0.537123 -24.240822
2.121530 -1.200203 -24.596984
2.589660 -1.573773 -25.337476
2.389081 -1.203366 -26.191640
1.748676 -0.524236 -26.002713
1.736281 -0.869654 -25.115266
1.897298 -1.339341 -25.927976
1.146718 -1.414853 -26.509316
0.862343 -2.102724 -27.103450
1.528986 -2.604160 -26.643909
2.313645 -2.210323 -27.013007
2.133607 -2.508279 -27.899482
1.705174 -1.997815 -28.579850
1.718494 -1.508880 -27.762664
1.149149 -1.845795 -28.447765
0.952979 -1.820103 -27.516160
1.528410 -1.259123 -27.005072
0.736166 -1.555022 -26.567095
0.238208 -1.039812 -25.939699
0.002578 -1.898183 -26.278385
-0.947825 -1.944930 -26.238661
-1.567622 -1.299481 -26.564660
-2.231962 -0.883750 -26.023504
-2.919764 -1.528063 -26.160689
-3.235437 -0.838999 -25.583999
-3.435370 -0.669776 -26.499651
-3.842547 -0.147953 -27.184441
-3.328157 0.568287 -26.824673
-3.655528 0.073056 -26.079956
-4.408165 0.079418 -25.496410
-5.124842 0.160765 -24.874489
-5.698034 0.840039 -24.532338
-6.313707 1.245279 -23.929215
-6.912930 1.014230 -23.225954
-6.306116 1.284027 -23.908608
-6.375660 0.568487 -24.533264
-6.461002 -0.148362 -23.912077
-6.002474 -0.975258 -23.797948
-5.374879 -1.332269 -23.176902
-5.392569 -0.413745 -23.427964
-4.882920 -1.091335 -23.861736
-5.312448 -0.444807 -23.309888
-5.782896 0.192395 -23.838737
-6.426145 0.539068 -23.227936
-6.946800 1.282887 -23.515478
-7.622862 1.223552 -22.847310
-7.408218 2.026931 -22.383047
-7.747619 1.577553 -23.151093
-7.063885 0.959981 -23.392218
-7.510689 0.693867 -24.190078
-8.048588 0.052692 -24.644598
-8.448093 0.814804 -24.236418
-7.917771 1.119305 -23.506303
-8.641050 0.672786 -23.076746
-8.285544 0.230296 -22.311992
-7.831223 -0.295815 -21.660970
-7.592196 -1.118019 -21.243987
-7.045441 -1.663397 -21.801348
-7.948234 -1.776867 -21.520068
-8.120551 -1.105323 -22.173033
-8.802112 -0.440160 -22.165059
-8.173412 -0.132944 -21.519007
-7.690964 -0.775511 -21.007753
-7.304911 0.073310 -21.201390
-6.403675 -0.234444 -21.210966
-7.148353 0.107747 -21.696135
-7.883720 0.311035 -21.126101
-7.870932 1.038310 -20.511335
-7.130327 1.247231 -21.072481
-6.305177 1.206215 -20.598693
-5.935954 1.672972 -19.855160
-6.884494 1.606439 -19.908779
-6.690386 0.955457 -20.576293
-6.907434 1.611656 -19.921066
-7.562819 0.965766 -19.675453
-6.661314 1.271671 -19.702667
-5.909931 1.043200 -19.163915
-6.636445 0.992129 -19.777592
-5.747821 0.656166 -19.710456
-5.239142 -0.088128 -19.403371
-6.063510 0.376820 -19.297207
-5.598689 1.000961 -19.846223
-5.113315 0.415400 -19.273021
-5.734081 -0.056469 -18.726194
-5.564399 0.614871 -18.072329
-5.771630 -0.168976 -17.572660
-5.038285 -0.726592 -17.331212
-4.141601 -0.477593 -17.128759
-4.890989 0.029852 -16.832200
-4.361782 0.226360 -17.599242
-4.590760 0.839135 -16.907068
-3.664180 1.004098 -16.761240
-3.866895 0.073708 -16.743609
-3.103290 0.616106 -16.571149
-3.722134 0.338111 -17.239566
-3.994181 1.185810 -17.577839
-3.589769 0.394709 -17.920825
-4.395320 0.902400 -17.901715
-3.719526 0.563560 -17.322475
-4.446909 0.117385 -17.745407
-5.127852 0.733252 -17.998492
-5.752738 1.442384 -17.881529
-5.096853 1.097104 -18.479549
-5.238436 0.173912 -18.665830
-5.594160 0.773989 -18.017449
-4.967279 0.372193 -17.423640
-4.398844 -0.334230 -17.714977
-4.974931 0.370294 -17.434266
-4.273681 1.014627 -17.444943
-3.916163 0.518692 -18.175189
-3.601969 -0.258511 -17.723230
-4.280937 -0.760825 -17.283104
-3.631066 -0.250947 -17.757151
-3.862268 0.607959 -18.097529
-4.760721 0.612847 -17.781638
-5.112709 1.453186 -17.504212
-4.188853 1.383559 -17.724831
-4.998728 1.106712 -18.142550
-4.734975 0.347244 -17.631990
-4.216556 0.806354 -18.285815
-4.514923 1.231910 -17.487750
-4.925553 0.404299 -17.718989
-4.683751 -0.254483 -17.075119
-4.209277 -0.735192 -17.746551
-4.816573 -0.932403 -18.453183
-5.541177 -1.426766 -18.082261
-4.919704 -1.511575 -18.798925
-4.626818 -2.407930 -18.665526
-5.082232 -3.022363 -19.233064
-5.721114 -3.610327 -18.841710
-5.352817 -2.873850 -19.320237
-4.963811 -3.388901 -18.619933
-4.270663 -3.984237 -18.351326
-4.362435 -4.867170 -18.696342
-3.804258 -5.456953 -18.198724
-3.422398 -5.205892 -17.363151
-3.614417 -4.646497 -16.616670
-3.426713 -4.025991 -17.314358
-4.124878 -4.247223 -17.923170
-4.642767 -4.594063 -18.643255
-5.230301 -5.289447 -18.923030
-6.026325 -5.792670 -18.781110
-5.504696 -5.499214 -19.521931
-5.313041 -4.856158 -20.197783
-4.959658 -5.702177 -20.455468
-4.696120 -6.292270 -21.155016
-4.971819 -6.052880 -22.034626
-4.642898 -5.423395 -22.669126
-5.591974 -5.499517 -22.646985
-5.641808 -5.716517 -23.572974
-5.340534 -4.824142 -23.431797
-4.498740 -5.263529 -23.504954
-4.286643 -5.949906 -24.130198
-3.668102 -5.871651 -24.850138
-4.017730 -4.986110 -24.874750
-4.731422 -4.594486 -24.380477
-4.220966 -4.989154 -23.679977
-3.706320 -5.548969 -24.253368
-3.688544 -4.597187 -24.224658
-4.304802 -3.954414 -23.886874
-3.886351 -4.562327 -23.284902
-4.457777 -3.817410 -23.444901
-4.340087 -4.419610 -22.716524
-4.501931 -5.351448 -22.604661
-4.724736 -4.692357 -21.954287
-5.309673 -4.052261 -22.348184
-4.885830 -4.360671 -23.143338
-4.572562 -4.780865 -22.348147
-4.006002 -4.242696 -22.892586
-3.229999 -3.730080 -23.097705
-3.129417 -4.575271 -23.524979
-3.919421 -4.240468 -23.938295
-4.588742 -4.387850 -23.276995
-5.270227 -4.136618 -22.660969
-5.283145 -5.085206 -22.744894
-5.436783 -6.025004 -22.730583
-5.476183 -6.061442 -23.681450
-5.678496 -5.405689 -24.341819
-6.282228 -5.924496 -23.818965
-6.180130 -6.502290 -23.068791
-6.656842 -5.937931 -23.669852
-6.788438 -6.138186 -24.591595
-7.420600 -5.596530 -24.128984
-6.796170 -4.888677 -24.255721
-6.123127 -4.726837 -23.601619
-5.728640 -4.280313 -22.858635
-5.579081 -3.746292 -23.632898
-6.308672 -3.366298 -24.112826
-5.845228 -3.378578 -23.280901
-4.904575 -3.384104 -23.429802
-4.981674 -4.032439 -22.736444
-4.116458 -3.817388 -23.071380
-4.316699 -2.981949 -22.660314
-5.045742 -3.414121 -23.094771
-4.605413 -4.078491 -22.573473
-5.302068 -3.986882 -21.930582
-5.914547 -3.436459 -22.409052
-5.369507 -3.376739 -21.630340
-5.614948 -2.580340 -21.169322
-5.904185 -2.103870 -21.941557
-5.347745 -2.533252 -21.298880
-5.067394 -1.750750 -20.833989
-4.652717 -0.961512 -20.499061
-4.247382 -0.662990 -19.690595
-3.460710 -0.126243 -19.699566
-3.449812 -1.026498 -19.388998
-3.879744 -1.766170 -19.807416
-4.275187 -2.450648 -19.276244
-3.738565 -2.959616 -18.676230
-3.101510 -3.346005 -18.083022
-2.615053 -4.003375 -18.571135
-2.218340 -4.782041 -18.949720
-2.641711 -5.611596 -18.750663
-2.602492 -6.363632 -19.333701
-3.376629 -5.903208 -19.024263
-3.500252 -6.273742 -19.892854
-2.835856 -6.904629 -20.152834
-3.150080 -6.038344 -19.912325
-3.927747 -5.513590 -19.748319
-3.470677 -4.799370 -20.181913
-2.850489 -5.249056 -20.747755
-1.981815 -5.519386 -21.029462
-1.376842 -5.771348 -20.338410
-1.969237 -5.624076 -21.069443
-2.733527 -5.145047 -20.763790
-2.194621 -5.537897 -20.083880
-1.305646 -5.499976 -20.423459
-0.797383 -5.999040 -19.791293
-0.160879 -5.511136 -19.277638
-0.478864 -6.346341 -18.948474
-0.759524 -6.942299 -19.636291
-0.960638 -6.769273 -20.550974
-1.079230 -6.076806 -21.193979
-1.752235 -6.741978 -21.086089
-1.229619 -6.352160 -21.780310
-1.409046 -7.287485 -21.781978
-0.886265 -7.981032 -21.391183
-0.950986 -7.444050 -22.175077
-0.677048 -7.565209 -23.079129
-0.170685 -6.771629 -22.934710
-1.014678 -7.030190 -23.292272
-1.566160 -6.408860 -23.757941
-2.224808 -6.790690 -24.330145
-1.557808 -7.224296 -23.806575
-1.196979 -7.816019 -23.153355
-0.423883 -7.284315 -22.990126
-0.881865 -7.808800 -23.639894
-1.429264 -8.271233 -24.267222
-2.123294 -8.200875 -23.618839
-1.429609 -8.840166 -23.749747
-1.131150 -7.943969 -23.628164
-0.728933 -8.640676 -24.137919
-0.980374 -8.518980 -25.048412
-0.340991 -8.217919 -24.409991
-1.211045 -8.377480 -24.762947
-1.868595 -9.043092 -24.585135
-2.612171 -8.459955 -24.466498
-2.781613 -7.777077 -25.108368
-3.727841 -7.668992 -25.107540
-3.804958 -7.778498 -24.164624
-4.436793 -7.069919 -24.088923
-5.334448 -6.773349 -23.973635
-4.890537 -7.041218 -23.174750
-4.897742 -6.089229 -23.201065
-4.683955 -6.760073 -22.559745
-4.857733 -7.682648 -22.399470
-4.896444 -7.277251 -23.260391
-4.624954 -8.124527 -22.920617
-3.806899 -7.791680 -23.277027
-3.155305 -8.377393 -23.650383
-2.683166 -8.974702 -23.078250
-3.443130 -8.593437 -23.507343
-2.601567 -8.253144 -23.795443
-3.458747 -8.185524 -24.204954
-2.619997 -8.261113 -24.649719
-2.654540 -7.555067 -25.287947
-2.144210 -7.210446 -24.561430
-1.538924 -7.709012 -25.101883
-1.819226 -7.271813 -25.900204
-1.205544 -7.291779 -26.628232
-1.147104 -8.014303 -26.010516
-0.744393 -8.474690 -25.280518
-0.990589 -7.952434 -26.037927
-0.212510 -7.420652 -25.900695
-0.917019 -6.789986 -26.014523
-1.519271 -7.519805 -26.122627
-1.312524 -8.383480 -25.778606
-0.579305 -7.809256 -25.579391
-0.442144 -7.064574 -25.001754
-0.340775 -6.448340 -25.720789
0.572187 -6.379571 -25.983089
0.124362 -6.549906 -25.160004
-0.201759 -5.879890 -24.566915
-0.336184 -5.933009 -25.508264
0.421994 -5.801304 -24.947150
1.160597 -5.470595 -24.445028
0.594981 -5.241596 -25.176238
-0.071842 -4.655862 -24.830852
-0.888875 -4.305193 -25.172199
-0.450474 -4.634505 -24.393490
0.199559 -4.979920 -24.997786
1.031348 -5.435737 -25.083740
0.360855 -5.892821 -24.585199
-0.148765 -5.343059 -25.172632
0.394595 -5.635249 -24.447088
0.678619 -6.155005 -23.701290
0.871778 -6.988434 -24.119756
0.544140 -7.678370 -24.688677
0.044752 -8.339495 -24.219042
0.475659 -8.744467 -23.472486
0.019979 -8.371002 -22.724215
-0.289801 -7.756751 -23.382821
-0.192816 -7.219441 -24.163154
0.478384 -6.628502 -24.490740
0.299743 -6.829375 -25.404395
1.102931 -6.921701 -24.901013
1.404681 -6.527183 -24.088406
1.090158 -7.358734 -23.746900
0.589053 -8.014030 -23.270969
-0.246561 -7.828561 -22.853381
0.504262 -7.632891 -23.405655
0.205801 -8.530513 -23.516219
0.808787 -7.978753 -24.005093
1.744934 -8.033148 -23.838665
1.240646 -8.460270 -23.152889
1.051681 -7.597910 -23.510179
0.924897 -6.959404 -22.815007
1.334523 -7.774227 -22.540599
1.195178 -7.758483 -21.598598
1.403166 -7.074174 -20.969716
2.256743 -7.212303 -21.368910
2.147742 -7.153830 -20.424596
1.724741 -7.390033 -21.244540
1.149219 -6.756123 -21.661628
1.332059 -6.181597 -20.924390
2.043292 -6.212403 -21.557026
1.624660 -6.739247 -22.230979
2.176207 -7.298207 -22.769856
1.781036 -6.862530 -22.020820
1.396010 -7.401796 -21.336733
1.250493 -6.506765 -21.627893
1.629435 -5.697749 -21.297854
1.644958 -6.277769 -20.542629
1.172548 -6.969456 -20.995868
1.477173 -7.722915 -20.499348
0.883377 -7.183200 -21.012324
1.494512 -7.406059 -21.707936
2.282128 -6.947236 -21.983931
2.719923 -7.117371 -21.155428
2.474600 -7.024910 -22.071013
3.111436 -6.337215 -22.239973
3.459724 -5.921954 -23.023097
3.061969 -6.439010 -23.716980
2.628076 -5.597287 -23.818306
2.099470 -4.806297 -23.862357
1.743119 -5.016939 -23.004643
1.097758 -5.188582 -22.325615
0.968035 -4.288331 -22.043217
0.214570 -4.684548 -21.616213
0.644667 -4.043547 -22.174033
0.379503 -3.453916 -22.873357
0.542298 -3.898515 -22.047004
1.115330 -4.310543 -21.407555
1.721465 -4.917122 -20.993197
1.174068 -5.173977 -20.257391
1.641389 -4.499157 -20.740360
2.467479 -4.711903 -20.316871
3.187018 -5.293592 -20.542549
2.715960 -6.067763 -20.835455
2.749083 -5.346644 -20.214230
3.395408 -4.981038 -20.810573
3.605789 -5.902291 -20.929150
2.804510 -6.330348 -21.215069
1.959994 -6.486655 -21.626642
2.623150 -7.072066 -21.979557
1.798607 -7.044780 -21.503728
1.121202 -6.586786 -21.991983
1.193380 -7.520136 -22.167129
0.574776 -7.011802 -22.682836
0.176254 -7.276216 -21.859250
0.210112 -8.225846 -21.923171
0.859222 -7.927418 -22.552954
1.654548 -8.015144 -22.036435
1.064937 -7.630441 -22.677834
0.803084 -8.196213 -23.397810
1.373830 -7.460394 -23.198193
2.244825 -7.305770 -23.551025
1.571984 -7.042928 -22.930357
2.250903 -6.539610 -23.369411
2.685083 -7.061158 -24.037621
2.261053 -6.981254 -23.188596
2.972865 -6.836176 -22.572717
2.259150 -7.401890 -22.851305
1.870966 -6.712125 -22.321618
2.315095 -7.373836 -22.843075
1.830048 -7.053977 -23.597693
2.208549 -6.354347 -24.121414
2.968258 -6.627665 -23.616272
2.017461 -6.671468 -23.649370
1.315558 -6.472570 -23.037159
2.112241 -6.648548 -23.528440
1.413610 -7.034064 -24.048365
1.197334 -7.960661 -24.007477
1.826819 -7.276044 -23.802349
0.982685 -7.113796 -23.392296
0.606753 -6.604939 -22.680419
0.544694 -7.111463 -21.876297
0.429592 -6.781939 -22.762410
-0.150646 -7.286890 -23.323994
-0.453982 -6.505725 -23.776540
-0.456780 -7.176599 -24.452521
-1.120360 -7.858117 -24.499674
-1.950973 -8.323967 -24.489910
-1.273275 -8.037527 -25.094648
-0.502926 -8.349563 -25.559646
-1.111056 -8.441633 -24.832508
-1.959902 -8.791822 -24.579808
-2.742915 -9.047723 -24.101860
-1.928975 -8.635627 -23.828534
-1.188854 -8.596885 -23.230412
-2.078252 -8.412870 -23.517012
-1.495061 -9.137103 -23.722939
-1.211770 -8.239722 -23.869511
-1.800026 -8.890359 -24.240531
-2.456971 -8.678335 -24.896654
-1.938071 -8.080763 -24.366862
-1.791027 -7.408873 -25.025628
-1.418482 -8.177927 -24.605154
-2.059079 -7.477608 -24.684012
-2.506462 -6.953518 -25.341438
-2.357178 -7.694275 -24.761764
-3.292848 -7.530480 -24.830480
-4.024507 -7.192305 -24.323190
-3.629906 -6.544100 -24.898646
-4.487516 -6.344863 -25.261740
-5.074333 -7.034950 -24.967705
-5.707393 -6.341769 -25.128218
-6.450538 -6.837872 -24.798603
-5.826862 -6.220490 -25.168598
-6.012487 -5.609183 -24.462286
-6.544903 -6.299359 -24.845978
-6.090329 -6.021011 -24.056729
-5.728130 -6.715991 -23.515578
-4.907080 -6.288755 -23.291133
-4.844993 -5.421755 -23.680345
-4.577424 -5.022362 -24.502489
-5.311237 -4.416569 -24.542012
-6.001762 -4.097699 -23.968839
-5.938938 -4.424084 -24.861338
-6.522310 -5.044219 -25.288117
-6.010891 -4.325030 -24.929997
-6.400750 -4.995883 -25.482264
-6.840060 -4.216907 -25.809728
-6.602736 -4.827951 -25.118836
-5.887519 -5.456551 -25.099970
-5.665594 -6.177401 -25.681481
-6.295844 -6.074582 -26.388051
-5.764118 -5.304480 -26.211302
-5.734263 -5.437487 -27.153877
-6.492479 -5.667871 -26.625615
-6.132199 -5.391261 -27.462702
-5.365279 -5.025937 -27.893286
-5.246356 -4.430233 -28.626787
-4.595906 -4.053468 -28.041987
-4.984360 -4.488192 -27.288895
-5.429470 -3.823886 -26.771591
-4.916634 -4.116030 -27.519041
-5.324311 -4.637137 -28.204078
-6.166977 -4.263083 -27.965273
-5.777683 -3.878050 -27.186024
-5.415171 -4.040755 -26.320494
-5.622996 -3.128535 -26.498517
-6.060833 -3.969683 -26.410212
-5.364458 -3.320419 -26.386807
-5.137649 -2.396236 -26.348429
-5.888585 -2.150464 -26.880144
-6.443802 -2.907744 -26.721117
-6.061593 -2.734059 -25.866261
-6.846177 -2.278979 -25.575814
-6.203370 -2.664111 -24.988020
-6.786169 -2.109790 -25.498025
-6.221905 -2.256709 -26.251053
-5.556709 -1.937152 -25.649033
-6.375859 -1.547314 -25.938944
-7.239841 -1.486217 -25.542922
-7.861632 -2.008259 -26.040795
-7.190913 -2.568804 -25.662702
-6.907071 -1.940180 -26.319432
-6.323972 -1.189949 -26.254795
-6.132030 -1.951571 -25.716169
-5.625042 -2.129473 -26.502516
-5.387675 -1.840996 -25.626465
-5.981419 -2.480337 -25.244704
-6.680509 -2.450769 -25.890791
-5.819884 -2.721071 -25.585355
-5.759316 -3.261272 -26.367368
-5.540874 -3.896495 -27.042501
-6.476058 -3.747929 -26.940579
-7.156362 -3.598127 -26.291136
-6.906585 -3.640071 -25.373050
-7.447803 -3.882412 -24.627810
-6.789609 -4.328474 -25.152061
-6.852171 -3.710525 -24.430082
-7.370391 -3.500992 -25.201168
-7.067504 -2.647920 -25.497068
-7.793332 -2.713262 -24.883934
-8.643472 -2.316502 -24.720005
-7.879031 -2.868474 -24.854111
-7.177628 -2.712787 -25.479270
-7.728166 -3.342038 -25.023223
-7.052728 -3.862093 -25.447907
-6.856578 -3.034531 -25.876506
-6.255250 -2.960177 -25.141723
-6.998226 -2.973709 -25.737402
-6.781657 -2.364640 -25.038000
-6.290664 -3.155378 -24.836286
-6.993885 -2.710472 -24.373070
-7.371613 -3.200014 -25.097431
-6.776918 -2.728930 -25.673146
-6.769643 -2.252878 -24.848312
-6.726100 -2.188609 -25.797524
-6.039139 -2.797831 -26.050431
-6.530329 -3.548091 -25.729693
-5.809951 -4.057431 -25.371002
-5.939805 -3.267315 -24.855363
-5.324353 -2.635671 -24.495814
-4.678235 -2.441397 -25.167990
-5.269052 -1.925480 -24.627810
-4.593210 -2.547349 -24.879890
-5.017667 -3.120839 -24.249039
-4.671889 -2.313388 -24.617127
-5.187321 -2.874091 -25.188939
-5.411875 -3.613487 -24.632252
-5.378399 -4.432590 -24.147506
-5.549779 -3.519074 -24.355224
-4.892010 -3.390944 -25.031946
-4.787832 -2.721161 -25.700950
-5.601814 -2.411630 -25.315394
-4.991945 -2.345825 -26.043926
-5.408810 -3.088296 -26.470528
-6.145669 -2.488295 -26.534315
-6.818614 -2.997052 -26.092344
-7.332957 -2.197034 -26.042823
-7.727301 -2.602694 -25.276689
-8.017827 -2.020931 -24.580861
-7.240984 -1.470017 -24.574630
-6.649003 -0.797090 -24.252514
-7.476375 -0.707681 -24.715646
-7.945952 -1.534056 -24.655390
-8.478569 -1.094301 -23.999673
-8.891985 -0.530128 -23.353279
-8.098817 -0.774646 -22.886239
-7.478393 -0.209749 -22.435690
-7.910678 -0.096143 -21.594707
-7.596404 -0.464503 -20.774602
-7.607855 0.212941 -21.443906
-7.158349 -0.586190 -21.186298
-7.540962 -0.976746 -20.406489
-8.094049 -1.655277 -20.031362
-7.987833 -2.195844 -19.254487
-8.208816 -1.670733 -20.017674
-7.499096 -2.006850 -19.478830
-7.771464 -2.650521 -20.125772
-7.854958 -1.762742 -19.791249
-8.058782 -2.673402 -19.601030
-7.331084 -2.259115 -19.147323
-7.668243 -1.400728 -19.385071
-7.537999 -2.169265 -19.932260
-7.363094 -2.995470 -19.492006
-7.587873 -3.846120 -19.127454
-7.400779 -3.109021 -19.700787
-6.843650 -3.218423 -18.936151
-7.282881 -3.434505 -19.753105
-7.346723 -2.762544 -20.424985
-6.422082 -2.870630 -20.224023
-6.390501 -2.138845 -19.615317
-5.723129 -2.585526 -19.103341
-5.683300 -2.699700 -20.048014
-5.562687 -1.905990 -20.560367
-5.503900 -2.279242 -21.434585
-6.364294 -2.131466 -21.815258
-5.627498 -1.998553 -21.226620
-6.093826 -2.306165 -20.455293
-5.414874 -1.638378 -20.466056
-6.365774 -1.603702 -20.425851
-6.465948 -0.666371 -20.561524
-5.991639 -0.532858 -19.746518
-5.316740 -1.202461 -19.690198
-4.754962 -0.842027 -19.010844
-4.426230 -1.326730 -19.761862
-5.134516 -1.008901 -19.210187
-4.738713 -1.471282 -19.942698
-3.823391 -1.209166 -19.965318
-3.392981 -0.623610 -20.580868
-3.241715 -1.548478 -20.411262
-3.646123 -1.211595 -21.204984
-2.895429 -1.604540 -20.770148
-3.819398 -1.728190 -20.965136
-4.125395 -2.290409 -21.670335
-5.018446 -2.610296 -21.754961
-5.339239 -2.722807 -22.644603
-5.894695 -3.112142 -23.313121
-5.407806 -3.845072 -22.948730
-4.765558 -3.245854 -23.316811
-3.923444 -3.624892 -23.549631
-4.585147 -3.399461 -24.196439
-4.888066 -2.777527 -23.541866
-5.588706 -2.265692 -23.149235
-5.260699 -1.711812 -23.851130
-5.988142 -1.806643 -23.243790
-5.444781 -2.494863 -23.615465
-4.809997 -2.011650 -24.135641
-4.518429 -1.105292 -24.112568
-5.193647 -0.774156 -23.528224
-5.272887 -0.037374 -22.929973
-5.832969 -0.199631 -22.176972
-5.219504 -0.620040 -21.582038
-5.941070 -0.142206 -21.184487
-5.596287 -1.027614 -21.119629
-5.167177 -1.692130 -21.650017
-6.006890 -1.246000 -21.703689
-6.748924 -1.552992 -21.191662
-7.091572 -0.772146 -21.615809
-7.743778 -0.305943 -22.129923
-6.835914 -0.425868 -21.868328
-6.461789 0.173820 -22.506632
-7.150390 -0.244000 -21.998417
-6.599064 -1.012705 -21.888139
-6.078648 -0.281366 -22.206477
-5.738487 0.183456 -21.448017
-6.044652 0.286160 -20.552057
-6.498102 0.616726 -21.321563
-7.425793 0.735138 -21.501553
-7.113635 0.177029 -22.207316
-6.779164 0.481838 -23.045319
-7.666111 0.168170 -23.193526
-8.317166 0.151626 -23.888424
-7.726972 0.457643 -24.570373
-8.493760 -0.097545 -24.466287
-7.939381 -0.622711 -25.035403
-8.586571 -1.143005 -24.569067
-7.812994 -1.436931 -24.097670
-8.446172 -1.913250 -24.626096
-8.771559 -2.586737 -25.215645
-8.884172 -2.187215 -24.358481
-8.334285 -1.550446 -24.804774
-8.814726 -2.315641 -24.503639
-8.788909 -3.183390 -24.895268
-8.436896 -3.924428 -24.411551
-8.370546 -3.232685 -25.062797
-8.375144 -4.056054 -25.541411
-7.525767 -4.019220 -25.970631
-6.782799 -4.442860 -26.389629
-5.961660 -4.918116 -26.472651
-6.746315 -5.323769 -26.828730
-7.301846 -4.726713 -26.336854
-6.925021 -5.292723 -27.003688
-6.558812 -5.334970 -26.125544
-5.971134 -5.947105 -26.557928
-6.769110 -5.476172 -26.778123
-6.770625 -4.667207 -27.280719
-6.525029 -3.800613 -26.971319
-6.201116 -3.689023 -26.082692
-5.567275 -2.979135 -26.046167
-4.811285 -2.827483 -26.605193
-5.538187 -3.440038 -26.663669
-6.030134 -4.031040 -26.101767
-6.715916 -4.415995 -26.638929
-6.417772 -5.252656 -26.982639
-6.052242 -6.122609 -26.853798
-5.222043 -6.033110 -26.395770
-6.038650 -6.223938 -25.944365
-5.328071 -6.134057 -25.316648
-6.031968 -5.720002 -24.826629
-6.625851 -4.977692 -24.769121
-5.873033 -4.840600 -25.336130
-6.494009 -5.360392 -24.834897
-7.059239 -5.481777 -24.078055
-6.718072 -5.063019 -24.862450
-7.515278 -4.853380 -25.339466
-6.962713 -4.650704 -26.088214
-6.957446 -5.393085 -26.684765
-7.034690 -5.292975 -25.740815
-6.867332 -4.660726 -26.433116
-6.079040 -4.494995 -25.925024
-6.011538 -3.547155 -25.988845
-5.209685 -3.532641 -25.475181
-4.871840 -4.124271 -24.809701
-5.425359 -4.486155 -25.495038
-4.710598 -3.970359 -25.134345
-4.270895 -4.725864 -25.512370
-4.568071 -4.710311 -26.417065
-3.996548 -5.229330 -25.859383
-3.793808 -5.931731 -26.469757
-3.164279 -5.393216 -26.939570
-2.826192 -5.835709 -27.712180
-2.828413 -6.663634 -28.182886
-2.804176 -6.835227 -27.246405
-2.796171 -7.770908 -27.069018
-2.229648 -7.433480 -27.756202
-2.768502 -6.685311 -27.994757
-3.288810 -7.169727 -27.360997
-3.985826 -6.627432 -27.717530
-4.864846 -6.878539 -27.450510
-5.599563 -6.278803 -27.537329
-5.197120 -5.763987 -28.230173
-4.650165 -5.181282 -27.712173
-4.803001 -4.289922 -28.010748
-4.103142 -3.870202 -28.501729
-5.010041 -4.062188 -28.283310
-4.760631 -4.414582 -27.434404
-3.996206 -4.981807 -27.403763
-3.568521 -4.483914 -26.713677
-4.366789 -3.964492 -26.713093
-4.569652 -4.273974 -27.590645
-5.041369 -4.229760 -26.764474
-5.611693 -3.871858 -27.438022
-6.159183 -4.516786 -27.875460
-6.688906 -4.148059 -27.175130
-6.414758 -3.252357 -27.003113
-6.037206 -2.412443 -27.246069
-5.621639 -1.637510 -26.880265
-6.319808 -1.011066 -27.045057
-7.001528 -0.829001 -26.405416
-6.521717 -0.250065 -25.820911
-6.833923 0.314680 -26.521354
-6.737946 0.909689 -25.783938
-6.490570 1.826835 -25.852318
-6.182570 2.700652 -25.631844
-5.521410 2.341793 -25.047790
-5.820531 3.243161 -24.976428
-5.615650 2.673174 -25.711389
-5.320850 2.585739 -24.810012
-4.410392 2.324890 -24.910281
-3.714660 1.881942 -24.434063
-3.182798 2.607042 -24.747724
-3.815099 3.109279 -25.252682
-2.914111 3.286862 -25.505100
-2.123342 2.760516 -25.436750
-1.685928 1.923496 -25.313882
-2.119145 1.126872 -25.604988
-1.345839 0.670156 -25.921907
-1.869438 1.379416 -25.561596
-1.250157 1.697419 -26.211515
-1.509026 1.119942 -25.499801
-1.628695 1.796080 -26.159760
-0.762633 2.091501 -25.895769
-1.422417 2.739333 -26.123865
-0.851303 2.899346 -25.378711
-0.690769 1.987647 -25.602456
-0.078303 2.669985 -25.344911
0.487152 2.263190 -24.695445
0.966708 2.067790 -23.896148
1.854889 1.801184 -24.113139
2.055511 2.485445 -23.481818
1.366018 3.124645 -23.329991
0.967001 3.143114 -22.465427
1.090708 2.632985 -23.260092
1.133370 1.732694 -22.952384
1.845137 1.871166 -23.569831
2.574425 1.322592 -23.297367
2.298128 1.840674 -22.547512
2.688134 1.098491 -22.095750
2.025188 1.626203 -21.660949
1.936090 1.420298 -20.735370
2.755781 1.110530 -20.362302
3.079231 0.216585 -20.305124
2.274110 0.703507 -20.452486
2.172434 1.462003 -19.885588
2.443163 1.245521 -20.772645
2.720953 0.355061 -20.964848
3.359920 0.176366 -20.281606
3.711084 0.979246 -20.654564
4.186289 0.287944 -21.105465
3.649931 0.877033 -20.583619
4.241256 0.222983 -20.943594
3.523402 0.696498 -20.534330
3.305489 1.316506 -19.845030
2.708710 1.139102 -20.565731
1.808275 0.984233 -20.296911
1.924049 0.297077 -19.647727
2.755520 -0.122350 -19.448311
2.090879 0.526258 -19.659475
1.438478 1.216325 -19.731661
2.240254 1.045066 -20.216281
2.807022 1.469319 -19.579247
1.862838 1.369503 -19.504527
2.778871 1.451323 -19.751950
2.402012 1.387480 -20.624263
2.676935 0.742172 -21.268488
2.064730 1.435450 -21.041333
2.271992 2.138803 -21.649089
1.500459 2.282750 -21.109604
0.662405 2.430407 -21.537263
0.534872 3.154889 -20.932374
1.451395 3.413739 -20.935876
1.940449 2.712024 -21.354747
1.664828 2.131399 -22.057552
1.986140 3.024604 -21.980269
1.476790 3.163666 -21.187643
1.751693 2.378700 -21.651633
1.193710 2.986942 -21.176529
1.837321 2.285926 -21.213533
2.571916 2.776830 -20.857990
2.986531 2.505791 -21.671415
2.892906 1.930455 -20.918254
2.013216 2.211258 -21.151331
1.704969 1.914773 -22.002278
0.888239 1.944850 -21.513323
0.870669 1.735380 -20.584430
0.594655 2.121463 -21.410133
-0.093221 2.170382 -22.066990
-0.718716 1.792300 -21.456386
0.083100 2.062116 -21.018986
0.541418 1.755709 -20.242398
-0.075824 1.581073 -19.538449
-0.184438 2.319367 -20.130188
-0.824007 1.774414 -20.578527
-1.456668 2.328165 -20.131169
-1.120189 1.569410 -19.664155
-1.799211 1.421810 -19.012870
-2.260841 1.922166 -18.346858
-2.130829 0.991988 -18.504640
-1.298997 0.572461 -18.702337
-1.181229 0.100742 -19.521264
-0.868106 -0.478075 -18.832820
-1.362067 -0.951611 -18.170404
-2.274094 -1.177008 -18.014095
-2.955345 -0.617522 -18.374516
-3.572275 -0.589563 -17.649502
-4.511084 -0.613427 -17.807925
-5.364659 -1.027200 -17.892957
-4.916374 -0.234883 -18.172786
-4.641722 -0.895065 -17.543694
-5.214197 -1.317083 -16.910289
-4.461610 -1.891306 -17.014739
-3.677313 -1.830547 -16.477879
-3.892832 -2.497696 -17.122466
-3.860266 -1.940079 -16.351083
-3.833436 -2.213019 -17.263121
-4.460797 -2.899219 -17.056781
-5.087668 -3.539265 -17.379899
-4.889985 -2.653588 -17.668909
-4.161574 -3.242240 -17.495889
-3.774970 -3.374446 -18.356171
-4.474548 -3.685730 -18.922495
-5.111868 -3.638668 -18.216352
-5.358990 -4.289565 -17.566511
-4.515498 -4.615198 -17.267323
-4.843946 -5.367877 -17.749636
-5.661006 -4.883447 -17.818703
-4.886062 -5.036017 -17.286524
-5.577377 -4.418675 -17.505615
-4.826980 -4.342628 -16.924110
-4.282656 -5.001561 -17.344286
-4.002353 -4.093792 -17.410730
-3.323814 -4.750207 -17.285293
-3.111538 -4.616762 -18.204076
-2.473039 -5.131497 -18.688221
-2.914432 -4.629452 -19.366567
-3.262561 -5.431024 -18.987990
-3.814201 -6.166097 -19.237769
-2.968569 -5.738578 -19.333485
-3.571618 -6.198570 -18.757492
-2.655307 -6.457222 -18.779890
-1.883889 -5.936789 -18.577175
-1.813848 -5.463279 -19.400530
-1.334976 -6.285444 -19.358609
-1.027058 -7.186010 -19.324025
-1.693588 -7.514944 -18.728567
-1.543043 -6.851634 -18.061943
-2.250541 -7.425837 -18.339010
-2.376747 -6.803328 -19.048647
-2.786407 -6.153284 -19.611365
-2.297180 -5.512826 -19.103920
-2.199429 -5.020054 -19.913025
-1.709007 -5.752195 -19.551797
-0.973728 -5.363423 -19.087846
-1.375799 -5.001809 -19.871812
-1.083167 -4.340363 -20.491397
-0.287064 -3.820877 -20.549584
-0.974664 -4.195347 -20.007357
-0.076172 -4.406756 -19.772734
0.485954 -5.162145 -19.915677
-0.235509 -4.624891 -19.602820
0.427415 -5.300919 -19.705522
0.479230 -4.737419 -18.939485
1.179948 -5.365586 -19.085878
1.345984 -5.802322 -19.915771
2.084072 -6.394525 -19.808300
1.238342 -6.089554 -20.122566
1.654032 -5.971108 -19.273919
2.162214 -6.574630 -19.807342
1.975493 -6.429951 -18.884719
1.351640 -6.802927 -19.500126
1.066972 -6.492050 -18.646107
0.453303 -5.828409 -18.946141
0.981771 -6.384632 -18.381902
0.576199 -6.721981 -19.174831
-0.184755 -6.306076 -18.781129
-0.584820 -5.468475 -18.994205
-0.490102 -4.970218 -19.800306
-0.982947 -5.775691 -19.924186
-1.563417 -6.346483 -20.418434
-1.169854 -7.006167 -19.855446
-1.964571 -6.883059 -20.365640
-1.084834 -6.841254 -20.728053
-1.998477 -6.578074 -20.673089
-2.211291 -7.505914 -20.643895
-2.076921 -6.819373 -21.290143
-2.835590 -6.950509 -21.850729
-3.441895 -7.459837 -21.321571
-3.892486 -6.802520 -21.843043
-4.346403 -6.143549 -22.359517
-4.905812 -5.739794 -23.016079
-4.875777 -6.351324 -22.286587
-5.333676 -5.516334 -22.274313
-5.321079 -5.364835 -21.334144
-6.114523 -5.137661 -21.809401
-5.820312 -5.728054 -22.496355
-5.842590 -5.080533 -23.194388
-6.500925 -5.331973 -23.835014
-6.826495 -5.285133 -24.728792
-7.497257 -5.851817 -24.360041
-7.063632 -6.397784 -23.711256
-6.441767 -6.545670 -23.005252
-6.227268 -7.218084 -22.365815
-6.067695 -7.855468 -23.055240
-5.401650 -7.192013 -23.207691
-5.875788 -6.376390 -23.338001
-5.244044 -6.064395 -23.978772
-4.518546 -6.641070 -24.198158
-4.540124 -6.299178 -25.086794
-4.154033 -6.776567 -24.358740
-3.809629 -6.898969 -23.479290
-3.501572 -7.171871 -24.338158
-3.074335 -7.914276 -24.754490
-3.348530 -8.707621 -24.304546
-2.444383 -8.461116 -24.474202
-3.036716 -8.507231 -23.729861
-3.542848 -8.344646 -24.520067
-3.095675 -8.631063 -23.729478
-2.922588 -8.528642 -22.798575
-3.450138 -8.752996 -23.559091
-2.740530 -8.558589 -24.163815
-3.246840 -8.176090 -23.453622
-2.563590 -8.140997 -24.116168
-1.990324 -8.504798 -24.784033
-1.802093 -7.810021 -24.160429
-2.520039 -7.413097 -24.644200
-3.358900 -7.806576 -24.864465
-2.857844 -8.246624 -24.184517
-3.380194 -8.731480 -23.552778
-2.946847 -8.284652 -22.831956
-2.390718 -8.714747 -23.474429
-1.670348 -8.672646 -22.852880
-2.473053 -9.179079 -22.774025
-2.858999 -8.397366 -22.390619
-2.289465 -8.547371 -23.139057
-3.120649 -9.012289 -23.142948
-3.818735 -8.682264 -23.700432
-4.590346 -8.451397 -23.192153
-5.275882 -8.034504 -23.705250
-5.603425 -7.185324 -23.424826
-5.046742 -7.047409 -22.664488
-4.834250 -6.756859 -21.782752
-5.284190 -6.373771 -22.529630
-5.970579 -6.926236 -22.891131
-6.052770 -7.534027 -22.162527
-5.372999 -8.190857 -22.046269
-4.758649 -8.594329 -22.651919
-5.185261 -8.046788 -21.999822
-4.577736 -7.318166 -22.083797
-3.791562 -7.624225 -22.525711
-3.399806 -6.759146 -22.453644
-3.575328 -7.655421 -22.183622
-4.166786 -8.280408 -22.591787
-3.522473 -7.580625 -22.638642
-3.971281 -7.072095 -21.970063
-3.241757 -7.628710 -22.225020
-2.776740 -8.388813 -22.561223
-3.316648 -8.487319 -23.339571
-2.607877 -7.889663 -23.121669
-2.035299 -7.370949 -23.678551
-1.662542 -8.158124 -23.293278
-0.938990 -8.465042 -22.755408
-0.833939 -8.372189 -23.697411
0.010384 -8.273370 -23.268014
-0.329343 -8.985762 -22.734992
-0.678424 -8.361272 -23.363630
-1.202544 -7.790816 -23.917623
-0.314334 -7.882629 -24.248810
0.363752 -7.930449 -23.581770
1.060616 -8.159894 -24.189031
0.954119 -7.534750 -24.899583
1.552294 -6.825961 -24.683170
1.039772 -6.059813 -24.443650
0.726204 -5.472936 -25.125030
0.922528 -5.560983 -24.197273
0.134953 -5.213714 -24.604902
-0.608707 -5.160650 -25.197509
-0.066111 -4.476758 -25.578181
-0.349690 -3.922441 -26.298837
0.209963 -3.497365 -25.656088
-0.544483 -4.016095 -25.918308
0.261250 -4.103395 -25.418104
0.120919 -3.975749 -26.351401
-0.627591 -4.551596 -26.228272
-0.644252 -3.811396 -26.827318
0.052968 -4.381593 -26.517818
-0.733174 -3.852693 -26.614133
-0.268460 -3.051887 -26.837246
-0.838821 -2.896410 -26.090556
-0.038914 -3.406816 -26.172190
0.611166 -3.236076 -25.497450
0.128915 -2.457937 -25.760058
-0.381306 -1.684052 -25.978704
-0.028150 -1.164690 -26.694646
0.285299 -1.986958 -27.058860
-0.467529 -2.537581 -26.866264
0.121028 -1.858964 -27.182662
0.380817 -1.097690 -27.692567
-0.553597 -1.205587 -27.841761
-0.062927 -2.018807 -27.912084
-0.282209 -2.376890 -27.057262
0.229944 -2.769913 -26.357074
-0.675002 -2.671522 -26.077036
-0.918214 -3.559793 -26.319630
-0.074542 -3.524288 -25.879193
-0.469260 -2.709243 -26.174031
0.300463 -3.266103 -26.107221
0.845403 -3.720328 -25.471808
1.357657 -3.222890 -24.841586
1.714504 -2.701682 -25.554350
1.778838 -3.527909 -26.023647
1.827988 -3.965842 -25.179355
2.542383 -4.581723 -25.311115
2.335014 -4.477411 -26.234774
2.864901 -4.895906 -26.906424
2.310851 -4.413802 -26.300094
2.878170 -4.036657 -25.634557
2.236839 -4.410885 -26.230944
1.662392 -4.078877 -25.547708
2.284652 -3.875329 -24.856050
3.059807 -4.048800 -25.381477
2.424242 -3.610906 -24.823503
1.721320 -3.197475 -24.331563
2.396072 -3.850769 -24.489510
1.873815 -3.779431 -25.282724
1.098274 -4.238051 -24.974124
0.367712 -3.941744 -24.439791
0.149481 -4.573523 -25.118215
-0.091270 -4.172304 -25.947729
0.728569 -4.323348 -26.408248
0.106470 -4.277176 -25.688602
-0.371287 -4.935252 -25.192907
-0.009908 -4.285681 -25.788299
-0.583939 -3.783457 -25.217959
-1.249599 -4.202295 -24.680835
-1.825873 -4.855757 -25.065445
-1.181974 -5.515219 -25.305306
-1.466706 -6.186578 -25.917870
-0.789310 -6.797928 -26.190661
-1.353941 -7.422997 -26.635081
-0.833758 -7.493158 -25.840400
-0.418980 -8.154804 -26.385572
0.277467 -8.035954 -25.746929
0.522383 -7.391853 -26.404332
-0.107955 -7.126172 -27.066991
-0.262270 -6.442473 -27.711795
0.634442 -6.144321 -27.593303
0.341227 -5.499687 -26.956512
0.344066 -6.084728 -26.205015
1.012702 -5.558626 -25.777030
0.545137 -6.243203 -25.308238
1.291024 -6.664138 -24.891709
0.755595 -6.429170 -24.139953
1.239971 -6.291510 -24.948321
1.790624 -5.678322 -25.425617
1.698789 -4.749701 -25.235197
2.277665 -5.191917 -25.848693
2.946998 -5.003170 -26.499383
2.342600 -4.485184 -25.976486
2.346307 -3.588442 -25.655751
2.689359 -4.350412 -25.198865
2.485161 -3.844628 -25.979579
2.107880 -3.112300 -26.457473
2.055524 -3.924321 -25.962591
1.949430 -3.529143 -25.102587
1.216079 -4.033001 -25.442223
0.368419 -4.444099 -25.581861
-0.086771 -3.727973 -26.014290
0.822555 -3.451830 -26.076729
1.091693 -4.329798 -26.329246
1.316035 -5.155147 -25.910319
0.886503 -5.893642 -25.489420
1.282253 -6.680990 -25.128179
1.660864 -6.152241 -25.823958
2.246537 -5.645318 -25.269841
2.019842 -4.888134 -25.801170
2.122686 -4.102763 -26.329985
1.402120 -3.504086 -26.501446
1.708455 -3.330289 -25.616583
2.371794 -2.686863 -25.846832
1.921293 -2.196963 -26.528064
2.198115 -1.889415 -27.385860
2.009190 -2.238076 -26.519966
1.675242 -2.956259 -27.048852
2.316942 -2.602304 -27.657101
1.476936 -2.194798 -27.469062
0.547325 -1.988695 -27.488405
-0.204204 -2.564112 -27.593898
-0.808723 -2.091688 -27.029628
-1.101377 -1.934460 -26.137069
-0.199125 -1.665636 -26.280953
-0.278993 -2.344127 -26.944505
-0.618252 -3.213424 -26.754098
-0.894312 -2.375683 -26.394919
-0.390269 -1.577892 -26.266470
-0.195471 -2.428948 -26.646979
-0.584610 -3.242614 -26.952835
-1.044717 -4.070671 -26.854590
-0.148210 -3.788027 -27.007612
-0.406277 -2.878575 -26.892163
-1.330882 -3.033598 -27.059803
-1.941414 -3.761090 -26.988849
-1.063744 -4.118565 -26.894315
-0.735075 -4.662435 -26.184942
-1.337898 -4.221572 -26.775935
-1.971977 -4.714635 -27.287661
-2.626011 -4.026443 -27.212434
-3.483341 -4.294892 -27.528583
-3.766303 -4.977119 -26.927310
-3.241925 -5.078501 -27.715839
-3.202824 -5.862263 -27.176192
-2.883609 -4.986807 -26.979448
-2.274609 -4.540992 -27.560307
-1.810775 -5.330372 -27.298070
-1.588350 -5.955265 -26.614649
-1.367361 -6.554072 -27.321489
-1.875736 -6.886752 -28.054911
-1.619708 -5.970338 -28.014117
-2.282879 -5.289713 -28.077231
-2.807082 -5.102677 -28.850056
-2.831946 -4.302291 -28.334505
-3.622368 -4.540182 -27.859457
-4.284776 -4.473659 -28.540500
-3.615959 -4.844386 -27.972808
-3.764193 -4.188023 -27.298832
-3.497432 -3.610630 -28.007694
-3.823792 -4.421385 -27.629284
-3.730496 -3.889787 -26.844599
-3.334627 -3.024362 -26.807764
-4.089803 -3.428715 -27.223980
-3.569553 -2.636563 -27.129835
-4.090749 -2.353015 -27.874809
-3.324771 -2.141612 -28.399802
-2.504580 -1.696590 -28.209354
-1.888342 -1.628350 -27.486427
-2.238189 -0.778174 -27.735101
-2.979270 -1.375194 -27.772439
-3.468329 -0.709939 -27.297795
-3.158690 -1.604412 -27.403011
-3.604833 -1.034114 -28.021676
-3.532850 -1.525218 -27.208863
-3.035827 -0.726067 -27.062729
-3.341960 0.128711 -27.350244
-2.540835 -0.067530 -27.826392
-1.787081 0.150041 -27.286442
-1.679401 0.951668 -27.789263
-0.887914 0.439039 -27.922643
-0.129761 -0.074707 -28.183982
-0.105496 -0.866748 -28.712292
-0.891623 -1.256301 -29.082809
-0.586543 -0.448190 -28.681670
-1.126397 0.157036 -29.180959
-1.407405 -0.683358 -29.529961
-1.769966 -1.368871 -30.082816
-1.497805 -1.821984 -29.290574
-1.044048 -2.508073 -28.810560
-1.656272 -2.967170 -28.243602
-0.974373 -3.631185 -28.210051
-0.915609 -4.289733 -27.524566
-1.473611 -3.828584 -26.905693
-0.977790 -3.939160 -26.100110
-1.431384 -4.467334 -26.749968
-0.908081 -4.493050 -27.545281
-1.662403 -4.057875 -27.159729
-1.183068 -3.486651 -26.567302
-2.016896 -3.521241 -26.108430
-1.506640 -2.811882 -26.487215
-1.147541 -3.691849 -26.426090
-1.743036 -3.643288 -25.684432
-2.523120 -3.869237 -25.186993
-3.096387 -3.280815 -25.668817
-3.932130 -3.149928 -25.231289
-3.409213 -2.664796 -24.600230
-2.779250 -2.973195 -23.955973
-3.498192 -3.428346 -23.528200
-2.687565 -3.914091 -23.646369
-2.925107 -4.439094 -24.404639
-3.561590 -3.738444 -24.299725
-2.832126 -3.128394 -24.247257
-3.706061 -2.846677 -24.500047
-3.504313 -3.612977 -23.971736
-3.270878 -4.481612 -24.284802
-3.814646 -5.254513 -24.166610
-4.715971 -5.279052 -23.859950
-4.147458 -5.035424 -24.584152
-4.142116 -4.086028 -24.659298
-4.578013 -3.494581 -24.053316
-5.435421 -3.080755 -24.078419
-5.175152 -2.785326 -24.945605
-4.612400 -3.506290 -24.679993
-4.888315 -4.062877 -23.958112
-5.598043 -3.540937 -23.596318
-4.876719 -3.687355 -24.200705
-4.933695 -4.088296 -23.338712
-5.633963 -3.925390 -22.714120
-6.369947 -3.363913 -22.937951
-5.595721 -3.068708 -22.468423
-4.929278 -3.409783 -21.879736
-5.556394 -4.080107 -22.133548
-5.987848 -4.753112 -22.651177
-5.305716 -5.252514 -23.089726
-5.868731 -4.662981 -23.582162
-5.716433 -3.783154 -23.250894
-6.097273 -2.955719 -23.528998
-6.447371 -3.723925 -23.088179
-5.811156 -3.021474 -23.182115
-5.351687 -2.253790 -23.508576
-5.250844 -3.092012 -23.949306
-5.563306 -2.866167 -24.820162
-5.539430 -3.547266 -24.154909
-6.272202 -3.178730 -24.638907
-6.903333 -2.515546 -24.376437
-6.368032 -2.927022 -23.704746
-6.846930 -3.722857 -23.915303
-7.081342 -3.646245 -22.995406
-7.776070 -3.162334 -22.559273
-8.594984 -3.582934 -22.803213
-8.323253 -3.285262 -23.666106
-8.402859 -4.174638 -23.334891
-7.985952 -3.611591 -22.689759
-7.337981 -4.284326 -22.875747
-6.598569 -4.032356 -22.330945
-5.786191 -3.554853 -22.469015
-5.479902 -3.384110 -21.583542
-5.664010 -2.636345 -21.023203
-5.815544 -3.116610 -20.214863
-6.176105 -3.801319 -19.659707
-5.772549 -4.521129 -20.135150
-5.147499 -5.144855 -19.778348
-5.052324 -4.359554 -20.308699
-4.983256 -4.645300 -19.402825
-4.304358 -3.984283 -19.498650
-4.655842 -4.632205 -20.101712
-4.817818 -5.345337 -19.491601
-5.331271 -5.561603 -20.264015
-4.984879 -6.145095 -20.932279
-4.066649 -6.133541 -20.679794
-4.568556 -5.467903 -20.219310
-5.400481 -5.430609 -19.757208
-6.186680 -4.895240 -19.709222
-5.507201 -4.970216 -20.372333
-6.310633 -5.184945 -19.908203
-6.893492 -4.442063 -19.783976
-6.348406 -5.119619 -20.172342
-6.673831 -5.763150 -19.550252
-6.143552 -5.587580 -18.778884
-5.744847 -6.292549 -19.279965
-5.688993 -6.886313 -20.022497
